  0.0000000000000000e+000	 -6.3089193319035394e+002	 -3.3843003225857336e+002	
  3.0000000000000000e+001	 -6.0462803629012546e+002	 -2.9902376680927557e+002	
  6.0000000000000000e+001	 -5.4976967773106833e+002	 -2.7698298191321294e+002	
  9.0000000000000000e+001	 -6.1681878817466145e+002	 -3.0592542082970135e+002	
  1.2000000000000000e+002	 -6.2927845463284109e+002	 -3.0637069196750753e+002	
  1.5000000000000000e+002	 -6.1332291277431079e+002	 -3.0369908732720717e+002	
  1.8000000000000000e+002	 -6.0023578298561426e+002	 -2.9301263900689997e+002	
  2.1000000000000000e+002	 -5.6832471821205047e+002	 -2.7831879286554789e+002	
  2.4000000000000000e+002	 -5.7289623887299183e+002	 -2.8399594771596367e+002	
  2.7000000000000000e+002	 -5.6662160448911891e+002	 -2.7397742628127475e+002	
  3.0000000000000000e+002	 -6.1108196391398053e+002	 -2.9724268500090062e+002	
  3.3000000000000000e+002	 -6.0471767846986916e+002	 -2.9479370865221722e+002	
  3.6000000000000000e+002	 -5.9055489872186718e+002	 -2.8811472516999117e+002	
  3.9000000000000000e+002	 -5.9629172820504698e+002	 -2.9045235619137213e+002	
  4.2000000000000000e+002	 -5.9629172820504698e+002	 -2.9746532839286903e+002	
  4.5000000000000000e+002	 -6.0740681472857318e+002	 -3.0603675507846202e+002	
  4.8000000000000000e+002	 -6.1338267274829229e+002	 -3.0667285159373097e+002	
  5.1000000000000000e+002	 -6.3131024680744929e+002	 -3.0858114113953758e+002	
  5.4000000000000000e+002	 -6.3928203581225841e+002	 -3.0084936267419772e+002	
  5.7000000000000000e+002	 -6.3393962078582649e+002	 -2.9290133453912279e+002	
  6.0000000000000000e+002	 -6.2320438135750919e+002	 -2.9343697696321169e+002	
  6.3000000000000000e+002	 -6.1127633754826775e+002	 -2.9403213521219936e+002	
  6.6000000000000000e+002	 -5.9934829373902619e+002	 -2.9462729346118709e+002	
  6.9000000000000000e+002	 -5.7979835316470997e+002	 -2.9176589898591754e+002	
  7.2000000000000000e+002	 -6.1429100044746099e+002	 -2.9946904285375831e+002	
  7.5000000000000000e+002	 -6.2942187009572933e+002	 -2.9831133172284603e+002	
  7.8000000000000000e+002	 -6.0699448477609144e+002	 -2.8584382811564245e+002	
  8.1000000000000000e+002	 -6.1215762092478849e+002	 -2.9535029794374225e+002	
  8.4000000000000000e+002	 -6.2115726374289306e+002	 -3.1710166747386631e+002	
  8.7000000000000000e+002	 -6.3739964414933252e+002	 -3.0055995093416385e+002	
  9.0000000000000000e+002	 -5.9394320671376158e+002	 -2.8655625309559872e+002	
  9.3000000000000000e+002	 -6.1846812706273249e+002	 -2.9675290349812650e+002	
  9.6000000000000000e+002	 -6.4256278345267071e+002	 -3.0024826558911673e+002	
  9.9000000000000000e+002	 -6.4048318321001784e+002	 -3.0267497487677400e+002	
  1.0200000000000000e+003	 -6.3971229476158442e+002	 -2.9860077273175011e+002	
  1.0500000000000000e+003	 -6.3101743122743244e+002	 -2.9762118635365965e+002	
  1.0800000000000000e+003	 -6.1303607825116489e+002	 -2.9477145513533031e+002	
  1.1100000000000000e+003	 -6.1692635537067395e+002	 -2.9824454186863886e+002	
  1.1400000000000000e+003	 -6.1859362066220626e+002	 -2.9586235838280231e+002	
  1.1700000000000000e+003	 -6.1769724457123777e+002	 -2.9784380670801238e+002	
  1.2000000000000000e+003	 -6.0373166651991085e+002	 -2.9539483069199184e+002	
  1.2300000000000000e+003	 -6.2960114851173421e+002	 -3.0104973901047634e+002	
  1.2600000000000000e+003	 -6.2761118346032310e+002	 -2.9742080239931875e+002	
  1.2900000000000000e+003	 -6.1463162743427984e+002	 -2.9234474067440135e+002	
  1.3200000000000000e+003	 -5.8076645336050819e+002	 -2.8842639579147192e+002	
  1.3500000000000000e+003	 -5.9354880800155172e+002	 -2.7424458163449100e+002	
  1.3800000000000000e+003	 -5.8046167494574115e+002	 -2.8457481051505056e+002	
  1.4100000000000000e+003	 -5.7199986409601127e+002	 -2.8568798173142432e+002	
  1.4400000000000000e+003	 -5.9109273284226606e+002	 -2.8163604296860910e+002	
  1.4700000000000000e+003	 -5.8818846352572984e+002	 -2.9011840998106561e+002	
  1.5000000000000000e+003	 -5.8628814132656714e+002	 -2.8911654846405753e+002	
  1.5300000000000000e+003	 -5.9146921169399684e+002	 -2.9724269740876434e+002	
  1.5600000000000000e+003	 -5.9890914915553526e+002	 -2.9653027064815763e+002	
  1.5900000000000000e+003	 -5.9919599157603147e+002	 -3.0024824563472487e+002	
  1.6200000000000000e+003	 -5.9277792381399524e+002	 -2.9459335446012693e+002	
  1.6500000000000000e+003	 -5.7146204091197490e+002	 -2.9430392834689053e+002	
  1.6800000000000000e+003	 -5.7040431181494364e+002	 -2.9572878064645136e+002	
  1.7100000000000000e+003	 -5.8232614942759551e+002	 -2.9848944348016391e+002	
  1.7400000000000000e+003	 -5.9077003432165134e+002	 -3.0098294308505785e+002	
  1.7700000000000000e+003	 -5.6500811256958877e+002	 -2.9085309310386930e+002	
  1.8000000000000000e+003	 -5.5790879177612612e+002	 -2.8657852137548917e+002	
  1.8300000000000000e+003	 -5.6454199137083799e+002	 -2.8922787602729994e+002	
  1.8600000000000000e+003	 -5.7305759520659353e+002	 -2.9207759008626880e+002	
  1.8900000000000000e+003	 -5.6827093172285254e+002	 -2.9120931423594919e+002	
  1.9200000000000000e+003	 -5.8298947143216424e+002	 -2.9735402411524899e+002	
  1.9500000000000000e+003	 -5.8175246347191035e+002	 -2.9811097102084352e+002	
  1.9800000000000000e+003	 -6.3472843297458735e+002	 -2.3895708064185024e+002	
  2.0100000000000000e+003	 -6.3693352268936701e+002	 -2.4229658707182156e+002	
  2.0400000000000000e+003	 -5.8809882479413079e+002	 -2.9831134069715762e+002	
  2.0700000000000000e+003	 -5.8757893040015085e+002	 -2.8297184766936732e+002	
  2.1000000000000000e+003	 -5.8300739574266174e+002	 -2.9889018456148943e+002	
  2.1300000000000000e+003	 -5.8125049951884739e+002	 -2.8430764057806533e+002	
  2.1600000000000000e+003	 -5.7243013193885326e+002	 -2.8967313948094522e+002	
  2.1900000000000000e+003	 -5.7728850472505724e+002	 -2.9205531673956682e+002	
  2.2200000000000000e+003	 -5.8316875028260370e+002	 -2.8780301421469846e+002	
  2.2500000000000000e+003	 -5.8512285166216429e+002	 -2.9365827662268401e+002	
  2.2800000000000000e+003	 -5.8422646395390768e+002	 -2.9621857591295401e+002	
  2.3100000000000000e+003	 -5.8682596556138651e+002	 -2.9900151160291796e+002	
  2.3400000000000000e+003	 -5.9987723298645369e+002	 -3.0329834099084064e+002	
  2.3700000000000000e+003	 -5.9896292949898839e+002	 -3.0494583844615408e+002	
  2.4000000000000000e+003	 -5.9702675950434764e+002	 -3.0492356800728049e+002	
  2.4300000000000000e+003	 -5.9415834756526272e+002	 -3.0296440751426104e+002	
  2.4600000000000000e+003	 -5.9362051301381507e+002	 -3.0214064732266121e+002	
  2.4900000000000000e+003	 -5.9867609712791023e+002	 -3.0122786055130257e+002	
  2.5200000000000000e+003	 -6.1448821371184499e+002	 -3.0109426822188721e+002	
  2.5500000000000000e+003	 -6.1163773021857219e+002	 -3.0525751790033644e+002	
  2.5800000000000000e+003	 -6.0450255554970352e+002	 -3.0162859311838503e+002	
  2.6100000000000000e+003	 -5.9476787842206738e+002	 -3.0225196263367189e+002	
  2.6400000000000000e+003	 -5.9328478142209747e+002	 -3.0920566683013487e+002	
  2.6700000000000000e+003	 -5.9157351565290151e+002	 -3.1722917167220754e+002	
  2.7000000000000000e+003	 -5.8158215118442183e+002	 -3.1062300729679680e+002	
  2.7300000000000000e+003	 -5.9257175525235709e+002	 -3.0654880619089579e+002	
  2.7600000000000000e+003	 -5.9864919815408325e+002	 -3.0703860877192272e+002	
  2.7900000000000000e+003	 -5.9230283687802705e+002	 -3.0354324032000864e+002	
  2.8200000000000000e+003	 -5.9278688009456005e+002	 -3.0457849997310535e+002	
  2.8500000000000000e+003	 -5.8640467628469219e+002	 -3.0343192258732046e+002	
  2.8800000000000000e+003	 -5.9466928207820536e+002	 -3.0468981987502195e+002	
  2.9100000000000000e+003	 -5.9065350507157677e+002	 -3.0666013221189826e+002	
  2.9400000000000000e+003	 -5.9109273129161829e+002	 -3.1015548958867936e+002	
  2.9700000000000000e+003	 -5.9109273129161829e+002	 -3.1015548958867936e+002	
  3.0000000000000000e+003	 -5.9109273129161829e+002	 -3.1015548958867936e+002	
  3.0300000000000000e+003	 -5.9109273129161829e+002	 -3.1015548958867936e+002	
  3.0600000000000000e+003	 -5.9109273129161829e+002	 -3.1015548958867936e+002	
  3.0900000000000000e+003	 -5.9109273129161829e+002	 -3.1015548958867936e+002	
  3.1200000000000000e+003	 -5.9109273129161829e+002	 -3.1015548958867936e+002	
  3.1500000000000000e+003	 -5.9109273129161829e+002	 -3.1015548958867936e+002	
  3.1800000000000000e+003	 -5.9109273129161829e+002	 -3.1015548958867936e+002	
  3.2100000000000000e+003	 -5.9109273129161829e+002	 -3.1015548958867936e+002	
  3.2400000000000000e+003	 -5.9109273129161829e+002	 -3.1015548958867936e+002	
  3.2700000000000000e+003	 -5.6362769530783123e+002	 -2.9742080265038743e+002	
  3.3000000000000000e+003	 -5.8716659926034458e+002	 -3.3275284752043501e+002	
  3.3300000000000000e+003	 -6.0731718278127494e+002	 -3.2919070466066705e+002	
  3.3600000000000000e+003	 -6.0731718278127494e+002	 -3.2919070466066705e+002	
  3.3900000000000000e+003	 -6.0731718278127494e+002	 -3.2919070466066705e+002	
  3.4200000000000000e+003	 -6.0731718278127494e+002	 -3.2919070466066705e+002	
  3.4500000000000000e+003	 -6.0731718278127494e+002	 -3.2919070466066705e+002	
  3.4800000000000000e+003	 -6.0731718278127494e+002	 -3.2919070466066705e+002	
  3.5100000000000000e+003	 -6.0731718278127494e+002	 -3.2919070466066705e+002	
  3.5400000000000000e+003	 -6.0731718278127494e+002	 -3.2919070466066705e+002	
  3.5700000000000000e+003	 -6.0731718278127494e+002	 -3.2919070466066705e+002	
  3.6000000000000000e+003	 -6.0731718278127494e+002	 -3.2919070466066705e+002	
  3.6300000000000000e+003	 -6.0731718278127494e+002	 -3.2919070466066705e+002	
  3.6600000000000000e+003	 -6.0731718278127494e+002	 -3.2919070466066705e+002	
  3.6900000000000000e+003	 -6.0731718278127494e+002	 -3.2919070466066705e+002	
  3.7200000000000000e+003	 -6.0731718278127494e+002	 -3.2919070466066705e+002	
  3.7500000000000000e+003	 -6.0731718278127494e+002	 -3.2919070466066705e+002	
  3.7800000000000000e+003	 -6.0731718278127494e+002	 -3.2919070466066705e+002	
  3.8100000000000000e+003	 -6.0731718278127494e+002	 -3.2919070466066705e+002	
  3.8400000000000000e+003	 -5.9253366248252598e+002	 -3.0379745460938034e+002	
  3.8700000000000000e+003	 -5.6833367943495284e+002	 -2.7246350782933018e+002	
  3.9000000000000000e+003	 -5.2874960885554776e+002	 -2.4628172221042786e+002	
  3.9300000000000000e+003	 -5.0013720829249570e+002	 -2.1702758285592336e+002	
  3.9600000000000000e+003	 -4.6741939684984010e+002	 -1.9478642048400187e+002	
  3.9900000000000000e+003	 -4.7442011416414425e+002	 -1.5492378959541054e+002	
  4.0200000000000000e+003	 -5.0060331754533684e+002	 -9.8074124401843008e+001	
  4.0500000000000000e+003	 -4.7701960856763901e+002	 -5.7833005839476513e+001	
  4.0800000000000000e+003	 -4.3921932573818594e+002	 -3.5324645915308835e+001	
  4.1100000000000000e+003	 -3.8373349452345337e+002	 -4.0845947629843870e+001	
  4.1400000000000000e+003	 -3.5087226181067973e+002	 -1.6122367510244793e+001	
  4.1700000000000000e+003	 -3.1908667137716373e+002	  1.3877631592911092e+001	
  4.2000000000000000e+003	 -2.8918349253364534e+002	  4.3009106269390564e+001	
  4.2300000000000000e+003	 -2.5806121684041892e+002	  6.4359728715546566e+001	
  4.2600000000000000e+003	 -2.2597983167499370e+002	  8.6211338738915330e+001	
  4.2900000000000000e+003	 -1.9326202149516331e+002	  1.1424095647477921e+002	
  4.3200000000000000e+003	 -1.5798056811435197e+002	  1.3919824083594523e+002	
  4.3500000000000000e+003	 -1.1594042283961910e+002	  1.6662678953370363e+002	
  4.3800000000000000e+003	 -1.3073960969092039e+002	  2.0567681072692289e+002	
  4.4100000000000000e+003	 -1.4990420411020585e+002	  2.4809976390586044e+002	
  4.4400000000000000e+003	 -1.6653200631073804e+002	  2.8729452122567716e+002	
  4.4700000000000000e+003	 -1.4803973713253066e+002	  3.2794752004178497e+002	
  4.5000000000000000e+003	 -1.3241585841781750e+002	  3.6872298290397123e+002	
  4.5300000000000000e+003	 -1.2104978689059089e+002	  3.8953927323971868e+002	
  4.5600000000000000e+003	 -1.4534163723786986e+002	  4.2829989175307793e+002	
  4.5900000000000000e+003	 -1.4604077928311810e+002	  4.1997336292547669e+002	
  4.6200000000000000e+003	 -1.4604077928311810e+002	  4.1997336292547669e+002	
  4.6500000000000000e+003	 -1.4604077928311810e+002	  4.1997336292547669e+002	
  4.6800000000000000e+003	 -1.4604077928311810e+002	  4.1997336292547669e+002	
  4.7100000000000000e+003	 -1.4604077928311810e+002	  4.1997336292547669e+002	
  4.7400000000000000e+003	 -1.4604077928311810e+002	  4.1997336292547669e+002	
  4.7700000000000000e+003	 -1.4604077928311810e+002	  4.1997336292547669e+002	
  4.8000000000000000e+003	 -1.4604077928311810e+002	  4.1997336292547669e+002	
  4.8300000000000000e+003	 -1.4604077928311810e+002	  4.1997336292547669e+002	
  4.8600000000000000e+003	 -1.4604077928311810e+002	  4.1997336292547669e+002	
  4.8900000000000000e+003	 -1.4604077928311810e+002	  4.1997336292547669e+002	
  4.9200000000000000e+003	 -1.4604077928311810e+002	  4.1997336292547669e+002	
  4.9500000000000000e+003	 -1.4604077928311810e+002	  4.1997336292547669e+002	
  4.9800000000000000e+003	 -1.4604077928311810e+002	  4.1997336292547669e+002	
  5.0100000000000000e+003	 -1.4604077928311810e+002	  4.1997336292547669e+002	
  5.0400000000000000e+003	 -1.4604077928311810e+002	  4.1997336292547669e+002	
  5.0700000000000000e+003	 -1.4604077928311810e+002	  4.1997336292547669e+002	
  5.1000000000000000e+003	 -1.4604077928311810e+002	  4.1997336292547669e+002	
  5.1300000000000000e+003	 -1.4604077928311810e+002	  4.1997336292547669e+002	
  5.1600000000000000e+003	 -1.4604077928311810e+002	  4.1997336292547669e+002	
  5.1900000000000000e+003	 -1.4604077928311810e+002	  4.1997336292547669e+002	
  5.2200000000000000e+003	 -1.4604077928311810e+002	  4.1997336292547669e+002	
  5.2500000000000000e+003	 -1.4604077928311810e+002	  4.1997336292547669e+002	
  5.2800000000000000e+003	 -1.4604077928311810e+002	  4.1997336292547669e+002	
  5.3100000000000000e+003	 -1.4604077928311810e+002	  4.1997336292547669e+002	
  5.3400000000000000e+003	 -1.4604077928311810e+002	  4.1997336292547669e+002	
  5.3700000000000000e+003	 -1.4604077928311810e+002	  4.1997336292547669e+002	
  5.4000000000000000e+003	 -1.4604077928311810e+002	  4.1997336292547669e+002	
  5.4300000000000000e+003	 -1.4604077928311810e+002	  4.1997336292547669e+002	
  5.4600000000000000e+003	 -1.4604077928311810e+002	  4.1997336292547669e+002	
  5.4900000000000000e+003	 -1.4604077928311810e+002	  4.1997336292547669e+002	
  5.5200000000000000e+003	 -1.4604077928311810e+002	  4.1997336292547669e+002	
  5.5500000000000000e+003	 -1.4604077928311810e+002	  4.1997336292547669e+002	
  5.5800000000000000e+003	 -1.4604077928311810e+002	  4.1997336292547669e+002	
  5.6100000000000000e+003	 -1.4604077928311810e+002	  4.1997336292547669e+002	
  5.6400000000000000e+003	 -1.4604077928311810e+002	  4.1997336292547669e+002	
  5.6700000000000000e+003	 -1.4604077928311810e+002	  4.1997336292547669e+002	
  5.7000000000000000e+003	 -1.4604077928311810e+002	  4.1997336292547669e+002	
  5.7300000000000000e+003	 -1.4604077928311810e+002	  4.1997336292547669e+002	
  5.7600000000000000e+003	 -1.4604077928311810e+002	  4.1997336292547669e+002	
  5.7900000000000000e+003	 -1.4604077928311810e+002	  4.1997336292547669e+002	
  5.8200000000000000e+003	 -1.4604077928311810e+002	  4.1997336292547669e+002	
  5.8500000000000000e+003	 -1.4604077928311810e+002	  4.1997336292547669e+002	
  5.8800000000000000e+003	 -1.4604077928311810e+002	  4.1997336292547669e+002	
  5.9100000000000000e+003	 -1.4604077928311810e+002	  4.1997336292547669e+002	
  5.9400000000000000e+003	 -1.4604077928311810e+002	  4.1997336292547669e+002	
  5.9700000000000000e+003	 -1.4604077928311810e+002	  4.1997336292547669e+002	
  6.0000000000000000e+003	 -1.4604077928311810e+002	  4.1997336292547669e+002	
  6.0300000000000000e+003	 -1.4604077928311810e+002	  4.1997336292547669e+002	
  6.0600000000000000e+003	 -1.4604077928311810e+002	  4.1997336292547669e+002	
  6.0900000000000000e+003	 -1.4604077928311810e+002	  4.1997336292547669e+002	
  6.1200000000000000e+003	 -1.4604077928311810e+002	  4.1997336292547669e+002	
  6.1500000000000000e+003	 -1.4604077928311810e+002	  4.1997336292547669e+002	
  6.1800000000000000e+003	 -1.4604077928311810e+002	  4.1997336292547669e+002	
  6.2100000000000000e+003	 -1.4604077928311810e+002	  4.1997336292547669e+002	
  6.2400000000000000e+003	 -1.4604077928311810e+002	  4.1997336292547669e+002	
  6.2700000000000000e+003	 -1.4604077928311810e+002	  4.1997336292547669e+002	
  6.3000000000000000e+003	 -1.4604077928311810e+002	  4.1997336292547669e+002	
  6.3300000000000000e+003	 -1.4604077928311810e+002	  4.1997336292547669e+002	
  6.3600000000000000e+003	 -1.4604077928311810e+002	  4.1997336292547669e+002	
  6.3900000000000000e+003	 -1.4604077928311810e+002	  4.1997336292547669e+002	
  6.4200000000000000e+003	 -1.4604077928311810e+002	  4.1997336292547669e+002	
  6.4500000000000000e+003	 -1.4604077928311810e+002	  4.1997336292547669e+002	
  6.4800000000000000e+003	 -1.4604077928311810e+002	  4.1997336292547669e+002	
  6.5100000000000000e+003	 -1.4604077928311810e+002	  4.1997336292547669e+002	
  6.5400000000000000e+003	 -1.4604077928311810e+002	  4.1997336292547669e+002	
  6.5700000000000000e+003	 -1.4604077928311810e+002	  4.1997336292547669e+002	
  6.6000000000000000e+003	 -1.4604077928311810e+002	  4.1997336292547669e+002	
  6.6300000000000000e+003	 -1.4604077928311810e+002	  4.1997336292547669e+002	
  6.6600000000000000e+003	 -1.4604077928311810e+002	  4.1997336292547669e+002	
  6.6900000000000000e+003	 -1.4604077928311810e+002	  4.1997336292547669e+002	
  6.7200000000000000e+003	 -1.4604077928311810e+002	  4.1997336292547669e+002	
  6.7500000000000000e+003	 -1.4604077928311810e+002	  4.1997336292547669e+002	
  6.7800000000000000e+003	 -1.4604077928311810e+002	  4.1997336292547669e+002	
  6.8100000000000000e+003	 -1.4604077928311810e+002	  4.1997336292547669e+002	
  6.8400000000000000e+003	 -1.4604077928311810e+002	  4.1997336292547669e+002	
  6.8700000000000000e+003	 -1.4604077928311810e+002	  4.1997336292547669e+002	
  6.9000000000000000e+003	 -1.4604077928311810e+002	  4.1997336292547669e+002	
  6.9300000000000000e+003	 -1.4604077928311810e+002	  4.1997336292547669e+002	
  6.9600000000000000e+003	 -1.4604077928311810e+002	  4.1997336292547669e+002	
  6.9900000000000000e+003	 -1.4604077928311810e+002	  4.1997336292547669e+002	
  7.0200000000000000e+003	 -1.4604077928311810e+002	  4.1997336292547669e+002	
  7.0500000000000000e+003	 -1.4604077928311810e+002	  4.1997336292547669e+002	
  7.0800000000000000e+003	 -1.4604077928311810e+002	  4.1997336292547669e+002	
  7.1100000000000000e+003	 -1.4604077928311810e+002	  4.1997336292547669e+002	
  7.1400000000000000e+003	 -1.4604077928311810e+002	  4.1997336292547669e+002	
  7.1700000000000000e+003	 -1.4604077928311810e+002	  4.1997336292547669e+002	
  7.2000000000000000e+003	 -1.4604077928311810e+002	  4.1997336292547669e+002	
  7.2300000000000000e+003	 -1.4604077928311810e+002	  4.1997336292547669e+002	
  7.2600000000000000e+003	 -1.4604077928311810e+002	  4.1997336292547669e+002	
  7.2900000000000000e+003	 -1.4604077928311810e+002	  4.1997336292547669e+002	
  7.3200000000000000e+003	 -1.4604077928311810e+002	  4.1997336292547669e+002	
  7.3500000000000000e+003	 -1.4604077928311810e+002	  4.1997336292547669e+002	
  7.3800000000000000e+003	 -1.4604077928311810e+002	  4.1997336292547669e+002	
  7.4100000000000000e+003	 -1.4604077928311810e+002	  4.1997336292547669e+002	
  7.4400000000000000e+003	 -1.4604077928311810e+002	  4.1997336292547669e+002	
  7.4700000000000000e+003	 -1.5036505859705522e+002	  4.0876480580900193e+002	
  7.5000000000000000e+003	 -1.5970158423545385e+002	  3.7081573992228550e+002	
  7.5300000000000000e+003	 -1.5318495688813113e+002	  3.7802908914727743e+002	
  7.5600000000000000e+003	 -1.5455643357059222e+002	  3.7767287777693508e+002	
  7.5900000000000000e+003	 -1.4040743209131955e+002	  3.8578789282748352e+002	
  7.6200000000000000e+003	 -1.2468631933657211e+002	  3.9480457621698179e+002	
  7.6500000000000000e+003	 -1.0896520658182470e+002	  4.0382125960648006e+002	
  7.6800000000000000e+003	 -9.3244093827077265e+001	  4.1283794299597838e+002	
  7.7100000000000000e+003	 -1.2070915920679303e+002	  3.9680828454264810e+002	
  7.7400000000000000e+003	 -1.3412794439066019e+002	  3.9872294232904994e+002	
  7.7700000000000000e+003	 -1.4306481631516701e+002	  4.1477485720893435e+002	
  7.8000000000000000e+003	 -1.4751085553492021e+002	  4.2086389395347999e+002	
  7.8300000000000000e+003	 -1.3799134161251666e+002	  4.2580638563808486e+002	
  7.8600000000000000e+003	 -1.2211648758135030e+002	  4.0797339133584057e+002	
  7.8900000000000000e+003	 -1.5032550404102659e+002	  3.9894557537174785e+002	
  7.9200000000000000e+003	 -1.7612328464561546e+002	  4.0313108963095232e+002	
  7.9500000000000000e+003	 -3.0642085294859760e+002	  3.4773970417485361e+002	
  7.9800000000000000e+003	 -3.3419962020989516e+002	  3.3744287443987429e+002	
  8.0100000000000000e+003	 -2.2633840655631064e+002	  3.9211070395222328e+002	
  8.0400000000000000e+003	 -2.1436275833164527e+002	  3.9307916495857336e+002	
  8.0700000000000000e+003	 -1.9205190857098782e+002	  4.0801791498039631e+002	
  8.1000000000000000e+003	 -1.0226171549927236e+002	  4.2579526695841423e+002	
  8.1300000000000000e+003	 -5.9782362312938815e+001	  4.3814031912241319e+002	
  8.1600000000000000e+003	  7.9577610530603920e+001	  4.8064118511707528e+002	
  8.1900000000000000e+003	 -1.2787120943509463e+002	  4.0729435183039766e+002	
  8.2200000000000000e+003	 -1.3283711644577403e+002	  4.0876374187237133e+002	
  8.2500000000000000e+003	 -1.3202145900326670e+002	  4.1097895116378675e+002	
  8.2800000000000000e+003	 -1.5019104130108369e+002	  4.2529432338823625e+002	
  8.3100000000000000e+003	 -1.6637069110654906e+002	  4.2602902136033174e+002	
  8.3400000000000000e+003	 -1.6650513403085498e+002	  4.1727950277307355e+002	
  8.3700000000000000e+003	 -3.5349865364785256e+002	  3.9070809981075729e+002	
  8.4000000000000000e+003	 -2.1687262141790461e+002	  4.0787320619997161e+002	
  8.4300000000000000e+003	 -1.5083643471399995e+002	  4.0324240816261744e+002	
  8.4600000000000000e+003	 -4.9680063589942435e+001	  4.5797703529920472e+002	
  8.4900000000000000e+003	 -9.3737140496440446e+001	  4.1366168355678576e+002	
  8.5200000000000000e+003	 -1.3411894786586876e+002	  3.9697526147178689e+002	
  8.5500000000000000e+003	 -1.7931435708236168e+002	  3.6965804350990146e+002	
  8.5800000000000000e+003	 -2.4560454018633598e+002	  3.4462653643674940e+002	
  8.6100000000000000e+003	 -2.2782637829854988e+002	  3.4218499333852623e+002	
  8.6400000000000000e+003	 -2.7251980211890032e+002	  3.1834084608901054e+002	
  8.6700000000000000e+003	 -2.6355136337909141e+002	  3.2168903414598907e+002	
  8.7000000000000000e+003	 -2.4113026652956907e+002	  3.3005950428843533e+002	
  8.7300000000000000e+003	 -2.1870916968004673e+002	  3.3842997443088166e+002	
  8.7600000000000000e+003	 -1.9628807283052438e+002	  3.4680044457332787e+002	
  8.7900000000000000e+003	 -1.7386697598100201e+002	  3.5517091471577419e+002	
  8.8200000000000000e+003	 -1.5340902287682448e+002	  3.6282318040600614e+002	
  8.8500000000000000e+003	 -1.6343361959244436e+002	  3.6297134687240964e+002	
  8.8800000000000000e+003	 -2.0479068422713885e+002	  3.6210767025976247e+002	
  8.9100000000000000e+003	 -2.2169515528626380e+002	  3.5997344536026031e+002	
  8.9400000000000000e+003	 -8.1322253801627440e+001	  4.1529804578046196e+002	
  8.9700000000000000e+003	 -1.1474971204615504e+002	  4.1395296696581573e+002	
  9.0000000000000000e+003	 -1.7649973944359130e+002	  4.1948357302189271e+002	
  9.0300000000000000e+003	 -1.5579342245171159e+002	  4.5483788769623334e+002	
  9.0600000000000000e+003	 -1.4844309563479220e+002	  4.2792140853037444e+002	
  9.0900000000000000e+003	 -1.4012472248390114e+002	  4.0211811802731910e+002	
  9.1200000000000000e+003	 -1.2435176558758923e+002	  3.8775325146689164e+002	
  9.1500000000000000e+003	 -1.9475897216001101e+002	  3.6372483959937864e+002	
  9.1800000000000000e+003	 -1.5715591323818768e+002	  3.8168028872242985e+002	
  9.2100000000000000e+003	 -1.7107580253509994e+002	  3.9677991090763612e+002	
  9.2400000000000000e+003	 -1.8547568801466426e+002	  4.1240020971991851e+002	
  9.2700000000000000e+003	 -1.6950801756861091e+002	  3.9281199424337456e+002	
  9.3000000000000000e+003	 -1.6943629415936857e+002	  4.1340565977947170e+002	
  9.3300000000000000e+003	 -1.6943629415936857e+002	  4.1340565977947165e+002	
  9.3600000000000000e+003	 -1.6943629415936857e+002	  4.1340565977947165e+002	
  9.3900000000000000e+003	 -1.6943629415936857e+002	  4.1340565977947165e+002	
  9.4200000000000000e+003	 -1.6943629415936857e+002	  4.1340565977947165e+002	
  9.4500000000000000e+003	 -1.6943629415936857e+002	  4.1340565977947165e+002	
  9.4800000000000000e+003	 -1.6943629415936857e+002	  4.1340565977947165e+002	
  9.5100000000000000e+003	 -1.6943629415936857e+002	  4.1340565977947165e+002	
  9.5400000000000000e+003	 -1.6943629415936857e+002	  4.1340565977947165e+002	
  9.5700000000000000e+003	 -1.6943629415936857e+002	  4.1340565977947165e+002	
  9.6000000000000000e+003	 -1.6943629415936857e+002	  4.1340565977947165e+002	
  9.6300000000000000e+003	 -1.6943629415936857e+002	  4.1340565977947165e+002	
  9.6600000000000000e+003	 -1.6943629415936857e+002	  4.1340565977947165e+002	
  9.6900000000000000e+003	 -1.9886158624220656e+002	  3.9604110218557850e+002	
  9.7200000000000000e+003	 -2.3348273833442718e+002	  3.7561034527822636e+002	
  9.7500000000000000e+003	 -1.3395764239605484e+002	  3.9054111900872283e+002	
  9.7800000000000000e+003	 -9.9160204330654608e+001	  4.2288988187685482e+002	
  9.8100000000000000e+003	 -1.0882315888247349e+002	  4.0338711530348110e+002	
  9.8400000000000000e+003	 -8.3025459749648434e+001	  4.3155035300481848e+002	
  9.8700000000000000e+003	 -1.5911001335630422e+002	  4.1877114739135311e+002	
  9.9000000000000000e+003	 -1.4914228944860966e+002	  3.9880085364508477e+002	
  9.9300000000000000e+003	 -1.4783356415043599e+002	  4.0487877993687215e+002	
  9.9600000000000000e+003	 -1.6274928190768895e+002	  3.8980643845687598e+002	
  9.9900000000000000e+003	 -1.7364924638613823e+002	  3.8279346033176171e+002	
  1.0020000000000000e+004	 -1.7364924638613823e+002	  3.8279346033176171e+002	
  1.0050000000000000e+004	 -1.7364924638613823e+002	  3.8279346033176171e+002	
  1.0080000000000000e+004	 -1.7364924638613823e+002	  3.8279346033176171e+002	
  1.0110000000000000e+004	 -1.7364924638613823e+002	  3.8279346033176171e+002	
  1.0140000000000000e+004	 -1.7364924638613823e+002	  3.8279346033176171e+002	
  1.0170000000000000e+004	 -1.7364924638613823e+002	  3.8279346033176171e+002	
  1.0200000000000000e+004	 -1.7364924638613823e+002	  3.8279346033176171e+002	
  1.0230000000000000e+004	 -1.7364924638613823e+002	  3.8279346033176171e+002	
  1.0260000000000000e+004	 -1.7364924638613823e+002	  3.8279346033176171e+002	
  1.0290000000000000e+004	 -1.7364924638613823e+002	  3.8279346033176171e+002	
  1.0320000000000000e+004	 -1.7364924638613823e+002	  3.8279346033176171e+002	
  1.0350000000000000e+004	 -1.7364924638613823e+002	  3.8279346033176171e+002	
  1.0380000000000000e+004	 -1.5198253811252312e+002	  3.7388874351050418e+002	
  1.0410000000000000e+004	 -1.1480029476536650e+002	  3.5860735680402814e+002	
  1.0440000000000000e+004	 -1.3203042813633849e+002	  3.8358380574938286e+002	
  1.0470000000000000e+004	 -1.2372098263459297e+002	  4.0218489868967680e+002	
  1.0500000000000000e+004	 -1.1823512786362782e+002	  3.7699384217418458e+002	
  1.0530000000000000e+004	 -1.1066972670459336e+002	  4.0300865138997813e+002	
  1.0560000000000000e+004	 -9.3360611436444088e+001	  4.2312363694298972e+002	
  1.0590000000000000e+004	 -9.4749185930900254e+001	  4.2335025912480643e+002	
  1.0620000000000000e+004	 -1.0542546279371729e+002	  4.1873974146349059e+002	
  1.0650000000000000e+004	 -1.1610173965653433e+002	  4.1412922380217475e+002	
  1.0680000000000000e+004	 -1.2677801651935138e+002	  4.0951870614085891e+002	
  1.0710000000000000e+004	 -1.3745429338216840e+002	  4.0490818847954313e+002	
  1.0740000000000000e+004	 -1.4424801958327666e+002	  4.0527950416114584e+002	
  1.0770000000000000e+004	 -1.4606701289047473e+002	  4.1480933921224170e+002	
  1.0800000000000000e+004	 -1.4896298121507468e+002	  4.3052623720923640e+002	
  1.0830000000000000e+004	 -1.7438428842405625e+002	  4.1569879789327371e+002	
  1.0860000000000000e+004	 -2.0762200557058208e+002	  3.8847061706996089e+002	
  1.0890000000000000e+004	 -1.9516235809481574e+002	  3.4240762555472736e+002	
  1.0920000000000000e+004	 -1.7723476489860931e+002	  3.0812193666729240e+002	
  1.0950000000000000e+004	 -1.6326919628891341e+002	  2.7528339321376268e+002	
  1.0980000000000000e+004	 -1.6905982880479587e+002	  2.4522779385307587e+002	
  1.1010000000000000e+004	 -1.8119679645476893e+002	  2.1152097214743625e+002	
  1.1040000000000000e+004	 -2.0703041382567130e+002	  1.9909796997676057e+002	
  1.1070000000000000e+004	 -2.3064099536385652e+002	  1.8093103359559305e+002	
  1.1100000000000000e+004	 -2.2241226020791456e+002	  1.9130578521357484e+002	
  1.1130000000000000e+004	 -1.8944346042456601e+002	  2.0461932256504087e+002	
  1.1160000000000000e+004	 -1.7045816009310215e+002	  2.3233728095002135e+002	
  1.1190000000000000e+004	 -1.5640293083899525e+002	  2.6399585636470431e+002	
  1.1220000000000000e+004	 -1.4883752540964861e+002	  3.0055238961900142e+002	
  1.1250000000000000e+004	 -1.2558544876690185e+002	  3.3140950425466292e+002	
  1.1280000000000000e+004	 -9.9070550264752541e+001	  3.4826289888485803e+002	
  1.1310000000000000e+004	 -7.2286809433433490e+001	  3.6983615982569262e+002	
  1.1340000000000000e+004	 -7.0225093886876522e+001	  3.9964686701621406e+002	
  1.1370000000000000e+004	 -4.7797664993638122e+001	  4.2765425167156064e+002	
  1.1400000000000000e+004	 -3.2487481450823807e+001	  4.5900114581645732e+002	
  1.1430000000000000e+004	 -5.2064540112341184e+001	  4.7874879545215344e+002	
  1.1460000000000000e+004	 -7.0762931126349457e+001	  5.2318658013450954e+002	
  1.1490000000000000e+004	 -3.6467574021275261e+001	  5.3756874944349806e+002	
  1.1520000000000000e+004	  5.1443393420100139e-002	  5.4475983831253120e+002	
  1.1550000000000000e+004	  4.0477655013158589e+001	  5.5880806528917458e+002	
  1.1580000000000000e+004	  8.6641052061647855e+001	  5.8024773469186698e+002	
  1.1610000000000000e+004	  1.2454001084924093e+002	  5.8200654338315383e+002	
  1.1640000000000000e+004	  1.6312012700781270e+002	  5.7058540744821744e+002	
  1.1670000000000000e+004	  2.0740123110253649e+002	  5.6633309235476167e+002	
  1.1700000000000000e+004	  2.3843383615936460e+002	  5.7350191253657283e+002	
  1.1730000000000000e+004	  2.5421011170384199e+002	  5.9914937264613638e+002	
  1.1760000000000000e+004	  2.4675225013504303e+002	  6.4728289300793779e+002	
  1.1790000000000000e+004	  2.4675225013504303e+002	  6.4728289300793779e+002	
  1.1820000000000000e+004	  2.4675225013504303e+002	  6.4728289300793779e+002	
  1.1850000000000000e+004	  2.4675225013504303e+002	  6.4728289300793779e+002	
  1.1880000000000000e+004	  2.4675225013504303e+002	  6.4728289300793779e+002	
  1.1910000000000000e+004	  2.4675225013504303e+002	  6.4728289300793779e+002	
  1.1940000000000000e+004	  2.4675225013504303e+002	  6.4728289300793779e+002	
  1.1970000000000000e+004	  2.4675225013504303e+002	  6.4728289300793779e+002	
  1.2000000000000000e+004	  2.4675225013504303e+002	  6.4728289300793779e+002	
  1.2030000000000000e+004	  2.4675225013504303e+002	  6.4728289300793779e+002	
  1.2060000000000000e+004	  2.4675225013504303e+002	  6.4728289300793779e+002	
  1.2090000000000000e+004	  2.4675225013504303e+002	  6.4728289300793779e+002	
  1.2120000000000000e+004	  2.4675225013504303e+002	  6.4728289300793779e+002	
  1.2150000000000000e+004	  2.4675225013504303e+002	  6.4728289300793779e+002	
  1.2180000000000000e+004	  2.4675225013504303e+002	  6.4728289300793779e+002	
  1.2210000000000000e+004	  2.4675225013504303e+002	  6.4728289300793779e+002	
  1.2240000000000000e+004	  2.4675225013504303e+002	  6.4728289300793779e+002	
  1.2270000000000000e+004	  2.4675225013504303e+002	  6.4728289300793779e+002	
  1.2300000000000000e+004	  2.4675225013504303e+002	  6.4728289300793779e+002	
  1.2330000000000000e+004	  2.4675225013504303e+002	  6.4728289300793779e+002	
  1.2360000000000000e+004	  2.4675225013504303e+002	  6.4728289300793779e+002	
  1.2390000000000000e+004	  2.4675225013504303e+002	  6.4728289300793779e+002	
  1.2420000000000000e+004	  2.4675225013504303e+002	  6.4728289300793779e+002	
  1.2450000000000000e+004	  2.4675225013504303e+002	  6.4728289300793779e+002	
  1.2480000000000000e+004	  2.4675225013504303e+002	  6.4728289300793779e+002	
  1.2510000000000000e+004	  2.4675225013504303e+002	  6.4728289300793779e+002	
  1.2540000000000000e+004	  2.4675225013504303e+002	  6.4728289300793779e+002	
  1.2570000000000000e+004	  2.4675225013504303e+002	  6.4728289300793779e+002	
  1.2600000000000000e+004	  2.4675225013504303e+002	  6.4728289300793779e+002	
  1.2630000000000000e+004	  2.4675225013504303e+002	  6.4728289300793779e+002	
  1.2660000000000000e+004	  2.4675225013504303e+002	  6.4728289300793779e+002	
  1.2690000000000000e+004	  2.4675225013504303e+002	  6.4728289300793779e+002	
  1.2720000000000000e+004	  2.4675225013504303e+002	  6.4728289300793779e+002	
  1.2750000000000000e+004	  2.4675225013504303e+002	  6.4728289300793779e+002	
  1.2780000000000000e+004	  2.4675225013504303e+002	  6.4728289300793779e+002	
  1.2810000000000000e+004	  2.4675225013504303e+002	  6.4728289300793779e+002	
  1.2840000000000000e+004	  2.4675225013504303e+002	  6.4728289300793779e+002	
  1.2870000000000000e+004	  2.4675225013504303e+002	  6.4728289300793779e+002	
  1.2900000000000000e+004	  2.4675225013504303e+002	  6.4728289300793779e+002	
  1.2930000000000000e+004	  2.4675225013504303e+002	  6.4728289300793779e+002	
  1.2960000000000000e+004	  2.4675225013504303e+002	  6.4728289300793779e+002	
  1.2990000000000000e+004	  2.4675225013504303e+002	  6.4728289300793779e+002	
  1.3020000000000000e+004	  2.4675225013504303e+002	  6.4728289300793779e+002	
  1.3050000000000000e+004	  2.4675225013504303e+002	  6.4728289300793779e+002	
  1.3080000000000000e+004	  2.4675225013504303e+002	  6.4728289300793779e+002	
  1.3110000000000000e+004	  2.4675225013504303e+002	  6.4728289300793779e+002	
  1.3140000000000000e+004	  2.4675225013504303e+002	  6.4728289300793779e+002	
  1.3170000000000000e+004	  2.4675225013504303e+002	  6.4728289300793779e+002	
  1.3200000000000000e+004	  2.4675225013504303e+002	  6.4728289300793779e+002	
  1.3230000000000000e+004	  2.4675225013504303e+002	  6.4728289300793779e+002	
  1.3260000000000000e+004	  2.4675225013504303e+002	  6.4728289300793779e+002	
  1.3290000000000000e+004	  2.4675225013504303e+002	  6.4728289300793779e+002	
  1.3320000000000000e+004	  2.4675225013504303e+002	  6.4728289300793779e+002	
  1.3350000000000000e+004	  2.4675225013504303e+002	  6.4728289300793779e+002	
  1.3380000000000000e+004	  2.4675225013504303e+002	  6.4728289300793779e+002	
  1.3410000000000000e+004	  2.4675225013504303e+002	  6.4728289300793779e+002	
  1.3440000000000000e+004	  2.4675225013504303e+002	  6.4728289300793779e+002	
  1.3470000000000000e+004	  2.4675225013504303e+002	  6.4728289300793779e+002	
  1.3500000000000000e+004	  2.4675225013504303e+002	  6.4728289300793779e+002	
  1.3530000000000000e+004	  2.4675225013504303e+002	  6.4728289300793779e+002	
  1.3560000000000000e+004	  2.4758869071871851e+002	  6.4400103582397867e+002	
  1.3590000000000000e+004	  2.5751699974522160e+002	  6.0504633546735602e+002	
  1.3620000000000000e+004	  2.6744530877172474e+002	  5.6609163511073336e+002	
  1.3650000000000000e+004	  2.3820077757473845e+002	  5.7080803816817956e+002	
  1.3680000000000000e+004	  2.2272928503971153e+002	  5.3990641221792816e+002	
  1.3710000000000000e+004	  2.1254642037637700e+002	  5.0557622318853328e+002	
  1.3740000000000000e+004	  2.0058876108529381e+002	  4.7178035200439882e+002	
  1.3770000000000000e+004	  1.8126283648503011e+002	  4.4621080650589209e+002	
  1.3800000000000000e+004	  1.5807350160823935e+002	  4.2565054180097979e+002	
  1.3830000000000000e+004	  1.6013517199587804e+002	  4.1976186485115534e+002	
  1.3860000000000000e+004	  2.5565327702828267e+002	  3.8506433164712041e+002	
  1.3890000000000000e+004	  2.3420295440300652e+002	  1.8116481013606329e+002	
  1.3920000000000000e+004	  8.5756293980939766e+000	  6.4715991298533851e+001	
  1.3950000000000000e+004	 -1.2424087449027513e+002	 -4.7936926851481587e+001	
  1.3980000000000000e+004	 -3.1322435400547840e+002	 -1.4496091277935352e+002	
  1.4010000000000000e+004	 -4.3594754539107555e+002	 -7.4319100349873608e+001	
  1.4040000000000000e+004	 -4.4838030827087658e+002	 -8.0363602196640088e+001	
  1.4070000000000000e+004	 -4.7306657294508693e+002	 -8.3881195612575382e+001	
  1.4100000000000000e+004	 -4.9388047824873911e+002	 -1.0443036518045672e+002	
  1.4130000000000000e+004	 -4.8823329200792551e+002	 -1.3951751128329840e+002	
  1.4160000000000000e+004	 -4.7540611301445517e+002	 -1.5998870987750999e+002	
  1.4190000000000000e+004	 -4.7688514186586406e+002	 -1.8489035248409849e+002	
  1.4220000000000000e+004	 -4.9281379120987623e+002	 -2.0335786892750110e+002	
  1.4250000000000000e+004	 -5.1419242203269278e+002	 -2.2281607231301032e+002	
  1.4280000000000000e+004	 -5.3790163137933882e+002	 -2.3674184304509291e+002	
  1.4310000000000000e+004	 -5.6101922532531012e+002	 -2.6411472800831035e+002	
  1.4340000000000000e+004	 -5.6421930298938037e+002	 -2.7909799217216073e+002	
  1.4370000000000000e+004	 -5.4836236973944619e+002	 -2.9699779901300451e+002	
  1.4400000000000000e+004	 -5.8446848695218284e+002	 -2.9211099505707591e+002	
  1.4430000000000000e+004	 -5.7295003537566743e+002	 -2.9290132496127416e+002	
  1.4460000000000000e+004	 -5.8060510420210380e+002	 -2.9158778506373221e+002	
  1.4490000000000000e+004	 -5.8870836029159625e+002	 -2.9919075296203084e+002	
  1.4520000000000000e+004	 -5.7817591259066637e+002	 -2.9773250267577589e+002	
  1.4550000000000000e+004	 -5.7347889774803275e+002	 -2.9814436682809901e+002	
  1.4580000000000000e+004	 -6.0117698736866225e+002	 -3.1191428577762747e+002	
  1.4610000000000000e+004	 -5.8134013641095862e+002	 -3.0318702442859217e+002	
  1.4640000000000000e+004	 -5.8988261267558312e+002	 -3.0288648654304825e+002	
  1.4670000000000000e+004	 -5.5795361672994079e+002	 -2.9102006466599988e+002	
  1.4700000000000000e+004	 -5.8912069296182869e+002	 -3.0069353866140557e+002	
  1.4730000000000000e+004	 -5.8410097238768617e+002	 -2.9990316114520056e+002	
  1.4760000000000000e+004	 -5.8904002833834352e+002	 -3.0307571498688469e+002	
  1.4790000000000000e+004	 -5.8156422783099720e+002	 -2.9812210031550785e+002	
  1.4820000000000000e+004	 -5.5907409277287047e+002	 -2.9015180179713190e+002	
  1.4850000000000000e+004	 -5.7184748317290996e+002	 -2.9409242954425088e+002	
  1.4880000000000000e+004	 -5.7008161844422466e+002	 -2.9568424673694818e+002	
  1.4910000000000000e+004	 -5.7588118643001803e+002	 -2.9449316263494109e+002	
  1.4940000000000000e+004	 -5.8125946252536357e+002	 -2.9476032354312485e+002	
  1.4970000000000000e+004	 -5.7706440938060234e+002	 -2.9300150989810925e+002	
  1.5000000000000000e+004	 -5.7932328191319573e+002	 -2.9865641992272219e+002	
  1.5030000000000000e+004	 -5.8079334619447093e+002	 -3.0184009658108505e+002	
  1.5060000000000000e+004	 -5.6958860977666905e+002	 -2.9768797635641226e+002	
  1.5090000000000000e+004	 -5.6685465233059858e+002	 -2.8939482839029068e+002	
  1.5120000000000000e+004	 -5.7736916977837586e+002	 -2.8656739283192678e+002	
  1.5150000000000000e+004	 -5.7335340187333509e+002	 -2.8981785412922545e+002	
  1.5180000000000000e+004	 -5.6937347941755002e+002	 -2.9187721418636522e+002	
  1.5210000000000000e+004	 -5.7303967177978234e+002	 -2.9968052893921515e+002	
  1.5240000000000000e+004	 -5.5586505839527638e+002	 -2.8971765873213423e+002	
  1.5270000000000000e+004	 -5.4944698169845969e+002	 -2.8725755094853042e+002	
  1.5300000000000000e+004	 -5.8469259048302763e+002	 -2.6855627484263653e+002	
  1.5330000000000000e+004	 -5.7031466825437656e+002	 -2.7176222339593158e+002	
  1.5360000000000000e+004	 -5.7129172811941100e+002	 -2.9400337251639797e+002	
  1.5390000000000000e+004	 -5.8713970063544639e+002	 -2.9871209148071335e+002	
  1.5420000000000000e+004	 -5.6788549504570722e+002	 -2.9011841362874821e+002	
  1.5450000000000000e+004	 -5.7978042564274722e+002	 -2.8459709294563220e+002	
  1.5480000000000000e+004	 -5.6252514241168615e+002	 -2.8045607512326467e+002	
  1.5510000000000000e+004	 -5.7405256982167452e+002	 -2.8927239687618197e+002	
  1.5540000000000000e+004	 -5.8277433300691632e+002	 -2.9788833669945780e+002	
  1.5570000000000000e+004	 -5.8174350835905091e+002	 -2.9726495225902693e+002	
  1.5600000000000000e+004	 -5.5175067642551858e+002	 -2.8919447911541158e+002	
  1.5630000000000000e+004	 -5.0340897799021377e+002	 -2.6486055403236787e+002	
  1.5660000000000000e+004	 -4.9074315723886838e+002	 -2.5751360564702333e+002	
  1.5690000000000000e+004	 -5.8644949506481009e+002	 -2.9365828802719318e+002	
  1.5720000000000000e+004	 -5.7472485978836016e+002	 -2.9422599822979885e+002	
  1.5750000000000000e+004	 -6.1239964299349572e+002	 -3.0527979574737498e+002	
  1.5780000000000000e+004	 -5.8713073913588175e+002	 -2.9379187642592296e+002	
  1.5810000000000000e+004	 -5.8822432402991376e+002	 -2.9622971387832843e+002	
  1.5840000000000000e+004	 -6.0048677826027370e+002	 -2.9891245666009581e+002	
  1.5870000000000000e+004	 -6.0679728395314601e+002	 -2.9899037620673226e+002	
  1.5900000000000000e+004	 -6.1247136186647845e+002	 -3.0149502348319902e+002	
  1.5930000000000000e+004	 -6.1939139417208548e+002	 -3.0480113627086416e+002	
  1.5960000000000000e+004	 -6.2888405210803307e+002	 -3.1270463301586358e+002	
  1.5990000000000000e+004	 -6.1735662426474278e+002	 -3.0845232918632036e+002	
  1.6020000000000000e+004	 -6.1097440993394014e+002	 -3.0678257019634043e+002	
  1.6050000000000000e+004	 -6.0912786612339812e+002	 -3.1050056912849266e+002	
  1.6080000000000000e+004	 -6.0331933956298542e+002	 -3.0917587883320027e+002	
  1.6110000000000000e+004	 -5.9805759868345081e+002	 -3.1338368291875730e+002	
  1.6140000000000000e+004	 -6.0181342216878147e+002	 -3.0108312273953646e+002	
  1.6170000000000000e+004	 -6.0233331518653551e+002	 -3.0896438176451113e+002	
  1.6200000000000000e+004	 -5.9707157538892000e+002	 -2.9940223852778115e+002	
  1.6230000000000000e+004	 -5.7239428075023727e+002	 -2.9162118744190900e+002	
  1.6260000000000000e+004	 -5.7976250050417968e+002	 -2.9459335505306274e+002	
  1.6290000000000000e+004	 -6.0156406104145981e+002	 -2.8945050604531275e+002	
  1.6320000000000000e+004	 -6.1114472214590990e+002	 -2.9855623842293784e+002	
  1.6350000000000000e+004	 -5.4615727364689076e+002	 -3.2295694829975054e+002	
  1.6380000000000000e+004	 -5.7140825665389730e+002	 -2.8929465690390987e+002	
  1.6410000000000000e+004	 -5.8546346626605305e+002	 -3.0431133687876701e+002	
  1.6440000000000000e+004	 -5.8566963501109058e+002	 -3.1883821858974653e+002	
  1.6470000000000000e+004	 -5.8292671662550970e+002	 -3.2224452048105098e+002	
  1.6500000000000000e+004	 -5.6373525256746382e+002	 -2.8604420503695405e+002	
  1.6530000000000000e+004	 -5.5102460482880929e+002	 -2.5783644343325966e+002	
  1.6560000000000000e+004	 -5.8796467338382706e+002	 -2.8117465692899606e+002	
  1.6590000000000000e+004	 -6.0238709974615563e+002	 -3.0592542082970135e+002	
  1.6620000000000000e+004	 -6.0086325494448295e+002	 -3.1282708993128017e+002	
  1.6650000000000000e+004	 -6.0289649872649125e+002	 -3.1958756865116447e+002	
  1.6680000000000000e+004	 -6.0364202144656088e+002	 -3.2206641084845535e+002	
  1.6710000000000000e+004	 -6.0681520914703174e+002	 -3.0751724127953287e+002	
  1.6740000000000000e+004	 -5.8333008674909070e+002	 -3.2344672876608684e+002	
  1.6770000000000000e+004	 -5.8301636169939559e+002	 -3.0416660259538725e+002	
  1.6800000000000000e+004	 -5.6977685392809451e+002	 -3.2914619083770424e+002	
  1.6830000000000000e+004	 -5.6233528284619138e+002	 -3.2887699242992232e+002	
  1.6860000000000000e+004	 -5.7718093635347179e+002	 -3.0113878990230558e+002	
  1.6890000000000000e+004	 -5.7081665097921450e+002	 -2.8363975196927379e+002	
  1.6920000000000000e+004	 -5.7033260750888826e+002	 -2.9283453165116856e+002	
  1.6950000000000000e+004	 -5.6889839932639893e+002	 -3.0881967267938984e+002	
  1.6980000000000000e+004	 -5.8237993420285568e+002	 -3.6856356810153784e+002	
  1.7010000000000000e+004	 -5.8903106668340683e+002	 -3.4900515533598070e+002	
  1.7040000000000000e+004	 -5.8903106668340683e+002	 -3.4900515533598070e+002	
  1.7070000000000000e+004	 -5.8903106668340683e+002	 -3.4900515533598070e+002	
  1.7100000000000000e+004	 -5.8903106668340683e+002	 -3.4900515533598070e+002	
  1.7130000000000000e+004	 -5.8903106668340683e+002	 -3.4900515533598070e+002	
  1.7160000000000000e+004	 -5.8903106668340683e+002	 -3.4900515533598070e+002	
  1.7190000000000000e+004	 -5.8903106668340683e+002	 -3.4900515533598070e+002	
  1.7220000000000000e+004	 -5.8903106668340683e+002	 -3.4900515533598070e+002	
  1.7250000000000000e+004	 -5.8903106668340683e+002	 -3.4900515533598070e+002	
  1.7280000000000000e+004	 -5.8903106668340683e+002	 -3.4900515533598070e+002	
  1.7310000000000000e+004	 -5.8903106668340683e+002	 -3.4900515533598070e+002	
  1.7340000000000000e+004	 -5.8903106668340683e+002	 -3.4900515533598070e+002	
  1.7370000000000000e+004	 -5.8903106668340683e+002	 -3.4900515533598070e+002	
  1.7400000000000000e+004	 -5.8903106668340683e+002	 -3.4900515533598070e+002	
  1.7430000000000000e+004	 -5.8903106668340683e+002	 -3.4900515533598070e+002	
  1.7460000000000000e+004	 -5.8903106668340683e+002	 -3.4900515533598070e+002	
  1.7490000000000000e+004	 -5.8903106668340683e+002	 -3.4900515533598070e+002	
  1.7520000000000000e+004	 -5.8903106668340683e+002	 -3.4900515533598070e+002	
  1.7550000000000000e+004	 -5.8903106668340683e+002	 -3.4900515533598070e+002	
  1.7580000000000000e+004	 -5.8903106668340683e+002	 -3.4900515533598070e+002	
  1.7610000000000000e+004	 -5.8903106668340683e+002	 -3.4900515533598070e+002	
  1.7640000000000000e+004	 -5.8903106668340683e+002	 -3.4900515533598070e+002	
  1.7670000000000000e+004	 -5.8903106668340683e+002	 -3.4900515533598070e+002	
  1.7700000000000000e+004	 -5.8919766737597149e+002	 -3.4775452659365931e+002	
  1.7730000000000000e+004	 -5.9450595907503850e+002	 -3.0790653995396104e+002	
  1.7760000000000000e+004	 -5.8673633446417580e+002	 -3.1362857537627178e+002	
  1.7790000000000000e+004	 -5.8795540854752960e+002	 -3.0904232009098376e+002	
  1.7820000000000000e+004	 -5.8795540854752960e+002	 -3.0904232009098376e+002	
  1.7850000000000000e+004	 -5.8795540854752960e+002	 -3.0904232009098376e+002	
  1.7880000000000000e+004	 -5.8795540854752960e+002	 -3.0904232009098376e+002	
  1.7910000000000000e+004	 -5.8795540854752960e+002	 -3.0904232009098376e+002	
  1.7940000000000000e+004	 -5.8795540854752960e+002	 -3.0904232009098376e+002	
  1.7970000000000000e+004	 -5.8795540854752960e+002	 -3.0904232009098376e+002	
  1.8000000000000000e+004	 -5.8795540854752960e+002	 -3.0904232009098376e+002	
  1.8030000000000000e+004	 -5.8795540854752960e+002	 -3.0904232009098376e+002	
  1.8060000000000000e+004	 -5.8795540854752960e+002	 -3.0904232009098376e+002	
  1.8090000000000000e+004	 -5.8795540854752960e+002	 -3.0904232009098376e+002	
  1.8120000000000000e+004	 -5.8795540854752960e+002	 -3.0904232009098376e+002	
  1.8150000000000000e+004	 -5.8795540854752960e+002	 -3.0904232009098376e+002	
  1.8180000000000000e+004	 -5.8795540854752960e+002	 -3.0904232009098376e+002	
  1.8210000000000000e+004	 -5.8795540854752960e+002	 -3.0904232009098376e+002	
  1.8240000000000000e+004	 -5.8795540854752960e+002	 -3.0904232009098376e+002	
  1.8270000000000000e+004	 -5.8795540854752960e+002	 -3.0904232009098376e+002	
  1.8300000000000000e+004	 -5.8795540854752960e+002	 -3.0904232009098376e+002	
  1.8330000000000000e+004	 -5.8795540854752960e+002	 -3.0904232009098376e+002	
  1.8360000000000000e+004	 -5.8795540854752960e+002	 -3.0904232009098376e+002	
  1.8390000000000000e+004	 -5.8795540854752960e+002	 -3.0904232009098376e+002	
  1.8420000000000000e+004	 -5.8795540854752960e+002	 -3.0904232009098376e+002	
  1.8450000000000000e+004	 -5.8795540854752960e+002	 -3.0904232009098376e+002	
  1.8480000000000000e+004	 -5.8795540854752960e+002	 -3.0904232009098376e+002	
  1.8510000000000000e+004	 -5.8795540854752960e+002	 -3.0904232009098376e+002	
  1.8540000000000000e+004	 -5.8795540854752960e+002	 -3.0904232009098376e+002	
  1.8570000000000000e+004	 -5.8795540854752960e+002	 -3.0904232009098376e+002	
  1.8600000000000000e+004	 -5.8795540854752960e+002	 -3.0904232009098376e+002	
  1.8630000000000000e+004	 -5.8795540854752960e+002	 -3.0904232009098376e+002	
  1.8660000000000000e+004	 -5.8795540854752960e+002	 -3.0904232009098376e+002	
  1.8690000000000000e+004	 -5.9704468519337900e+002	 -2.9354696050234304e+002	
  1.8720000000000000e+004	 -6.1607480417107831e+002	 -2.8361749034967835e+002	
  1.8750000000000000e+004	 -6.4083532816408774e+002	 -2.8092996528183636e+002	
  1.8780000000000000e+004	 -6.2566092684636988e+002	 -3.4543028030772552e+002	
  1.8810000000000000e+004	 -6.1149431002998085e+002	 -4.0449672902278354e+002	
  1.8840000000000000e+004	 -6.2461728328784022e+002	 -3.5824445507154917e+002	
  1.8870000000000000e+004	 -5.7549574125645211e+002	 -2.9437070419925840e+002	
  1.8900000000000000e+004	 -5.8006728179675815e+002	 -2.8618891537036950e+002	
  1.8930000000000000e+004	 -5.8890557313253635e+002	 -2.8795885231682229e+002	
  1.8960000000000000e+004	 -5.9963521043692219e+002	 -2.9043009789386406e+002	
  1.8990000000000000e+004	 -6.2309343770222335e+002	 -2.7142824117859067e+002	
  1.9020000000000000e+004	 -5.9686539835497365e+002	 -2.8556553396308431e+002	
  1.9050000000000000e+004	 -6.0115905792355511e+002	 -2.8984010975684515e+002	
  1.9080000000000000e+004	 -5.9502783847633896e+002	 -2.8293844974938111e+002	
  1.9110000000000000e+004	 -5.7104770843887752e+002	 -2.6484200765144834e+002	
  1.9140000000000000e+004	 -5.8282014900427384e+002	 -2.8799595875318181e+002	
  1.9170000000000000e+004	 -5.9428384113027300e+002	 -2.7898669564442451e+002	
  1.9200000000000000e+004	 -5.9305085421954482e+002	 -2.7516928398920561e+002	
  1.9230000000000000e+004	 -5.9298130577911775e+002	 -2.6944029427191077e+002	
  1.9260000000000000e+004	 -5.9291175733869045e+002	 -2.6371130455461588e+002	
  1.9290000000000000e+004	 -5.9284220889826327e+002	 -2.5798231483732098e+002	
  1.9320000000000000e+004	 -5.9476787842206738e+002	 -2.8065644646338228e+002	
  1.9350000000000000e+004	 -5.8150147466016176e+002	 -3.0548015116237383e+002	
  1.9380000000000000e+004	 -5.8956887987296079e+002	 -2.7987723036882210e+002	
  1.9410000000000000e+004	 -5.8605684151107982e+002	 -2.8688473333925799e+002	
  1.9440000000000000e+004	 -5.7552072642543681e+002	 -3.0790724225056584e+002	
  1.9470000000000000e+004	 -5.5967466893786457e+002	 -3.4897174677870606e+002	
  1.9500000000000000e+004	 -5.8127738193047526e+002	 -3.4456359597120718e+002	
  1.9530000000000000e+004	 -5.8670495368322213e+002	 -3.3781777883301254e+002	
  1.9560000000000000e+004	 -6.0136074128022494e+002	 -3.1833728225772541e+002	
  1.9590000000000000e+004	 -5.9927667095779032e+002	 -3.0830761916051910e+002	
  1.9620000000000000e+004	 -6.0506727479017286e+002	 -2.9752099271221607e+002	
  1.9650000000000000e+004	 -6.0416192463905236e+002	 -3.1663414398580909e+002	
  1.9680000000000000e+004	 -6.1252513789600732e+002	 -3.0958777038706779e+002	
  1.9710000000000000e+004	 -6.1861154896874109e+002	 -2.7029283311730757e+002	
  1.9740000000000000e+004	 -6.1314364187199055e+002	 -2.9852284354416378e+002	
  1.9770000000000000e+004	 -6.0579333237889239e+002	 -3.1111281169227561e+002	
  1.9800000000000000e+004	 -6.2468003475374235e+002	 -3.0221855402630297e+002	
  1.9830000000000000e+004	 -6.0430534789383489e+002	 -3.1648941901810861e+002	
  1.9860000000000000e+004	 -5.7538818162971279e+002	 -3.4239292654268388e+002	
  1.9890000000000000e+004	 -6.1136880738392085e+002	 -2.7861934789261801e+002	
  1.9920000000000000e+004	 -5.5487006982205207e+002	 -3.3081593443631101e+002	
  1.9950000000000000e+004	 -5.7903644105046328e+002	 -2.9793287068668212e+002	
  1.9980000000000000e+004	 -5.4771697317618805e+002	 -3.4404040218594730e+002	
  2.0010000000000000e+004	 -5.7392708829162598e+002	 -3.0422228100554662e+002	
  2.0040000000000000e+004	 -5.8184211089542237e+002	 -2.9422601518990666e+002	
  2.0070000000000000e+004	 -5.5598158332569869e+002	 -3.3605897471084239e+002	
  2.0100000000000000e+004	 -5.4329783526997346e+002	 -3.4116841766180426e+002	
  2.0130000000000000e+004	 -5.1404003493123878e+002	 -4.2542434500854171e+002	
  2.0160000000000000e+004	 -5.8631503181258597e+002	 -2.8615550750939474e+002	
  2.0190000000000000e+004	 -5.3972127712443864e+002	 -3.5644114370228351e+002	
  2.0220000000000000e+004	 -4.7194609841979417e+002	 -4.9539827780469403e+002	
  2.0250000000000000e+004	 -4.9967035427405506e+002	 -4.4454476262104362e+002	
  2.0280000000000000e+004	 -5.3065029468505429e+002	 -3.8722781183770712e+002	
  2.0310000000000000e+004	 -5.6163023509605330e+002	 -3.2991086105437051e+002	
  2.0340000000000000e+004	 -5.8575927346896185e+002	 -2.7757296194009479e+002	
  2.0370000000000000e+004	 -5.7737814593152382e+002	 -2.8500895989889557e+002	
  2.0400000000000000e+004	 -5.8361693681056431e+002	 -2.9591802506255272e+002	
  2.0430000000000000e+004	 -5.3593855581564401e+002	 -3.0246347280593011e+002	
  2.0460000000000000e+004	 -5.9117340637420170e+002	 -2.8348389607249590e+002	
  2.0490000000000000e+004	 -5.4843408027584269e+002	 -4.0193641950058856e+002	
  2.0520000000000000e+004	 -5.3738172368973051e+002	 -4.3969519015322567e+002	
  2.0550000000000000e+004	 -5.7730643494408901e+002	 -3.3598104716703142e+002	
  2.0580000000000000e+004	 -5.9853266835845136e+002	 -3.2696436888349268e+002	
  2.0610000000000000e+004	 -5.9853266835845125e+002	 -3.2696436888349268e+002	
  2.0640000000000000e+004	 -5.9853266835845125e+002	 -3.2696436888349268e+002	
  2.0670000000000000e+004	 -5.9853266835845125e+002	 -3.2696436888349268e+002	
  2.0700000000000000e+004	 -5.9853266835845125e+002	 -3.2696436888349268e+002	
  2.0730000000000000e+004	 -5.9853266835845125e+002	 -3.2696436888349268e+002	
  2.0760000000000000e+004	 -5.9853266835845125e+002	 -3.2696436888349268e+002	
  2.0790000000000000e+004	 -5.9853266835845125e+002	 -3.2696436888349268e+002	
  2.0820000000000000e+004	 -5.9853266835845125e+002	 -3.2696436888349268e+002	
  2.0850000000000000e+004	 -5.9853266835845125e+002	 -3.2696436888349268e+002	
  2.0880000000000000e+004	 -5.9853266835845125e+002	 -3.2696436888349268e+002	
  2.0910000000000000e+004	 -5.9853266835845125e+002	 -3.2696436888349268e+002	
  2.0940000000000000e+004	 -5.9853266835845125e+002	 -3.2696436888349268e+002	
  2.0970000000000000e+004	 -5.9853266835845125e+002	 -3.2696436888349268e+002	
  2.1000000000000000e+004	 -5.9498301749936195e+002	 -2.9648574602975043e+002	
  2.1030000000000000e+004	 -5.8033619365336722e+002	 -2.9512766576759930e+002	
  2.1060000000000000e+004	 -5.8928203957249536e+002	 -3.3034839990217733e+002	
  2.1090000000000000e+004	 -5.8067681887046251e+002	 -3.1271578040897555e+002	
  2.1120000000000000e+004	 -5.7615906499987045e+002	 -2.6422606266788478e+002	
  2.1150000000000000e+004	 -5.7081664536593064e+002	 -1.9705730297250938e+002	
  2.1180000000000000e+004	 -5.7307551829710030e+002	 -2.2392925813402181e+002	
  2.1210000000000000e+004	 -5.6206799359634749e+002	 -2.9354698805170381e+002	
  2.1240000000000000e+004	 -5.6742834083520688e+002	 -3.0127236777767951e+002	
  2.1270000000000000e+004	 -5.7990592328729053e+002	 -2.8651172624093340e+002	
  2.1300000000000000e+004	 -5.6398624620735302e+002	 -2.4703867748461238e+002	
  2.1330000000000000e+004	 -5.4473203224637814e+002	 -2.3263425231964780e+002	
  2.1360000000000000e+004	 -5.5616982025568495e+002	 -2.5220379077946791e+002	
  2.1390000000000000e+004	 -5.5638495028328146e+002	 -2.6598485311924071e+002	
  2.1420000000000000e+004	 -5.6384281696140829e+002	 -2.8953954484091923e+002	
  2.1450000000000000e+004	 -5.6608377066480875e+002	 -3.0505715467638163e+002	
  2.1480000000000000e+004	 -5.7203572483201094e+002	 -3.3987714411664444e+002	
  2.1510000000000000e+004	 -5.7246597629623636e+002	 -2.8335034043378312e+002	
  2.1540000000000000e+004	 -5.9376393744023221e+002	 -2.9025198401523375e+002	
  2.1570000000000000e+004	 -5.8915654743160019e+002	 -2.8439671271838534e+002	
  2.1600000000000000e+004	 -5.7447387350230451e+002	 -3.1474175164102746e+002	
  2.1630000000000000e+004	 -6.2404360220755996e+002	 -4.3463027128920038e+002	
  2.1660000000000000e+004	 -5.7298587976397187e+002	 -2.7375478437524777e+002	
  2.1690000000000000e+004	 -5.7416070773233116e+002	 -2.7479216505978178e+002	
  2.1720000000000000e+004	 -5.9178312725772025e+002	 -2.9035287532779182e+002	
  2.1750000000000000e+004	 -5.9275102692487633e+002	 -3.0130576788391954e+002	
  2.1780000000000000e+004	 -6.0077361722215699e+002	 -2.9657478947543188e+002	
  2.1810000000000000e+004	 -5.8002245680858141e+002	 -2.9368054684988164e+002	
  2.1840000000000000e+004	 -5.6482884436040763e+002	 -2.5310546369778385e+002	
  2.1870000000000000e+004	 -5.8190484547361564e+002	 -2.8538742141447403e+002	
  2.1900000000000000e+004	 -5.7742295718619221e+002	 -2.6011845575221992e+002	
  2.1930000000000000e+004	 -5.8064991943652024e+002	 -2.8316109403485484e+002	
  2.1960000000000000e+004	 -5.6980373596388529e+002	 -2.9535030881843039e+002	
  2.1990000000000000e+004	 -5.9337849513174353e+002	 -3.3475656688976517e+002	
  2.2020000000000000e+004	 -5.6594931080496247e+002	 -2.9134289857736394e+002	
  2.2050000000000000e+004	 -5.7258251133385579e+002	 -2.7603678975381183e+002	
  2.2080000000000000e+004	 -5.7500274261476750e+002	 -2.9228910398366418e+002	
  2.2110000000000000e+004	 -5.7415117941555559e+002	 -2.9562859718525897e+002	
  2.2140000000000000e+004	 -5.5685107527483308e+002	 -2.6518337426359722e+002	
  2.2170000000000000e+004	 -5.5132340742398333e+002	 -2.6736848679130384e+002	
  2.2200000000000000e+004	 -5.4026807172228393e+002	 -2.7173871184671708e+002	
  2.2230000000000000e+004	 -5.2921273602058443e+002	 -2.7610893690213032e+002	
  2.2260000000000000e+004	 -5.3282812627292765e+002	 -2.7720561616076816e+002	
  2.2290000000000000e+004	 -5.3720244906891708e+002	 -2.8503100318665707e+002	
  2.2320000000000000e+004	 -5.6194249634748996e+002	 -2.9034993954449732e+002	
  2.2350000000000000e+004	 -5.8668254362606308e+002	 -2.9566887590233762e+002	
  2.2380000000000000e+004	 -6.1142259090463608e+002	 -3.0098781226017786e+002	
  2.2410000000000000e+004	 -6.3616263818320908e+002	 -3.0630674861801822e+002	
  2.2440000000000000e+004	 -6.6090268546178208e+002	 -3.1162568497585846e+002	
  2.2470000000000000e+004	 -6.8564273274035497e+002	 -3.1694462133369876e+002	
  2.2500000000000000e+004	 -7.1038278001892809e+002	 -3.2226355769153906e+002	
  2.2530000000000000e+004	 -7.3512282729750109e+002	 -3.2758249404937936e+002	
  2.2560000000000000e+004	 -7.0815079422940971e+002	 -3.2980295575901226e+002	
  2.2590000000000000e+004	 -5.9190842899022300e+002	 -3.3800702547145505e+002	
  2.2620000000000000e+004	 -5.5980911282565762e+002	 -3.5022963993993892e+002	
  2.2650000000000000e+004	 -6.1893385751028666e+002	 -3.2653331532840434e+002	
  2.2680000000000000e+004	 -6.3756099589024177e+002	 -3.1632244425039670e+002	
  2.2710000000000000e+004	 -6.2561067338515045e+002	 -3.1972111457847933e+002	
  2.2740000000000000e+004	 -6.1630921144215438e+002	 -3.1459747940954600e+002	
  2.2770000000000000e+004	 -6.0700774949915808e+002	 -3.0947384424061266e+002	
  2.2800000000000000e+004	 -5.9770628755616178e+002	 -3.0435020907167933e+002	
  2.2830000000000000e+004	 -5.8840482561316560e+002	 -2.9922657390274594e+002	
  2.2860000000000000e+004	 -5.8451331177389341e+002	 -2.9025198449035145e+002	
  2.2890000000000000e+004	 -5.8806297001149869e+002	 -2.9693100861923284e+002	
  2.2920000000000000e+004	 -5.9629172820504698e+002	 -2.7976591418911198e+002	
  2.2950000000000000e+004	 -5.9377312192564625e+002	 -2.8240132256920879e+002	
  2.2980000000000000e+004	 -5.8905073515176969e+002	 -2.8734271328189033e+002	
  2.3010000000000000e+004	 -5.8432834837789324e+002	 -2.9228410399457186e+002	
  2.3040000000000000e+004	 -5.7960596160401667e+002	 -2.9722549470725335e+002	
  2.3070000000000000e+004	 -5.7057463022633738e+002	 -3.1376215220793176e+002	
  2.3100000000000000e+004	 -5.7513719304412848e+002	 -3.0531319396335181e+002	
  2.3130000000000000e+004	 -5.8585788314676267e+002	 -3.1310536969829076e+002	
  2.3160000000000000e+004	 -5.8093675964457861e+002	 -3.1070093385122027e+002	
  2.3190000000000000e+004	 -5.6254307386590642e+002	 -3.1251540471466507e+002	
  2.3220000000000000e+004	 -5.8069473106906537e+002	 -3.1527607013449295e+002	
  2.3250000000000000e+004	 -5.6036686229518148e+002	 -2.8681599078401922e+002	
  2.3280000000000000e+004	 -5.4815619383100397e+002	 -2.8310542041706140e+002	
  2.3310000000000000e+004	 -5.8701420231741190e+002	 -3.0770650134258790e+002	
  2.3340000000000000e+004	 -5.7764705424507656e+002	 -3.0024824461348453e+002	
  2.3370000000000000e+004	 -5.7312033850031071e+002	 -2.9011840366515332e+002	
  2.3400000000000000e+004	 -5.6742834723170972e+002	 -2.9746532839286903e+002	
  2.3430000000000000e+004	 -5.3456112969147534e+002	 -2.7492704705665727e+002	
  2.3460000000000000e+004	 -4.9512046864319393e+002	 -2.4788110945320321e+002	
  2.3490000000000000e+004	 -4.7685824667904370e+002	 -2.4202940543697432e+002	
  2.3520000000000000e+004	 -5.7657140268019884e+002	 -3.0630391347597964e+002	
  2.3550000000000000e+004	 -5.6052622590375233e+002	 -3.0191801762455270e+002	
  2.3580000000000000e+004	 -5.7605149490244753e+002	 -3.0490131108617214e+002	
  2.3610000000000000e+004	 -5.6439857912476270e+002	 -2.9581783167599667e+002	
  2.3640000000000000e+004	 -5.2339822591083805e+002	 -2.5643386155575962e+002	
  2.3670000000000000e+004	 -5.4329783445584349e+002	 -2.7302010836761258e+002	
  2.3700000000000000e+004	 -5.7339822511174043e+002	 -2.9884566312927717e+002	
  2.3730000000000000e+004	 -5.7560330718372302e+002	 -2.9933546259795531e+002	
  2.3760000000000000e+004	 -4.3910278922250080e+002	 -1.8944321481450373e+002	
  2.3790000000000000e+004	 -5.4268828460493967e+002	 -2.7464532150309992e+002	
  2.3820000000000000e+004	 -5.4700370664323282e+002	 -2.7804844535240488e+002	
  2.3850000000000000e+004	 -5.5625103958243255e+002	 -2.8534085360091564e+002	
  2.3880000000000000e+004	 -5.6549837252163206e+002	 -2.9263326184942639e+002	
  2.3910000000000000e+004	 -5.7278867293741837e+002	 -2.9820003277863799e+002	
  2.3940000000000000e+004	 -5.6574314751006500e+002	 -2.9236700261357328e+002	
  2.3970000000000000e+004	 -5.8440574696221097e+002	 -3.0523526122490466e+002	
  2.4000000000000000e+004	 -5.9193532576956818e+002	 -3.0674918091830864e+002	
  2.4030000000000000e+004	 -5.7646383787828051e+002	 -2.9361375408011963e+002	
  2.4060000000000000e+004	 -5.7511927005634254e+002	 -2.9621859222643150e+002	
  2.4090000000000000e+004	 -5.7113934325673017e+002	 -2.9303490289324952e+002	
  2.4120000000000000e+004	 -5.7372091514149110e+002	 -2.9964713455335283e+002	
  2.4150000000000000e+004	 -5.9591523881296337e+002	 -3.2262299732850613e+002	
  2.4180000000000000e+004	 -5.8711280651041670e+002	 -3.1153581223071831e+002	
  2.4210000000000000e+004	 -5.7743191937201584e+002	 -3.0082711365737742e+002	
  2.4240000000000000e+004	 -5.7011747346519019e+002	 -3.0229648876884869e+002	
  2.4270000000000000e+004	 -5.8444160217334490e+002	 -3.0643747989743986e+002	
  2.4300000000000000e+004	 -5.9161262977828642e+002	 -3.1665639777062108e+002	
  2.4330000000000000e+004	 -5.8874421558915697e+002	 -3.1333915577325541e+002	
  2.4360000000000000e+004	 -5.8601923427112285e+002	 -3.0445603383285186e+002	
  2.4390000000000000e+004	 -5.8976608861458681e+002	 -3.1966196529087159e+002	
  2.4420000000000000e+004	 -5.9071624998543098e+002	 -3.0950984333878762e+002	
  2.4450000000000000e+004	 -5.9356673138684914e+002	 -3.2110908870610990e+002	
  2.4480000000000000e+004	 -5.9139749704723249e+002	 -3.1630018897901192e+002	
  2.4510000000000000e+004	 -5.8738172273990085e+002	 -3.1191429793559229e+002	
  2.4540000000000000e+004	 -5.6694428604996904e+002	 -2.9891244951107944e+002	
  2.4570000000000000e+004	 -5.7658932625443697e+002	 -3.0552469536217438e+002	
  2.4600000000000000e+004	 -5.8311497016763838e+002	 -3.1817032248643892e+002	
  2.4630000000000000e+004	 -5.7657139507701436e+002	 -3.0194027799784487e+002	
  2.4660000000000000e+004	 -5.7800560043773305e+002	 -3.0247459186982394e+002	
  2.4690000000000000e+004	 -5.7800560043773305e+002	 -3.0247459186982394e+002	
  2.4720000000000000e+004	 -5.7800560043773305e+002	 -3.0247459186982394e+002	
  2.4750000000000000e+004	 -5.7800560043773305e+002	 -3.0247459186982394e+002	
  2.4780000000000000e+004	 -5.7800560043773305e+002	 -3.0247459186982394e+002	
  2.4810000000000000e+004	 -5.7800560043773305e+002	 -3.0247459186982394e+002	
  2.4840000000000000e+004	 -5.7800560043773305e+002	 -3.0247459186982394e+002	
  2.4870000000000000e+004	 -5.7800560043773305e+002	 -3.0247459186982394e+002	
  2.4900000000000000e+004	 -5.7800560043773305e+002	 -3.0247459186982394e+002	
  2.4930000000000000e+004	 -5.8871666957399884e+002	 -3.1174365444335996e+002	
  2.4960000000000000e+004	 -6.1911483579564538e+002	 -3.3804938557482978e+002	
  2.4990000000000000e+004	 -6.1231897318081565e+002	 -3.2700889885517194e+002	
  2.5020000000000000e+004	 -5.8027343999885238e+002	 -3.2881222659480846e+002	
  2.5050000000000000e+004	 -5.9261657519928053e+002	 -3.2791056229814455e+002	
  2.5080000000000000e+004	 -5.8774027576295680e+002	 -3.2006271358062543e+002	
  2.5110000000000000e+004	 -5.8057820694133602e+002	 -3.1273804415365379e+002	
  2.5140000000000000e+004	 -5.6393245290458856e+002	 -3.1250425800263235e+002	
  2.5170000000000000e+004	 -5.6586863580653937e+002	 -3.2389201534446516e+002	
  2.5200000000000000e+004	 -5.8010313405507952e+002	 -3.0334286604018791e+002	
  2.5230000000000000e+004	 -5.8967644529311985e+002	 -3.1017774834870346e+002	
  2.5260000000000000e+004	 -5.8298946448324591e+002	 -3.0720556367670434e+002	
  2.5290000000000000e+004	 -5.8508700057129238e+002	 -3.0284195813868405e+002	
  2.5320000000000000e+004	 -5.8553517997862195e+002	 -3.0959889458163434e+002	
  2.5350000000000000e+004	 -6.0278294221200872e+002	 -3.0316606720634684e+002	
  2.5380000000000000e+004	 -6.2062545486723661e+002	 -2.9651141819742884e+002	
  2.5410000000000000e+004	 -6.3846796752246439e+002	 -2.8985676918851073e+002	
  2.5440000000000000e+004	 -6.5631048017769228e+002	 -2.8320212017959267e+002	
  2.5470000000000000e+004	 -6.1319742000913971e+002	 -3.0220742474320394e+002	
  2.5500000000000000e+004	 -6.1507981981736862e+002	 -3.0548017208206147e+002	
  2.5530000000000000e+004	 -5.6945415251271265e+002	 -2.9980300007620508e+002	
  2.5560000000000000e+004	 -5.8910277681910577e+002	 -3.2449313755668521e+002	
  2.5590000000000000e+004	 -5.9345089041492952e+002	 -3.3741105110632247e+002	
  2.5620000000000000e+004	 -6.0733510797338238e+002	 -3.0381040798685922e+002	
  2.5650000000000000e+004	 -5.7666103230532701e+002	 -2.9158778788327163e+002	
  2.5680000000000000e+004	 -5.4636344433008344e+002	 -2.8087906848213072e+002	
  2.5710000000000000e+004	 -5.5173739517401157e+002	 -2.8426954943945202e+002	
  2.5740000000000000e+004	 -5.6181355300637688e+002	 -2.9062670123442945e+002	
  2.5770000000000000e+004	 -5.7188971083874208e+002	 -2.9698385302940693e+002	
  2.5800000000000000e+004	 -5.7978938987118204e+002	 -3.2108682672577413e+002	
  2.5830000000000000e+004	 -5.8200345863271889e+002	 -3.1325008956928269e+002	
  2.5860000000000000e+004	 -5.9874780060188016e+002	 -3.2346901004491576e+002	
  2.5890000000000000e+004	 -5.2110349947541795e+002	 -2.9142081365273219e+002	
  2.5920000000000000e+004	 -4.0697659449018840e+002	 -2.3089770103276811e+002	
  2.5950000000000000e+004	 -4.0697659449018835e+002	 -2.3089770103276808e+002	
  2.5980000000000000e+004	 -4.0697659449018835e+002	 -2.3089770103276808e+002	
  2.6010000000000000e+004	 -4.0697659449018835e+002	 -2.3089770103276808e+002	
  2.6040000000000000e+004	 -4.0697659449018835e+002	 -2.3089770103276808e+002	
  2.6070000000000000e+004	 -4.0697659449018835e+002	 -2.3089770103276808e+002	
  2.6100000000000000e+004	 -4.0697659449018835e+002	 -2.3089770103276808e+002	
  2.6130000000000000e+004	 -4.0697659449018835e+002	 -2.3089770103276808e+002	
  2.6160000000000000e+004	 -4.0697659449018835e+002	 -2.3089770103276808e+002	
  2.6190000000000000e+004	 -4.3446294868213579e+002	 -2.4147173664100006e+002	
  2.6220000000000000e+004	 -4.7198236217556644e+002	 -2.5590550299316857e+002	
  2.6250000000000000e+004	 -5.0950177566899697e+002	 -2.7033926934533707e+002	
  2.6280000000000000e+004	 -5.4702118916242762e+002	 -2.8477303569750558e+002	
  2.6310000000000000e+004	 -5.8125049592131188e+002	 -2.9784380991470414e+002	
  2.6340000000000000e+004	 -6.1801993737739974e+002	 -3.1046716730295702e+002	
  2.6370000000000000e+004	 -5.4636344564087051e+002	 -2.8720190414705087e+002	
  2.6400000000000000e+004	 -5.9769006955528664e+002	 -3.1075659933980506e+002	
  2.6430000000000000e+004	 -5.1059793780055816e+002	 -2.9201079518593008e+002	
  2.6460000000000000e+004	 -5.2260941738039787e+002	 -2.9310170934607885e+002	
  2.6490000000000000e+004	 -6.2434836838702847e+002	 -3.2562856191079476e+002	
  2.6520000000000000e+004	 -6.2434836838702847e+002	 -3.2562856191079476e+002	
  2.6550000000000000e+004	 -6.2434836838702847e+002	 -3.2562856191079476e+002	
  2.6580000000000000e+004	 -6.2434836838702847e+002	 -3.2562856191079476e+002	
  2.6610000000000000e+004	 -6.2434836838702847e+002	 -3.2562856191079476e+002	
  2.6640000000000000e+004	 -6.2434836838702847e+002	 -3.2562856191079476e+002	
  2.6670000000000000e+004	 -6.2434836838702847e+002	 -3.2562856191079476e+002	
  2.6700000000000000e+004	 -6.2434836838702847e+002	 -3.2562856191079476e+002	
  2.6730000000000000e+004	 -6.2434836838702847e+002	 -3.2562856191079476e+002	
  2.6760000000000000e+004	 -6.1966663272272854e+002	 -3.2191907288224172e+002	
  2.6790000000000000e+004	 -5.8815819550801120e+002	 -2.9695392949618855e+002	
  2.6820000000000000e+004	 -5.5664975829329376e+002	 -2.7198878611013527e+002	
  2.6850000000000000e+004	 -5.7827451896211437e+002	 -2.9585122698742305e+002	
  2.6880000000000000e+004	 -5.8123257044893899e+002	 -3.0609239417340211e+002	
  2.6910000000000000e+004	 -5.8526627208525667e+002	 -3.1238181235232327e+002	
  2.6940000000000000e+004	 -5.8526627208525667e+002	 -3.1238181235232327e+002	
  2.6970000000000000e+004	 -5.8526627208525667e+002	 -3.1238181235232327e+002	
  2.7000000000000000e+004	 -5.8526627208525667e+002	 -3.1238181235232327e+002	
  2.7030000000000000e+004	 -5.8526627208525667e+002	 -3.1238181235232327e+002	
  2.7060000000000000e+004	 -5.8526627208525667e+002	 -3.1238181235232327e+002	
  2.7090000000000000e+004	 -5.8526627208525667e+002	 -3.1238181235232327e+002	
  2.7120000000000000e+004	 -5.8526627208525667e+002	 -3.1238181235232327e+002	
  2.7150000000000000e+004	 -5.8526627208525667e+002	 -3.1238181235232327e+002	
  2.7180000000000000e+004	 -5.8148568949488833e+002	 -3.0878559724158231e+002	
  2.7210000000000000e+004	 -5.5235865233720415e+002	 -2.8107899682913842e+002	
  2.7240000000000000e+004	 -5.2323161517951985e+002	 -2.5337239641669456e+002	
  2.7270000000000000e+004	 -4.9410457802183561e+002	 -2.2566579600425067e+002	
  2.7300000000000000e+004	 -6.0050469602014914e+002	 -3.2228905755372028e+002	
  2.7330000000000000e+004	 -6.2345199279592453e+002	 -3.3843003225857336e+002	
  2.7360000000000000e+004	 -6.0211818734504993e+002	 -3.2985860934671445e+002	
  2.7390000000000000e+004	 -6.1000632027671963e+002	 -3.2930201789452371e+002	
  2.7420000000000000e+004	 -5.6070550182420754e+002	 -2.9924641315894422e+002	
  2.7450000000000000e+004	 -6.0803428434710531e+002	 -3.3019256796978635e+002	
  2.7480000000000000e+004	 -6.0740681472857318e+002	 -3.3564709957481341e+002	
  2.7510000000000000e+004	 -5.9076269575311130e+002	 -3.1743157136454278e+002	
  2.7540000000000000e+004	 -5.4083033882672578e+002	 -2.6278498673373088e+002	
  2.7570000000000000e+004	 -6.2988799518937083e+002	 -3.4156917114057779e+002	
  2.7600000000000000e+004	 -6.1597618970419228e+002	 -3.2447086828151481e+002	
  2.7630000000000000e+004	 -6.1414758368283708e+002	 -3.2816658712172790e+002	
  2.7660000000000000e+004	 -5.9831754227047782e+002	 -3.1552097080146643e+002	
  2.7690000000000000e+004	 -6.0174170966221232e+002	 -3.2754322062293858e+002	
  2.7720000000000000e+004	 -6.0170585622291696e+002	 -3.3092723875547046e+002	
  2.7750000000000000e+004	 -6.1145845429087694e+002	 -3.4573242773769323e+002	
  2.7780000000000000e+004	 -5.9968003294002563e+002	 -3.2774357096878896e+002	
  2.7810000000000000e+004	 -5.8134013399855860e+002	 -2.9946904285284688e+002	
  2.7840000000000000e+004	 -5.9725981341638089e+002	 -3.2732058754375782e+002	
  2.7870000000000000e+004	 -6.0511209595818059e+002	 -3.2431501075600772e+002	
  2.7900000000000000e+004	 -6.1620925490019386e+002	 -3.2874542204702959e+002	
  2.7930000000000000e+004	 -6.1364561324683598e+002	 -3.1774730684241939e+002	
  2.7960000000000000e+004	 -6.2002782762396112e+002	 -3.3900886668703714e+002	
  2.7990000000000000e+004	 -6.2456350020862874e+002	 -3.3709423575747974e+002	
  2.8020000000000000e+004	 -6.3096363797590095e+002	 -3.2671947580222144e+002	
  2.8050000000000000e+004	 -6.3456708501054777e+002	 -3.2358031319170215e+002	
  2.8080000000000000e+004	 -6.4401491687340126e+002	 -3.3393280935922718e+002	
  2.8110000000000000e+004	 -6.4159469370104102e+002	 -3.3426677123507255e+002	
  2.8140000000000000e+004	 -6.3940752684831909e+002	 -3.3342074676336904e+002	
  2.8170000000000000e+004	 -6.0952121541811732e+002	 -3.1425063356863313e+002	
  2.8200000000000000e+004	 -5.7503700992173071e+002	 -2.9213127219009169e+002	
  2.8230000000000000e+004	 -5.4630966318160245e+002	 -2.7613697258234072e+002	
  2.8260000000000000e+004	 -5.8955095449226019e+002	 -3.0914251323216865e+002	
  2.8290000000000000e+004	 -5.8471052349194372e+002	 -2.7590320477581162e+002	
  2.8320000000000000e+004	 -6.1098336321140152e+002	 -3.4643371766195617e+002	
  2.8350000000000000e+004	 -6.1104611759766794e+002	 -3.3667120168549735e+002	
  2.8380000000000000e+004	 -6.0404540181168284e+002	 -3.1463042577484140e+002	
  2.8410000000000000e+004	 -5.9028598229531258e+002	 -2.9156552658774319e+002	
  2.8440000000000000e+004	 -5.9028598229531258e+002	 -2.9156552658774325e+002	
  2.8470000000000000e+004	 -5.9028598229531258e+002	 -2.9156552658774325e+002	
  2.8500000000000000e+004	 -5.9028598229531258e+002	 -2.9156552658774325e+002	
  2.8530000000000000e+004	 -5.9028598229531258e+002	 -2.9156552658774325e+002	
  2.8560000000000000e+004	 -5.9028598229531258e+002	 -2.9156552658774325e+002	
  2.8590000000000000e+004	 -5.9028598229531258e+002	 -2.9156552658774325e+002	
  2.8620000000000000e+004	 -5.9028598229531258e+002	 -2.9156552658774325e+002	
  2.8650000000000000e+004	 -5.9028598229531258e+002	 -2.9156552658774325e+002	
  2.8680000000000000e+004	 -5.9028598229531258e+002	 -2.9156552658774325e+002	
  2.8710000000000000e+004	 -5.9028598229531258e+002	 -2.9156552658774325e+002	
  2.8740000000000000e+004	 -5.9028598229531258e+002	 -2.9156552658774325e+002	
  2.8770000000000000e+004	 -5.9028598229531258e+002	 -2.9156552658774325e+002	
  2.8800000000000000e+004	 -5.9028598229531258e+002	 -2.9156552658774325e+002	
  2.8830000000000000e+004	 -5.9028598229531258e+002	 -2.9156552658774325e+002	
  2.8860000000000000e+004	 -5.9028598229531258e+002	 -2.9156552658774325e+002	
  2.8890000000000000e+004	 -5.9028598229531258e+002	 -2.9156552658774325e+002	
  2.8920000000000000e+004	 -5.9028598229531258e+002	 -2.9156552658774325e+002	
  2.8950000000000000e+004	 -5.9028598229531258e+002	 -2.9156552658774325e+002	
  2.8980000000000000e+004	 -5.9028598229531258e+002	 -2.9156552658774325e+002	
  2.9010000000000000e+004	 -5.9028598229531258e+002	 -2.9156552658774325e+002	
  2.9040000000000000e+004	 -5.9028598229531258e+002	 -2.9156552658774325e+002	
  2.9070000000000000e+004	 -5.9028598229531258e+002	 -2.9156552658774325e+002	
  2.9100000000000000e+004	 -5.9028598229531258e+002	 -2.9156552658774325e+002	
  2.9130000000000000e+004	 -5.9028598229531258e+002	 -2.9156552658774325e+002	
  2.9160000000000000e+004	 -5.9028598229531258e+002	 -2.9156552658774325e+002	
  2.9190000000000000e+004	 -5.9028598229531258e+002	 -2.9156552658774325e+002	
  2.9220000000000000e+004	 -5.9028598229531258e+002	 -2.9156552658774325e+002	
  2.9250000000000000e+004	 -5.9028598229531258e+002	 -2.9156552658774325e+002	
  2.9280000000000000e+004	 -5.9028598229531258e+002	 -2.9156552658774325e+002	
  2.9310000000000000e+004	 -5.9028598229531258e+002	 -2.9156552658774325e+002	
  2.9340000000000000e+004	 -5.9028598229531258e+002	 -2.9156552658774325e+002	
  2.9370000000000000e+004	 -5.9028598229531258e+002	 -2.9156552658774325e+002	
  2.9400000000000000e+004	 -5.9028598229531258e+002	 -2.9156552658774325e+002	
  2.9430000000000000e+004	 -5.9028598229531258e+002	 -2.9156552658774325e+002	
  2.9460000000000000e+004	 -5.9028598229531258e+002	 -2.9156552658774325e+002	
  2.9490000000000000e+004	 -5.9028598229531258e+002	 -2.9156552658774325e+002	
  2.9520000000000000e+004	 -5.9028598229531258e+002	 -2.9156552658774325e+002	
  2.9550000000000000e+004	 -5.9028598229531258e+002	 -2.9156552658774325e+002	
  2.9580000000000000e+004	 -5.9028598229531258e+002	 -2.9156552658774325e+002	
  2.9610000000000000e+004	 -5.9028598229531258e+002	 -2.9156552658774325e+002	
  2.9640000000000000e+004	 -5.9028598229531258e+002	 -2.9156552658774325e+002	
  2.9670000000000000e+004	 -5.9028598229531258e+002	 -2.9156552658774325e+002	
  2.9700000000000000e+004	 -5.9028598229531258e+002	 -2.9156552658774325e+002	
  2.9730000000000000e+004	 -5.9028598229531258e+002	 -2.9156552658774325e+002	
  2.9760000000000000e+004	 -5.9028598229531258e+002	 -2.9156552658774325e+002	
  2.9790000000000000e+004	 -5.9028598229531258e+002	 -2.9156552658774325e+002	
  2.9820000000000000e+004	 -5.9028598229531258e+002	 -2.9156552658774325e+002	
  2.9850000000000000e+004	 -5.9028598229531258e+002	 -2.9156552658774325e+002	
  2.9880000000000000e+004	 -5.9028598229531258e+002	 -2.9156552658774325e+002	
  2.9910000000000000e+004	 -5.9028598229531258e+002	 -2.9156552658774325e+002	
  2.9940000000000000e+004	 -5.9028598229531258e+002	 -2.9156552658774325e+002	
  2.9970000000000000e+004	 -5.9028598229531258e+002	 -2.9156552658774325e+002	
  3.0000000000000000e+004	 -5.9028598229531258e+002	 -2.9156552658774325e+002	
  3.0030000000000000e+004	 -5.9028598229531258e+002	 -2.9156552658774325e+002	
  3.0060000000000000e+004	 -5.9028598229531258e+002	 -2.9156552658774325e+002	
  3.0090000000000000e+004	 -5.9028598229531258e+002	 -2.9156552658774325e+002	
  3.0120000000000000e+004	 -5.9028598229531258e+002	 -2.9156552658774325e+002	
  3.0150000000000000e+004	 -5.9028598229531258e+002	 -2.9156552658774325e+002	
  3.0180000000000000e+004	 -5.9028598229531258e+002	 -2.9156552658774325e+002	
  3.0210000000000000e+004	 -5.9028598229531258e+002	 -2.9156552658774325e+002	
  3.0240000000000000e+004	 -5.9028598229531258e+002	 -2.9156552658774325e+002	
  3.0270000000000000e+004	 -5.9028598229531258e+002	 -2.9156552658774325e+002	
  3.0300000000000000e+004	 -5.9028598229531258e+002	 -2.9156552658774325e+002	
  3.0330000000000000e+004	 -5.9028598229531258e+002	 -2.9156552658774325e+002	
  3.0360000000000000e+004	 -5.9028598229531258e+002	 -2.9156552658774325e+002	
  3.0390000000000000e+004	 -5.9028598229531258e+002	 -2.9156552658774325e+002	
  3.0420000000000000e+004	 -5.9028598229531258e+002	 -2.9156552658774325e+002	
  3.0450000000000000e+004	 -5.9028598229531258e+002	 -2.9156552658774325e+002	
  3.0480000000000000e+004	 -5.9028598229531258e+002	 -2.9156552658774325e+002	
  3.0510000000000000e+004	 -5.9028598229531258e+002	 -2.9156552658774325e+002	
  3.0540000000000000e+004	 -5.9028598229531258e+002	 -2.9156552658774325e+002	
  3.0570000000000000e+004	 -5.9028598229531258e+002	 -2.9156552658774325e+002	
  3.0600000000000000e+004	 -5.9028598229531258e+002	 -2.9156552658774325e+002	
  3.0630000000000000e+004	 -5.9028598229531258e+002	 -2.9156552658774325e+002	
  3.0660000000000000e+004	 -5.9153196156394438e+002	 -2.9379187027696736e+002	
  3.0690000000000000e+004	 -5.8474636541545681e+002	 -3.0090503146066823e+002	
  3.0720000000000000e+004	 -5.8722934192263403e+002	 -2.9373621904445929e+002	
  3.0750000000000000e+004	 -5.9908842730917422e+002	 -2.9796625984635665e+002	
  3.0780000000000000e+004	 -5.8341077459753456e+002	 -2.9776588529812051e+002	
  3.0810000000000000e+004	 -5.7075390448937867e+002	 -3.0297553802931941e+002	
  3.0840000000000000e+004	 -5.7899161204318875e+002	 -3.0210725534952223e+002	
  3.0870000000000000e+004	 -5.8484496726630709e+002	 -2.9931318684648107e+002	
  3.0900000000000000e+004	 -6.0027164159608776e+002	 -2.9824455095952948e+002	
  3.0930000000000000e+004	 -5.8534694120871711e+002	 -2.9221115842678921e+002	
  3.0960000000000000e+004	 -5.7795182255892666e+002	 -2.9031878539150273e+002	
  3.0990000000000000e+004	 -5.8418165072114653e+002	 -2.9722044182813778e+002	
  3.1020000000000000e+004	 -5.8631502648639082e+002	 -2.9361376744048766e+002	
  3.1050000000000000e+004	 -5.6608377019255954e+002	 -2.9134288553238332e+002	
  3.1080000000000000e+004	 -5.6868707986109837e+002	 -2.9213868603142288e+002	
  3.1110000000000000e+004	 -5.7642797261889871e+002	 -2.9481597960490234e+002	
  3.1140000000000000e+004	 -6.0319383641566094e+002	 -3.0670464812265141e+002	
  3.1170000000000000e+004	 -6.0249481872439674e+002	 -3.0535810315284897e+002	
  3.1200000000000000e+004	 -6.0099692367168757e+002	 -3.0247264964612964e+002	
  3.1230000000000000e+004	 -5.9949902861897851e+002	 -2.9958719613941031e+002	
  3.1260000000000000e+004	 -5.9800113356626935e+002	 -2.9670174263269087e+002	
  3.1290000000000000e+004	 -5.9650323851356029e+002	 -2.9381628912597148e+002	
  3.1320000000000000e+004	 -5.9500534346085124e+002	 -2.9093083561925215e+002	
  3.1350000000000000e+004	 -5.9350744840814218e+002	 -2.8804538211253276e+002	
  3.1380000000000000e+004	 -5.9200955335543301e+002	 -2.8515992860581338e+002	
  3.1410000000000000e+004	 -5.9125408120978534e+002	 -2.9321300794541332e+002	
  3.1440000000000000e+004	 -5.9013727215751669e+002	 -2.9523391737994814e+002	
  3.1470000000000000e+004	 -6.0373573834647198e+002	 -2.9910472317585612e+002	
  3.1500000000000000e+004	 -6.1733420453542738e+002	 -3.0297552897176411e+002	
  3.1530000000000000e+004	 -6.0694070249862045e+002	 -3.1614433788208942e+002	
  3.1560000000000000e+004	 -5.8686182887667405e+002	 -3.0623713447671969e+002	
  3.1590000000000000e+004	 -5.9091345720712502e+002	 -3.0269722148629086e+002	
  3.1620000000000000e+004	 -5.9521458651378032e+002	 -3.0145564489082261e+002	
  3.1650000000000000e+004	 -5.9982293934233962e+002	 -3.0012538425282099e+002	
  3.1680000000000000e+004	 -6.0443129217089881e+002	 -2.9879512361481932e+002	
  3.1710000000000000e+004	 -6.0903964499945812e+002	 -2.9746486297681776e+002	
  3.1740000000000000e+004	 -6.1364799782801742e+002	 -2.9613460233881608e+002	
  3.1770000000000000e+004	 -6.1825635065657661e+002	 -2.9480434170081446e+002	
  3.1800000000000000e+004	 -6.2286470348513581e+002	 -2.9347408106281279e+002	
  3.1830000000000000e+004	 -6.2747305631369511e+002	 -2.9214382042481117e+002	
  3.1860000000000000e+004	 -6.1209487905376807e+002	 -2.9297926666751533e+002	
  3.1890000000000000e+004	 -6.0337311444927150e+002	 -2.7854141862835638e+002	
  3.1920000000000000e+004	 -5.8344363457151132e+002	 -2.8091618639012455e+002	
  3.1950000000000000e+004	 -5.4827396419899333e+002	 -2.8510695302853901e+002	
  3.1980000000000000e+004	 -5.6443443604439346e+002	 -2.8831507227381746e+002	
  3.2010000000000000e+004	 -5.6755382975558155e+002	 -2.9125385221946061e+002	
  3.2040000000000000e+004	 -5.7051188193388873e+002	 -2.8916107655396485e+002	
  3.2070000000000000e+004	 -5.6339462478729479e+002	 -2.8326126436452836e+002	
  3.2100000000000000e+004	 -5.6170944371291284e+002	 -2.7181786286586919e+002	
  3.2130000000000000e+004	 -5.7087043408196905e+002	 -2.9051915548611117e+002	
  3.2160000000000000e+004	 -5.7587222113568316e+002	 -2.8673436366695034e+002	
  3.2190000000000000e+004	 -5.6647817587146324e+002	 -2.8377333710884989e+002	
  3.2220000000000000e+004	 -5.9815618829526545e+002	 -2.8940597971995419e+002	
  3.2250000000000000e+004	 -5.4526985981549183e+002	 -2.8466385668358481e+002	
  3.2280000000000000e+004	 -5.5753232020421365e+002	 -2.8065644646338228e+002	
  3.2310000000000000e+004	 -5.6021747334243378e+002	 -2.8367437690143532e+002	
  3.2340000000000000e+004	 -5.6539655099074446e+002	 -2.9876402909170059e+002	
  3.2370000000000000e+004	 -5.8395755369209041e+002	 -3.2571761297836326e+002	
  3.2400000000000000e+004	 -5.8529615286086164e+002	 -3.2285800358759775e+002	
  3.2430000000000000e+004	 -5.8513181528472160e+002	 -2.8622230131140049e+002	
  3.2460000000000000e+004	 -6.1166461791214238e+002	 -3.3019256283297733e+002	
  3.2490000000000000e+004	 -6.0798946098334841e+002	 -3.2852280733598479e+002	
  3.2520000000000000e+004	 -6.0677935122932558e+002	 -3.2195509288120729e+002	
  3.2550000000000000e+004	 -5.9505748091268185e+002	 -3.0770405764106022e+002	
  3.2580000000000000e+004	 -5.8099123653270919e+002	 -2.9060281535288368e+002	
  3.2610000000000000e+004	 -5.6692499215273676e+002	 -2.7350157306470715e+002	
  3.2640000000000000e+004	 -5.8001349297666957e+002	 -2.9608500210831988e+002	
  3.2670000000000000e+004	 -5.7460705408060699e+002	 -2.9009613574200824e+002	
  3.2700000000000000e+004	 -5.7399239133845401e+002	 -2.8074551231419457e+002	
  3.2730000000000000e+004	 -5.8056027931869414e+002	 -2.8297183853188830e+002	
  3.2760000000000000e+004	 -5.6338568030290321e+002	 -2.8376220566738914e+002	
  3.2790000000000000e+004	 -5.7154270999771791e+002	 -2.8871581399263016e+002	
  3.2820000000000000e+004	 -5.7014435792786560e+002	 -2.9232248334921724e+002	
  3.2850000000000000e+004	 -5.6282991085461526e+002	 -2.9058595891341827e+002	
  3.2880000000000000e+004	 -5.6021249389731690e+002	 -2.9451543149870042e+002	
  3.2910000000000000e+004	 -5.4457069000805620e+002	 -2.8744681337973861e+002	
  3.2940000000000000e+004	 -5.6662159144729833e+002	 -2.7692732752174879e+002	
  3.2970000000000000e+004	 -5.7289623962146811e+002	 -2.8021116668284526e+002	
  3.3000000000000000e+004	 -5.4797692441558308e+002	 -2.7742826146154772e+002	
  3.3030000000000000e+004	 -5.4992422783983193e+002	 -2.7823434864467623e+002	
  3.3060000000000000e+004	 -5.5381883468832962e+002	 -2.7984652301093314e+002	
  3.3090000000000000e+004	 -5.5771344153682719e+002	 -2.8145869737719011e+002	
  3.3120000000000000e+004	 -5.7293210166768915e+002	 -2.7825199853922311e+002	
  3.3150000000000000e+004	 -5.7047602241230720e+002	 -2.9962487214615987e+002	
  3.3180000000000000e+004	 -5.8080230217901499e+002	 -2.9437071866400504e+002	
  3.3210000000000000e+004	 -5.7015332359841011e+002	 -2.9098668272862142e+002	
  3.3240000000000000e+004	 -5.8745343601774380e+002	 -2.9539483909264311e+002	
  3.3270000000000000e+004	 -5.8374242559599111e+002	 -3.0127239095008770e+002	
  3.3300000000000000e+004	 -5.8340180704322154e+002	 -2.8916106584863684e+002	
  3.3330000000000000e+004	 -5.8082023523205737e+002	 -2.7887536919430130e+002	
  3.3360000000000000e+004	 -5.7617698999527988e+002	 -2.7956553834383362e+002	
  3.3390000000000000e+004	 -5.7449024053203982e+002	 -2.8306186473905888e+002	
  3.3420000000000000e+004	 -5.7071960500373541e+002	 -2.9667401433802155e+002	
  3.3450000000000000e+004	 -5.6694896947543100e+002	 -3.1028616393698428e+002	
  3.3480000000000000e+004	 -5.7130069453136332e+002	 -3.1336142810408018e+002	
  3.3510000000000000e+004	 -5.8073059377480240e+002	 -2.9080856427803644e+002	
  3.3540000000000000e+004	 -5.8110707396602629e+002	 -2.9238927033674224e+002	
  3.3570000000000000e+004	 -6.0903822728489229e+002	 -3.4361740825067898e+002	
  3.3600000000000000e+004	 -6.1807372380498123e+002	 -3.7360621600348549e+002	
  3.3630000000000000e+004	 -6.1214243241660972e+002	 -3.5463325789222796e+002	
  3.3660000000000000e+004	 -6.0102126106341279e+002	 -3.1905896143362020e+002	
  3.3690000000000000e+004	 -5.8990008971021587e+002	 -2.8348466497501238e+002	
  3.3720000000000000e+004	 -5.7877891835701894e+002	 -2.4791036851640462e+002	
  3.3750000000000000e+004	 -5.7558537929137503e+002	 -3.0374360624588712e+002	
  3.3780000000000000e+004	 -5.8687974720064801e+002	 -3.2222225575028563e+002	
  3.3810000000000000e+004	 -5.6303609200804635e+002	 -2.6540602555879923e+002	
  3.3840000000000000e+004	 -5.5398090912327189e+002	 -2.6005843512733418e+002	
  3.3870000000000000e+004	 -5.4427892746101338e+002	 -2.5432887395076455e+002	
  3.3900000000000000e+004	 -5.3457694579875499e+002	 -2.4859931277419489e+002	
  3.3930000000000000e+004	 -5.4146921252881725e+002	 -2.5512030909658421e+002	
