  0.0000000000000000e+000	 -7.1452404119615198e+002	 -2.3245615226114967e+002	
  3.0000000000000000e+001	 -6.8709486497372689e+002	 -2.6540602555879923e+002	
  6.0000000000000000e+001	 -6.6620925450450113e+002	 -2.8989577269898120e+002	
  9.0000000000000000e+001	 -5.8150147466016176e+002	 -4.1212194595624914e+002	
  1.2000000000000000e+002	 -4.6775105252624701e+002	 -6.1494170321078172e+002	
  1.5000000000000000e+002	 -6.3420854210719028e+002	 -7.6900457355285448e+002	
  1.8000000000000000e+002	 -6.5742472677233172e+002	 -7.4317900171915983e+002	
  2.1000000000000000e+002	 -2.5011037046505672e+002	 -8.0551657381097607e+002	
  2.4000000000000000e+002	  8.2356411494411873e+001	 -8.5549795248052169e+002	
  2.7000000000000000e+002	  2.4639369351398472e+002	 -8.7987639674608329e+002	
  3.0000000000000000e+002	  2.8332446330006456e+002	 -8.8577621156521730e+002	
  3.3000000000000000e+002	  2.8995769229749686e+002	 -8.8811386130978099e+002	
  3.6000000000000000e+002	  4.7505984190948692e+002	 -9.0458879387052775e+002	
  3.9000000000000000e+002	  5.2875291485285368e+002	 -9.0425484112843912e+002	
  4.2000000000000000e+002	  6.2556179130257283e+002	 -9.0648118722130528e+002	
  4.5000000000000000e+002	  7.5750869592255890e+002	 -9.0481143209895697e+002	
  4.8000000000000000e+002	  7.7624301010293527e+002	 -9.0636986825100416e+002	
  5.1000000000000000e+002	  7.7570518433349241e+002	 -9.0503406046984571e+002	
  5.4000000000000000e+002	  9.2773097409721959e+002	 -9.0614723414049843e+002	
  5.7000000000000000e+002	  1.3314598460683490e+003	 -9.1271494974476764e+002	
  6.0000000000000000e+002	  1.3925928604215999e+003	 -9.7917125107441564e+002	
  6.3000000000000000e+002	  1.3933996040639272e+003	 -9.9130482072261691e+002	
  6.6000000000000000e+002	  1.3825534187379726e+003	 -1.3777977832610738e+003	
  6.9000000000000000e+002	  1.3146079313316943e+003	 -1.5576862225497835e+003	
  7.2000000000000000e+002	  1.2610044991940101e+003	 -1.6464059469675910e+003	
  7.5000000000000000e+002	  1.2016642446501130e+003	 -1.7818788578260717e+003	
  7.8000000000000000e+002	  1.1895631317442005e+003	 -1.7833259831024143e+003	
  8.1000000000000000e+002	  1.1968238029696599e+003	 -1.8072591564322190e+003	
  8.4000000000000000e+002	  1.2152891974063521e+003	 -1.8063686210199578e+003	
  8.7000000000000000e+002	  1.2382364863193402e+003	 -1.8212851141887245e+003	
  9.0000000000000000e+002	  1.2349198849927757e+003	 -1.8099307661708588e+003	
  9.3000000000000000e+002	  1.2351888011029705e+003	 -1.8156079407988848e+003	
  9.6000000000000000e+002	  1.2328582120380097e+003	 -1.8218416973176681e+003	
  9.9000000000000000e+002	  1.2184265225307390e+003	 -1.8113778925885247e+003	
  1.0200000000000000e+003	  1.2239504517826676e+003	 -1.8044762289322455e+003	
  1.0500000000000000e+003	  1.2326251571425032e+003	 -1.8122906893917952e+003	
  1.0800000000000000e+003	  1.2351432673037814e+003	 -1.7957440214660141e+003	
  1.1100000000000000e+003	  1.2269051204481600e+003	 -1.8072467888800002e+003	
  1.1400000000000000e+003	  1.2221464900249205e+003	 -1.8134372575263983e+003	
  1.1700000000000000e+003	  1.2229084164540400e+003	 -1.8040309640752841e+003	
  1.2000000000000000e+003	  1.2229084164540400e+003	 -1.8040309640752841e+003	
  1.2300000000000000e+003	  1.2229084164540400e+003	 -1.8040309640752841e+003	
  1.2600000000000000e+003	  1.2229084164540400e+003	 -1.8040309640752841e+003	
  1.2900000000000000e+003	  1.2229084164540400e+003	 -1.8040309640752841e+003	
  1.3200000000000000e+003	  1.2229084164540400e+003	 -1.8040309640752841e+003	
  1.3500000000000000e+003	  1.2229084164540400e+003	 -1.8040309640752841e+003	
  1.3800000000000000e+003	  1.2229084164540400e+003	 -1.8040309640752841e+003	
  1.4100000000000000e+003	  1.2229084164540400e+003	 -1.8040309640752841e+003	
  1.4400000000000000e+003	  1.2229084164540400e+003	 -1.8040309640752841e+003	
  1.4700000000000000e+003	  1.2229084164540400e+003	 -1.8040309640752841e+003	
  1.5000000000000000e+003	  1.2229084164540400e+003	 -1.8040309640752841e+003	
  1.5300000000000000e+003	  1.2229084164540400e+003	 -1.8040309640752841e+003	
  1.5600000000000000e+003	  1.2229084164540400e+003	 -1.8040309640752841e+003	
  1.5900000000000000e+003	  1.2229084164540400e+003	 -1.8040309640752841e+003	
  1.6200000000000000e+003	  1.2229084164540400e+003	 -1.8040309640752841e+003	
  1.6500000000000000e+003	  1.2229084164540400e+003	 -1.8040309640752841e+003	
  1.6800000000000000e+003	  1.2229084164540400e+003	 -1.8040309640752841e+003	
  1.7100000000000000e+003	  1.2229084164540400e+003	 -1.8040309640752841e+003	
  1.7400000000000000e+003	  1.2229084164540400e+003	 -1.8040309640752841e+003	
  1.7700000000000000e+003	  1.2229084164540400e+003	 -1.8040309640752841e+003	
  1.8000000000000000e+003	  1.2229084164540400e+003	 -1.8040309640752841e+003	
  1.8300000000000000e+003	  1.2229084164540400e+003	 -1.8040309640752841e+003	
  1.8600000000000000e+003	  1.2229084164540400e+003	 -1.8040309640752841e+003	
  1.8900000000000000e+003	  1.2229084164540400e+003	 -1.8040309640752841e+003	
  1.9200000000000000e+003	  1.2229084164540400e+003	 -1.8040309640752841e+003	
  1.9500000000000000e+003	  1.2229084164540400e+003	 -1.8040309640752841e+003	
  1.9800000000000000e+003	  1.2229084164540400e+003	 -1.8040309640752841e+003	
  2.0100000000000000e+003	  1.2229084164540400e+003	 -1.8040309640752841e+003	
  2.0400000000000000e+003	  1.2229084164540400e+003	 -1.8040309640752841e+003	
  2.0700000000000000e+003	  1.2229084164540400e+003	 -1.8040309640752841e+003	
  2.1000000000000000e+003	  1.2229084164540400e+003	 -1.8040309640752841e+003	
  2.1300000000000000e+003	  1.2229084164540400e+003	 -1.8040309640752841e+003	
  2.1600000000000000e+003	  1.2229084164540400e+003	 -1.8040309640752841e+003	
  2.1900000000000000e+003	  1.2229084164540400e+003	 -1.8040309640752841e+003	
  2.2200000000000000e+003	  1.2229084164540400e+003	 -1.8040309640752841e+003	
  2.2500000000000000e+003	  1.2229084164540400e+003	 -1.8040309640752841e+003	
  2.2800000000000000e+003	  1.2229084164540400e+003	 -1.8040309640752841e+003	
  2.3100000000000000e+003	  1.2229084164540400e+003	 -1.8040309640752841e+003	
  2.3400000000000000e+003	  1.2229084164540400e+003	 -1.8040309640752841e+003	
  2.3700000000000000e+003	  1.2229084164540400e+003	 -1.8040309640752841e+003	
  2.4000000000000000e+003	  1.2229084164540400e+003	 -1.8040309640752841e+003	
  2.4300000000000000e+003	  1.2229084164540400e+003	 -1.8040309640752841e+003	
  2.4600000000000000e+003	  1.2229084164540400e+003	 -1.8040309640752841e+003	
  2.4900000000000000e+003	  1.2229084164540400e+003	 -1.8040309640752841e+003	
  2.5200000000000000e+003	  1.2229084164540400e+003	 -1.8040309640752841e+003	
  2.5500000000000000e+003	  1.2229084164540400e+003	 -1.8040309640752841e+003	
  2.5800000000000000e+003	  1.2229084164540400e+003	 -1.8040309640752841e+003	
  2.6100000000000000e+003	  1.2229084164540400e+003	 -1.8040309640752841e+003	
  2.6400000000000000e+003	  1.2229084164540400e+003	 -1.8040309640752841e+003	
  2.6700000000000000e+003	  1.2229084164540400e+003	 -1.8040309640752841e+003	
  2.7000000000000000e+003	  1.2229084164540400e+003	 -1.8040309640752841e+003	
  2.7300000000000000e+003	  1.2229084164540400e+003	 -1.8040309640752841e+003	
  2.7600000000000000e+003	  1.2229084164540400e+003	 -1.8040309640752841e+003	
  2.7900000000000000e+003	  1.2229084164540400e+003	 -1.8040309640752841e+003	
  2.8200000000000000e+003	  1.2229084164540400e+003	 -1.8040309640752841e+003	
  2.8500000000000000e+003	  1.2229084164540400e+003	 -1.8040309640752841e+003	
  2.8800000000000000e+003	  1.2229084164540400e+003	 -1.8040309640752841e+003	
  2.9100000000000000e+003	  1.2229084164540400e+003	 -1.8040309640752841e+003	
  2.9400000000000000e+003	  1.2229084164540400e+003	 -1.8040309640752841e+003	
  2.9700000000000000e+003	  1.2229084164540400e+003	 -1.8040309640752841e+003	
  3.0000000000000000e+003	  1.2229084164540400e+003	 -1.8040309640752841e+003	
  3.0300000000000000e+003	  1.2229084164540400e+003	 -1.8040309640752841e+003	
  3.0600000000000000e+003	  1.2229084164540400e+003	 -1.8040309640752841e+003	
  3.0900000000000000e+003	  1.2229084164540400e+003	 -1.8040309640752841e+003	
  3.1200000000000000e+003	  1.2229084164540400e+003	 -1.8040309640752841e+003	
  3.1500000000000000e+003	  1.2229084164540400e+003	 -1.8040309640752841e+003	
  3.1800000000000000e+003	  1.2229084164540400e+003	 -1.8040309640752841e+003	
  3.2100000000000000e+003	  1.2229084164540400e+003	 -1.8040309640752841e+003	
  3.2400000000000000e+003	  1.2229084164540400e+003	 -1.8040309640752841e+003	
  3.2700000000000000e+003	  1.2229084164540400e+003	 -1.8040309640752841e+003	
  3.3000000000000000e+003	  1.2229084164540400e+003	 -1.8040309640752841e+003	
  3.3300000000000000e+003	  1.2229084164540400e+003	 -1.8040309640752841e+003	
  3.3600000000000000e+003	  1.2229084164540400e+003	 -1.8040309640752841e+003	
  3.3900000000000000e+003	  1.2244984801951721e+003	 -1.8086755086339851e+003	
  3.4200000000000000e+003	  1.2330374929337781e+003	 -1.8257934566058186e+003	
  3.4500000000000000e+003	  1.2487958249255867e+003	 -1.8159864184997939e+003	
  3.4800000000000000e+003	  1.2474153992626207e+003	 -1.7661274905607388e+003	
  3.5100000000000000e+003	  1.2458377770697148e+003	 -1.7220459172980663e+003	
  3.5400000000000000e+003	  1.2683010195433915e+003	 -1.6981461374562336e+003	
  3.5700000000000000e+003	  1.2902712547640147e+003	 -1.6764949605713959e+003	
  3.6000000000000000e+003	  1.3116857385355418e+003	 -1.6595747608825848e+003	
  3.6300000000000000e+003	  1.3217520715354494e+003	 -1.6516044558284982e+003	
  3.6600000000000000e+003	  1.3001403817494447e+003	 -1.6134115609587361e+003	
  3.6900000000000000e+003	  1.2866767807585622e+003	 -1.5943206778437684e+003	
  3.7200000000000000e+003	  1.2940136357513720e+003	 -1.6104505264569123e+003	
  3.7500000000000000e+003	  1.3050256473819263e+003	 -1.6462835008863512e+003	
  3.7800000000000000e+003	  1.3063971064807579e+003	 -1.6287176625102525e+003	
  3.8100000000000000e+003	  1.3267628253385819e+003	 -1.6232742572116681e+003	
  3.8400000000000000e+003	  1.3778295053039237e+003	 -1.6129996884479467e+003	
  3.8700000000000000e+003	  1.3824906767211214e+003	 -1.4913412289598600e+003	
  3.9000000000000000e+003	  1.4127882712758844e+003	 -1.1272341294228040e+003	
  3.9300000000000000e+003	  1.3969134047644434e+003	 -9.4959429983637051e+002	
  3.9600000000000000e+003	  1.3984910279236021e+003	 -9.5258873130816687e+002	
  3.9900000000000000e+003	  1.4009650365609832e+003	 -9.5512675965161236e+002	
  4.0200000000000000e+003	  1.2683548001635720e+003	 -8.7723818495418948e+002	
  4.0500000000000000e+003	  8.8395185062079395e+002	 -8.8363891947377613e+002	
  4.0800000000000000e+003	  7.1984287836812382e+002	 -8.8606562977887438e+002	
  4.1100000000000000e+003	  5.4572135083449325e+002	 -8.8871497443204282e+002	
  4.1400000000000000e+003	  5.4960268313607446e+002	 -8.9283371227443445e+002	
  4.1700000000000000e+003	  5.5088450246913214e+002	 -8.9571682195143717e+002	
  4.2000000000000000e+003	  4.4764858678367210e+002	 -8.8772424815385023e+002	
  4.2300000000000000e+003	  3.1208925746266675e+002	 -8.7327529587803531e+002	
  4.2600000000000000e+003	  1.7064971132505093e+002	 -8.4937551672293216e+002	
  4.2900000000000000e+003	  1.0092037545870279e+002	 -8.4008053670477818e+002	
  4.3200000000000000e+003	  1.0040950551036914e+002	 -8.4136067873968932e+002	
  4.3500000000000000e+003	  1.0282973992655302e+002	 -8.3815475086656079e+002	
  4.3800000000000000e+003	 -1.1914945895136489e+002	 -8.0324570593159638e+002	
  4.4100000000000000e+003	 -5.0711102751350461e+002	 -7.3144617388869176e+002	
  4.4400000000000000e+003	 -4.8581307199638525e+002	 -6.2609567126388629e+002	
  4.4700000000000000e+003	 -5.4940216653494087e+002	 -4.4132042839801505e+002	
  4.5000000000000000e+003	 -6.4253589499165957e+002	 -3.0676030314579646e+002	
  4.5300000000000000e+003	 -6.5256636010929992e+002	 -2.9491617752610938e+002	
  4.5600000000000000e+003	 -6.3696937592935967e+002	 -2.6826685523313739e+002	
  4.5900000000000000e+003	 -6.1878185721009993e+002	 -2.4752848102732258e+002	
  4.6200000000000000e+003	 -6.2580050586708649e+002	 -2.4573628051895747e+002	
  4.6500000000000000e+003	 -6.3993639593575858e+002	 -2.2185873842630130e+002	
  4.6800000000000000e+003	 -6.0441291307491213e+002	 -2.7130581665618740e+002	
  4.7100000000000000e+003	 -5.8174349967972103e+002	 -3.1325010804971163e+002	
  4.7400000000000000e+003	 -5.5482525083174164e+002	 -3.5226673469505675e+002	
  4.7700000000000000e+003	 -5.2311138123000239e+002	 -3.7940584917646504e+002	
  4.8000000000000000e+003	 -4.7770982423542466e+002	 -3.5551719669115516e+002	
  4.8300000000000000e+003	 -4.5163416619826302e+002	 -3.4099031649145286e+002	
  4.8600000000000000e+003	 -4.5946851498137528e+002	 -3.4193651909014000e+002	
  4.8900000000000000e+003	 -4.9472308212679980e+002	 -3.6422220217209127e+002	
  4.9200000000000000e+003	 -5.2700166829265731e+002	 -3.7320548759550468e+002	
  4.9500000000000000e+003	 -5.5281737163580090e+002	 -3.3431129809067778e+002	
  4.9800000000000000e+003	 -5.7941291721330549e+002	 -2.9975847031125591e+002	
  5.0100000000000000e+003	 -5.6729388142919049e+002	 -2.7700523342225779e+002	
  5.0400000000000000e+003	 -5.6058897227224020e+002	 -2.9181042023440517e+002	
  5.0700000000000000e+003	 -6.0823148353825763e+002	 -2.9373619569578585e+002	
  5.1000000000000000e+003	 -6.2067321668192983e+002	 -2.8110170698814056e+002	
  5.1300000000000000e+003	 -5.9859093830631741e+002	 -2.7900338957110824e+002	
  5.1600000000000000e+003	 -5.5210026369738512e+002	 -2.8166942975531776e+002	
  5.1900000000000000e+003	 -5.5388406311426320e+002	 -2.8503121314328115e+002	
  5.2200000000000000e+003	 -5.5703033990074221e+002	 -2.8375104976308671e+002	
  5.2500000000000000e+003	 -5.5910994611730018e+002	 -2.8288279723100106e+002	
  5.2800000000000000e+003	 -5.5687796386258356e+002	 -2.8398481385723437e+002	
  5.3100000000000000e+003	 -5.9566426172525371e+002	 -2.8555439926790348e+002	
  5.3400000000000000e+003	 -5.7679549108052777e+002	 -2.8979558309413744e+002	
  5.3700000000000000e+003	 -5.7595289558136972e+002	 -2.8586609141303609e+002	
  5.4000000000000000e+003	 -5.7986110720377906e+002	 -2.8828165697154645e+002	
  5.4300000000000000e+003	 -5.4604971181011319e+002	 -2.7376592016592502e+002	
  5.4600000000000000e+003	 -5.5101564610116452e+002	 -2.7166201900452609e+002	
  5.4900000000000000e+003	 -5.8465672632532483e+002	 -2.9251173487159792e+002	
  5.5200000000000000e+003	 -5.7921570982868639e+002	 -2.8869354482292209e+002	
  5.5500000000000000e+003	 -5.7647279396878423e+002	 -2.9045235403346339e+002	
  5.5800000000000000e+003	 -5.7649968185634384e+002	 -2.8858221518534253e+002	
  5.6100000000000000e+003	 -5.8532901314775211e+002	 -2.8984010976150051e+002	
  5.6400000000000000e+003	 -5.9236559233808600e+002	 -2.9620743844723040e+002	
  5.6700000000000000e+003	 -5.7401672454213997e+002	 -2.9601821647698250e+002	
  5.7000000000000000e+003	 -5.8195863927110099e+002	 -2.8945050243022365e+002	
  5.7300000000000000e+003	 -5.9657857104746438e+002	 -2.8799225858604694e+002	
  5.7600000000000000e+003	 -6.1516049623643153e+002	 -2.9175476192962572e+002	
  5.7900000000000000e+003	 -5.9327092664284112e+002	 -2.9236701228771983e+002	
  5.8200000000000000e+003	 -5.9415834422393903e+002	 -2.9185495354944044e+002	
  5.8500000000000000e+003	 -5.9450793245778209e+002	 -2.8303863549814196e+002	
  5.8800000000000000e+003	 -5.9091345720712502e+002	 -2.8254883288633158e+002	
  5.9100000000000000e+003	 -5.9091345720712502e+002	 -2.8254883288633158e+002	
  5.9400000000000000e+003	 -5.9091345720712502e+002	 -2.8254883288633158e+002	
  5.9700000000000000e+003	 -5.9091345720712502e+002	 -2.8254883288633158e+002	
  6.0000000000000000e+003	 -5.9091345720712502e+002	 -2.8254883288633158e+002	
  6.0300000000000000e+003	 -5.9091345720712502e+002	 -2.8254883288633158e+002	
  6.0600000000000000e+003	 -5.9091345720712502e+002	 -2.8254883288633158e+002	
  6.0900000000000000e+003	 -5.9091345720712502e+002	 -2.8254883288633158e+002	
  6.1200000000000000e+003	 -5.9091345720712502e+002	 -2.8254883288633158e+002	
  6.1500000000000000e+003	 -5.9091345720712502e+002	 -2.8254883288633158e+002	
  6.1800000000000000e+003	 -5.9091345720712502e+002	 -2.8254883288633158e+002	
  6.2100000000000000e+003	 -5.9091345720712502e+002	 -2.8254883288633158e+002	
  6.2400000000000000e+003	 -5.9091345720712502e+002	 -2.8254883288633158e+002	
  6.2700000000000000e+003	 -5.9091345720712502e+002	 -2.8254883288633158e+002	
  6.3000000000000000e+003	 -5.9091345720712502e+002	 -2.8254883288633158e+002	
  6.3300000000000000e+003	 -5.9076283664983032e+002	 -2.8263575550674619e+002	
  6.3600000000000000e+003	 -5.7325479425871094e+002	 -2.8794771818459833e+002	
  6.3900000000000000e+003	 -5.6066068201474820e+002	 -2.9668610386741341e+002	
  6.4200000000000000e+003	 -5.5703931166182633e+002	 -2.8722415826920212e+002	
  6.4500000000000000e+003	 -5.4881056191661628e+002	 -2.8839298725988795e+002	
  6.4800000000000000e+003	 -5.6779585609568335e+002	 -2.9030764864773488e+002	
  6.5100000000000000e+003	 -5.6360976708254327e+002	 -2.8801450107485141e+002	
  6.5400000000000000e+003	 -5.4552084262910523e+002	 -2.9948016739001361e+002	
  6.5700000000000000e+003	 -5.5926232406175495e+002	 -2.8378445372148684e+002	
  6.6000000000000000e+003	 -5.6476608660271063e+002	 -2.8685681548327204e+002	
  6.6300000000000000e+003	 -6.0258288064584883e+002	 -2.8988697926598070e+002	
  6.6600000000000000e+003	 -7.6131264556358485e+002	 -2.9700540417074194e+002	
  6.6900000000000000e+003	 -7.4903462480604526e+002	 -2.8789205091530175e+002	
  6.7200000000000000e+003	 -7.4903462480604537e+002	 -2.8789205091530175e+002	
  6.7500000000000000e+003	 -7.4903462480604537e+002	 -2.8789205091530175e+002	
  6.7800000000000000e+003	 -7.4903462480604537e+002	 -2.8789205091530175e+002	
  6.8100000000000000e+003	 -7.4903462480604537e+002	 -2.8789205091530175e+002	
  6.8400000000000000e+003	 -7.4903462480604537e+002	 -2.8789205091530175e+002	
  6.8700000000000000e+003	 -7.4903462480604537e+002	 -2.8789205091530175e+002	
  6.9000000000000000e+003	 -7.4903462480604537e+002	 -2.8789205091530175e+002	
  6.9300000000000000e+003	 -7.4903462480604537e+002	 -2.8789205091530175e+002	
  6.9600000000000000e+003	 -7.4903462480604537e+002	 -2.8789205091530175e+002	
  6.9900000000000000e+003	 -7.4903462480604537e+002	 -2.8789205091530175e+002	
  7.0200000000000000e+003	 -7.4903462480604537e+002	 -2.8789205091530175e+002	
  7.0500000000000000e+003	 -7.4903462480604537e+002	 -2.8789205091530175e+002	
  7.0800000000000000e+003	 -7.4779269692822527e+002	 -2.8798425791020429e+002	
  7.1100000000000000e+003	 -7.0770303873287503e+002	 -2.9096071650726049e+002	
  7.1400000000000000e+003	 -6.6761338053752479e+002	 -2.9393717510431662e+002	
  7.1700000000000000e+003	 -6.2752372234217466e+002	 -2.9691363370137287e+002	
  7.2000000000000000e+003	 -5.8401133447573966e+002	 -2.9677515420067232e+002	
  7.2300000000000000e+003	 -5.6301815849671016e+002	 -2.8486424400148650e+002	
  7.2600000000000000e+003	 -5.5661801235351186e+002	 -2.8844864772854845e+002	
  7.2900000000000000e+003	 -5.7608735954047256e+002	 -2.8720188331522360e+002	
  7.3200000000000000e+003	 -5.8539176972374275e+002	 -2.9270095359871283e+002	
  7.3500000000000000e+003	 -5.7495791040822348e+002	 -2.9247833613515064e+002	
  7.3800000000000000e+003	 -5.7237634829820547e+002	 -2.9437071462712186e+002	
  7.4100000000000000e+003	 -5.5681521638658455e+002	 -2.7827425351373711e+002	
  7.4400000000000000e+003	 -5.2583637089968704e+002	 -2.5961751942922535e+002	
  7.4700000000000000e+003	 -5.2583637089968704e+002	 -2.5961751942922535e+002	
  7.5000000000000000e+003	 -5.2583637089968704e+002	 -2.5961751942922535e+002	
  7.5300000000000000e+003	 -5.2583637089968704e+002	 -2.5961751942922535e+002	
  7.5600000000000000e+003	 -5.2583637089968704e+002	 -2.5961751942922535e+002	
  7.5900000000000000e+003	 -5.2583637089968704e+002	 -2.5961751942922535e+002	
  7.6200000000000000e+003	 -5.2583637089968704e+002	 -2.5961751942922535e+002	
  7.6500000000000000e+003	 -5.2583637089968704e+002	 -2.5961751942922535e+002	
  7.6800000000000000e+003	 -5.2583637089968704e+002	 -2.5961751942922535e+002	
  7.7100000000000000e+003	 -5.2583637089968704e+002	 -2.5961751942922535e+002	
  7.7400000000000000e+003	 -5.2583637089968704e+002	 -2.5961751942922535e+002	
  7.7700000000000000e+003	 -5.2583637089968704e+002	 -2.5961751942922535e+002	
  7.8000000000000000e+003	 -5.2583637089968704e+002	 -2.5961751942922535e+002	
  7.8300000000000000e+003	 -5.2583637089968704e+002	 -2.5961751942922535e+002	
  7.8600000000000000e+003	 -5.2583637089968704e+002	 -2.5961751942922535e+002	
  7.8900000000000000e+003	 -5.2583637089968704e+002	 -2.5961751942922535e+002	
  7.9200000000000000e+003	 -5.2583637089968704e+002	 -2.5961751942922535e+002	
  7.9500000000000000e+003	 -5.2583637089968704e+002	 -2.5961751942922535e+002	
  7.9800000000000000e+003	 -5.2583637089968704e+002	 -2.5961751942922535e+002	
  8.0100000000000000e+003	 -5.2583637089968704e+002	 -2.5961751942922535e+002	
  8.0400000000000000e+003	 -5.2583637089968704e+002	 -2.5961751942922535e+002	
  8.0700000000000000e+003	 -5.2583637089968704e+002	 -2.5961751942922535e+002	
  8.1000000000000000e+003	 -5.2583637089968704e+002	 -2.5961751942922535e+002	
  8.1300000000000000e+003	 -5.2583637089968704e+002	 -2.5961751942922535e+002	
  8.1600000000000000e+003	 -5.2583637089968704e+002	 -2.5961751942922535e+002	
  8.1900000000000000e+003	 -5.2583637089968704e+002	 -2.5961751942922535e+002	
  8.2200000000000000e+003	 -5.2583637089968704e+002	 -2.5961751942922535e+002	
  8.2500000000000000e+003	 -5.2583637089968704e+002	 -2.5961751942922535e+002	
  8.2800000000000000e+003	 -5.2583637089968704e+002	 -2.5961751942922535e+002	
  8.3100000000000000e+003	 -5.2583637089968704e+002	 -2.5961751942922535e+002	
  8.3400000000000000e+003	 -5.2583637089968704e+002	 -2.5961751942922535e+002	
  8.3700000000000000e+003	 -5.2583637089968704e+002	 -2.5961751942922535e+002	
  8.4000000000000000e+003	 -5.2583637089968704e+002	 -2.5961751942922535e+002	
  8.4300000000000000e+003	 -5.2583637089968704e+002	 -2.5961751942922535e+002	
  8.4600000000000000e+003	 -5.2583637089968704e+002	 -2.5961751942922535e+002	
  8.4900000000000000e+003	 -5.2583637089968704e+002	 -2.5961751942922535e+002	
  8.5200000000000000e+003	 -5.2583637089968704e+002	 -2.5961751942922535e+002	
  8.5500000000000000e+003	 -5.2583637089968704e+002	 -2.5961751942922535e+002	
  8.5800000000000000e+003	 -5.2583637089968704e+002	 -2.5961751942922535e+002	
  8.6100000000000000e+003	 -5.2583637089968704e+002	 -2.5961751942922535e+002	
  8.6400000000000000e+003	 -5.2583637089968704e+002	 -2.5961751942922535e+002	
  8.6700000000000000e+003	 -5.2583637089968704e+002	 -2.5961751942922535e+002	
  8.7000000000000000e+003	 -5.2583637089968704e+002	 -2.5961751942922535e+002	
  8.7300000000000000e+003	 -5.2583637089968704e+002	 -2.5961751942922535e+002	
  8.7600000000000000e+003	 -5.2583637089968704e+002	 -2.5961751942922535e+002	
  8.7900000000000000e+003	 -5.2583637089968704e+002	 -2.5961751942922535e+002	
  8.8200000000000000e+003	 -5.2583637089968704e+002	 -2.5961751942922535e+002	
  8.8500000000000000e+003	 -5.2583637089968704e+002	 -2.5961751942922535e+002	
  8.8800000000000000e+003	 -5.2583637089968704e+002	 -2.5961751942922535e+002	
  8.9100000000000000e+003	 -5.2583637089968704e+002	 -2.5961751942922535e+002	
  8.9400000000000000e+003	 -5.2583637089968704e+002	 -2.5961751942922535e+002	
  8.9700000000000000e+003	 -5.2583637089968704e+002	 -2.5961751942922535e+002	
  9.0000000000000000e+003	 -5.2583637089968704e+002	 -2.5961751942922535e+002	
  9.0300000000000000e+003	 -5.2583637089968704e+002	 -2.5961751942922535e+002	
  9.0600000000000000e+003	 -5.2583637089968704e+002	 -2.5961751942922535e+002	
  9.0900000000000000e+003	 -5.2583637089968704e+002	 -2.5961751942922535e+002	
  9.1200000000000000e+003	 -5.2583637089968704e+002	 -2.5961751942922535e+002	
  9.1500000000000000e+003	 -5.2583637089968704e+002	 -2.5961751942922535e+002	
  9.1800000000000000e+003	 -5.2583637089968704e+002	 -2.5961751942922535e+002	
  9.2100000000000000e+003	 -5.2583637089968704e+002	 -2.5961751942922535e+002	
  9.2400000000000000e+003	 -5.2583637089968704e+002	 -2.5961751942922535e+002	
  9.2700000000000000e+003	 -5.2583637089968704e+002	 -2.5961751942922535e+002	
  9.3000000000000000e+003	 -5.2583637089968704e+002	 -2.5961751942922535e+002	
  9.3300000000000000e+003	 -5.2583637089968704e+002	 -2.5961751942922535e+002	
  9.3600000000000000e+003	 -5.2583637089968704e+002	 -2.5961751942922535e+002	
  9.3900000000000000e+003	 -5.2583637089968704e+002	 -2.5961751942922535e+002	
  9.4200000000000000e+003	 -5.2583637089968704e+002	 -2.5961751942922535e+002	
  9.4500000000000000e+003	 -5.2583637089968704e+002	 -2.5961751942922535e+002	
  9.4800000000000000e+003	 -5.2583637089968704e+002	 -2.5961751942922535e+002	
  9.5100000000000000e+003	 -5.2583637089968704e+002	 -2.5961751942922535e+002	
  9.5400000000000000e+003	 -5.2583637089968704e+002	 -2.5961751942922535e+002	
  9.5700000000000000e+003	 -5.2583637089968704e+002	 -2.5961751942922535e+002	
  9.6000000000000000e+003	 -5.2583637089968704e+002	 -2.5961751942922535e+002	
  9.6300000000000000e+003	 -5.2583637089968704e+002	 -2.5961751942922535e+002	
  9.6600000000000000e+003	 -5.2583637089968704e+002	 -2.5961751942922535e+002	
  9.6900000000000000e+003	 -5.2583637089968704e+002	 -2.5961751942922535e+002	
  9.7200000000000000e+003	 -5.2583637089968704e+002	 -2.5961751942922535e+002	
  9.7500000000000000e+003	 -5.2583637089968704e+002	 -2.5961751942922535e+002	
  9.7800000000000000e+003	 -5.2583637089968704e+002	 -2.5961751942922535e+002	
  9.8100000000000000e+003	 -5.2583637089968704e+002	 -2.5961751942922535e+002	
  9.8400000000000000e+003	 -5.2583637089968704e+002	 -2.5961751942922535e+002	
  9.8700000000000000e+003	 -5.2583637089968704e+002	 -2.5961751942922535e+002	
  9.9000000000000000e+003	 -5.2583637089968704e+002	 -2.5961751942922535e+002	
  9.9300000000000000e+003	 -5.2583637089968704e+002	 -2.5961751942922535e+002	
  9.9600000000000000e+003	 -5.2583637089968704e+002	 -2.5961751942922535e+002	
  9.9900000000000000e+003	 -5.2583637089968704e+002	 -2.5961751942922535e+002	
  1.0020000000000000e+004	 -5.2583637089968704e+002	 -2.5961751942922535e+002	
  1.0050000000000000e+004	 -5.2583637089968704e+002	 -2.5961751942922535e+002	
  1.0080000000000000e+004	 -5.2583637089968704e+002	 -2.5961751942922535e+002	
  1.0110000000000000e+004	 -5.2583637089968704e+002	 -2.5961751942922535e+002	
  1.0140000000000000e+004	 -5.2583637089968704e+002	 -2.5961751942922535e+002	
  1.0170000000000000e+004	 -5.2583637089968704e+002	 -2.5961751942922535e+002	
  1.0200000000000000e+004	 -5.2583637089968704e+002	 -2.5961751942922535e+002	
  1.0230000000000000e+004	 -5.2583637089968704e+002	 -2.5961751942922535e+002	
  1.0260000000000000e+004	 -5.2583637089968704e+002	 -2.5961751942922535e+002	
  1.0290000000000000e+004	 -5.2583637089968704e+002	 -2.5961751942922535e+002	
  1.0320000000000000e+004	 -5.2583637089968704e+002	 -2.5961751942922535e+002	
  1.0350000000000000e+004	 -5.2583637089968704e+002	 -2.5961751942922535e+002	
  1.0380000000000000e+004	 -5.2583637089968704e+002	 -2.5961751942922535e+002	
  1.0410000000000000e+004	 -5.2583637089968704e+002	 -2.5961751942922535e+002	
  1.0440000000000000e+004	 -5.2583637089968704e+002	 -2.5961751942922535e+002	
  1.0470000000000000e+004	 -5.2583637089968704e+002	 -2.5961751942922535e+002	
  1.0500000000000000e+004	 -5.2583637089968704e+002	 -2.5961751942922535e+002	
  1.0530000000000000e+004	 -5.2583637089968704e+002	 -2.5961751942922535e+002	
  1.0560000000000000e+004	 -5.2583637089968704e+002	 -2.5961751942922535e+002	
  1.0590000000000000e+004	 -5.2583637089968704e+002	 -2.5961751942922535e+002	
  1.0620000000000000e+004	 -5.2583637089968704e+002	 -2.5961751942922535e+002	
  1.0650000000000000e+004	 -5.2583637089968704e+002	 -2.5961751942922535e+002	
  1.0680000000000000e+004	 -5.2583637089968704e+002	 -2.5961751942922535e+002	
  1.0710000000000000e+004	 -5.2583637089968704e+002	 -2.5961751942922535e+002	
  1.0740000000000000e+004	 -5.2583637089968704e+002	 -2.5961751942922535e+002	
  1.0770000000000000e+004	 -5.2583637089968704e+002	 -2.5961751942922535e+002	
  1.0800000000000000e+004	 -5.2583637089968704e+002	 -2.5961751942922535e+002	
  1.0830000000000000e+004	 -5.2583637089968704e+002	 -2.5961751942922535e+002	
  1.0860000000000000e+004	 -5.2583637089968704e+002	 -2.5961751942922535e+002	
  1.0890000000000000e+004	 -5.2583637089968704e+002	 -2.5961751942922535e+002	
  1.0920000000000000e+004	 -5.2583637089968704e+002	 -2.5961751942922535e+002	
  1.0950000000000000e+004	 -5.2583637089968704e+002	 -2.5961751942922535e+002	
  1.0980000000000000e+004	 -5.2583637089968704e+002	 -2.5961751942922535e+002	
  1.1010000000000000e+004	 -5.2583637089968704e+002	 -2.5961751942922535e+002	
  1.1040000000000000e+004	 -5.2583637089968704e+002	 -2.5961751942922535e+002	
  1.1070000000000000e+004	 -5.2583637089968704e+002	 -2.5961751942922535e+002	
  1.1100000000000000e+004	 -5.2583637089968704e+002	 -2.5961751942922535e+002	
  1.1130000000000000e+004	 -5.2583637089968704e+002	 -2.5961751942922535e+002	
  1.1160000000000000e+004	 -5.2583637089968704e+002	 -2.5961751942922535e+002	
  1.1190000000000000e+004	 -5.2583637089968704e+002	 -2.5961751942922535e+002	
  1.1220000000000000e+004	 -5.2583637089968704e+002	 -2.5961751942922535e+002	
  1.1250000000000000e+004	 -5.2583637089968704e+002	 -2.5961751942922535e+002	
  1.1280000000000000e+004	 -5.2583637089968704e+002	 -2.5961751942922535e+002	
  1.1310000000000000e+004	 -5.2583637089968704e+002	 -2.5961751942922535e+002	
  1.1340000000000000e+004	 -5.2583637089968704e+002	 -2.5961751942922535e+002	
  1.1370000000000000e+004	 -5.2583637089968704e+002	 -2.5961751942922535e+002	
  1.1400000000000000e+004	 -5.2583637089968704e+002	 -2.5961751942922535e+002	
  1.1430000000000000e+004	 -5.2583637089968704e+002	 -2.5961751942922535e+002	
  1.1460000000000000e+004	 -5.2583637089968704e+002	 -2.5961751942922535e+002	
  1.1490000000000000e+004	 -5.2583637089968704e+002	 -2.5961751942922535e+002	
  1.1520000000000000e+004	 -5.2583637089968704e+002	 -2.5961751942922535e+002	
  1.1550000000000000e+004	 -5.2583637089968704e+002	 -2.5961751942922535e+002	
  1.1580000000000000e+004	 -5.2583637089968704e+002	 -2.5961751942922535e+002	
  1.1610000000000000e+004	 -5.2583637089968704e+002	 -2.5961751942922535e+002	
  1.1640000000000000e+004	 -5.2583637089968704e+002	 -2.5961751942922535e+002	
  1.1670000000000000e+004	 -5.2583637089968704e+002	 -2.5961751942922535e+002	
  1.1700000000000000e+004	 -5.2583637089968704e+002	 -2.5961751942922535e+002	
  1.1730000000000000e+004	 -5.2583637089968704e+002	 -2.5961751942922535e+002	
  1.1760000000000000e+004	 -5.2583637089968704e+002	 -2.5961751942922535e+002	
  1.1790000000000000e+004	 -5.2583637089968704e+002	 -2.5961751942922535e+002	
  1.1820000000000000e+004	 -5.2583637089968704e+002	 -2.5961751942922535e+002	
  1.1850000000000000e+004	 -5.2583637089968704e+002	 -2.5961751942922535e+002	
  1.1880000000000000e+004	 -5.2583637089968704e+002	 -2.5961751942922535e+002	
  1.1910000000000000e+004	 -5.2583637089968704e+002	 -2.5961751942922535e+002	
  1.1940000000000000e+004	 -5.2583637089968704e+002	 -2.5961751942922535e+002	
  1.1970000000000000e+004	 -5.2583637089968704e+002	 -2.5961751942922535e+002	
  1.2000000000000000e+004	 -5.2583637089968704e+002	 -2.5961751942922535e+002	
  1.2030000000000000e+004	 -5.2583637089968704e+002	 -2.5961751942922535e+002	
  1.2060000000000000e+004	 -5.2583637089968704e+002	 -2.5961751942922535e+002	
  1.2090000000000000e+004	 -5.2583637089968704e+002	 -2.5961751942922535e+002	
  1.2120000000000000e+004	 -5.2583637089968704e+002	 -2.5961751942922535e+002	
  1.2150000000000000e+004	 -5.2583637089968704e+002	 -2.5961751942922535e+002	
  1.2180000000000000e+004	 -5.2583637089968704e+002	 -2.5961751942922535e+002	
  1.2210000000000000e+004	 -5.2583637089968704e+002	 -2.5961751942922535e+002	
  1.2240000000000000e+004	 -5.2583637089968704e+002	 -2.5961751942922535e+002	
  1.2270000000000000e+004	 -5.2583637089968704e+002	 -2.5961751942922535e+002	
  1.2300000000000000e+004	 -5.2583637089968704e+002	 -2.5961751942922535e+002	
  1.2330000000000000e+004	 -5.2583637089968704e+002	 -2.5961751942922535e+002	
  1.2360000000000000e+004	 -5.2583637089968704e+002	 -2.5961751942922535e+002	
  1.2390000000000000e+004	 -5.2583637089968704e+002	 -2.5961751942922535e+002	
  1.2420000000000000e+004	 -5.2583637089968704e+002	 -2.5961751942922535e+002	
  1.2450000000000000e+004	 -5.2583637089968704e+002	 -2.5961751942922535e+002	
  1.2480000000000000e+004	 -5.2583637089968704e+002	 -2.5961751942922535e+002	
  1.2510000000000000e+004	 -5.2583637089968704e+002	 -2.5961751942922535e+002	
  1.2540000000000000e+004	 -5.2583637089968704e+002	 -2.5961751942922535e+002	
  1.2570000000000000e+004	 -5.2583637089968704e+002	 -2.5961751942922535e+002	
  1.2600000000000000e+004	 -5.2583637089968704e+002	 -2.5961751942922535e+002	
  1.2630000000000000e+004	 -5.2583637089968704e+002	 -2.5961751942922535e+002	
  1.2660000000000000e+004	 -5.2583637089968704e+002	 -2.5961751942922535e+002	
  1.2690000000000000e+004	 -5.2583637089968704e+002	 -2.5961751942922535e+002	
  1.2720000000000000e+004	 -5.2583637089968704e+002	 -2.5961751942922535e+002	
  1.2750000000000000e+004	 -5.2583637089968704e+002	 -2.5961751942922535e+002	
  1.2780000000000000e+004	 -5.2583637089968704e+002	 -2.5961751942922535e+002	
  1.2810000000000000e+004	 -5.2583637089968704e+002	 -2.5961751942922535e+002	
  1.2840000000000000e+004	 -5.2583637089968704e+002	 -2.5961751942922535e+002	
  1.2870000000000000e+004	 -5.2583637089968704e+002	 -2.5961751942922535e+002	
  1.2900000000000000e+004	 -5.2583637089968704e+002	 -2.5961751942922535e+002	
  1.2930000000000000e+004	 -5.2583637089968704e+002	 -2.5961751942922535e+002	
  1.2960000000000000e+004	 -5.2583637089968704e+002	 -2.5961751942922535e+002	
  1.2990000000000000e+004	 -5.2583637089968704e+002	 -2.5961751942922535e+002	
  1.3020000000000000e+004	 -5.2583637089968704e+002	 -2.5961751942922535e+002	
  1.3050000000000000e+004	 -5.2583637089968704e+002	 -2.5961751942922535e+002	
  1.3080000000000000e+004	 -5.2583637089968704e+002	 -2.5961751942922535e+002	
  1.3110000000000000e+004	 -5.2583637089968704e+002	 -2.5961751942922535e+002	
  1.3140000000000000e+004	 -5.2583637089968704e+002	 -2.5961751942922535e+002	
  1.3170000000000000e+004	 -5.2583637089968704e+002	 -2.5961751942922535e+002	
  1.3200000000000000e+004	 -5.2583637089968704e+002	 -2.5961751942922535e+002	
  1.3230000000000000e+004	 -5.2583637089968704e+002	 -2.5961751942922535e+002	
  1.3260000000000000e+004	 -5.2583637089968704e+002	 -2.5961751942922535e+002	
  1.3290000000000000e+004	 -5.2583637089968704e+002	 -2.5961751942922535e+002	
  1.3320000000000000e+004	 -5.2583637089968704e+002	 -2.5961751942922535e+002	
  1.3350000000000000e+004	 -5.2583637089968704e+002	 -2.5961751942922535e+002	
  1.3380000000000000e+004	 -5.2583637089968704e+002	 -2.5961751942922535e+002	
  1.3410000000000000e+004	 -5.2583637089968704e+002	 -2.5961751942922535e+002	
  1.3440000000000000e+004	 -5.2583637089968704e+002	 -2.5961751942922535e+002	
  1.3470000000000000e+004	 -5.2583637089968704e+002	 -2.5961751942922535e+002	
  1.3500000000000000e+004	 -5.2583637089968704e+002	 -2.5961751942922535e+002	
  1.3530000000000000e+004	 -5.2583637089968704e+002	 -2.5961751942922535e+002	
  1.3560000000000000e+004	 -5.2583637089968704e+002	 -2.5961751942922535e+002	
  1.3590000000000000e+004	 -5.2583637089968704e+002	 -2.5961751942922535e+002	
  1.3620000000000000e+004	 -5.2583637089968704e+002	 -2.5961751942922535e+002	
  1.3650000000000000e+004	 -5.2583637089968704e+002	 -2.5961751942922535e+002	
  1.3680000000000000e+004	 -5.2583637089968704e+002	 -2.5961751942922535e+002	
  1.3710000000000000e+004	 -5.2583637089968704e+002	 -2.5961751942922535e+002	
  1.3740000000000000e+004	 -5.2583637089968704e+002	 -2.5961751942922535e+002	
  1.3770000000000000e+004	 -5.2583637089968704e+002	 -2.5961751942922535e+002	
  1.3800000000000000e+004	 -5.2583637089968704e+002	 -2.5961751942922535e+002	
  1.3830000000000000e+004	 -5.2583637089968704e+002	 -2.5961751942922535e+002	
  1.3860000000000000e+004	 -5.2583637089968704e+002	 -2.5961751942922535e+002	
  1.3890000000000000e+004	 -5.2583637089968704e+002	 -2.5961751942922535e+002	
  1.3920000000000000e+004	 -5.2583637089968704e+002	 -2.5961751942922535e+002	
  1.3950000000000000e+004	 -5.2583637089968704e+002	 -2.5961751942922535e+002	
  1.3980000000000000e+004	 -5.2583637089968704e+002	 -2.5961751942922535e+002	
  1.4010000000000000e+004	 -5.2583637089968704e+002	 -2.5961751942922535e+002	
  1.4040000000000000e+004	 -5.2583637089968704e+002	 -2.5961751942922535e+002	
  1.4070000000000000e+004	 -5.2583637089968704e+002	 -2.5961751942922535e+002	
  1.4100000000000000e+004	 -5.2583637089968704e+002	 -2.5961751942922535e+002	
  1.4130000000000000e+004	 -5.2583637089968704e+002	 -2.5961751942922535e+002	
  1.4160000000000000e+004	 -5.2583637089968704e+002	 -2.5961751942922535e+002	
  1.4190000000000000e+004	 -5.2583637089968704e+002	 -2.5961751942922535e+002	
  1.4220000000000000e+004	 -5.2583637089968704e+002	 -2.5961751942922535e+002	
  1.4250000000000000e+004	 -5.2583637089968704e+002	 -2.5961751942922535e+002	
  1.4280000000000000e+004	 -5.2583637089968704e+002	 -2.5961751942922535e+002	
  1.4310000000000000e+004	 -5.2583637089968704e+002	 -2.5961751942922535e+002	
  1.4340000000000000e+004	 -5.2583637089968704e+002	 -2.5961751942922535e+002	
  1.4370000000000000e+004	 -5.2583637089968704e+002	 -2.5961751942922535e+002	
  1.4400000000000000e+004	 -5.2583637089968704e+002	 -2.5961751942922535e+002	
  1.4430000000000000e+004	 -5.2583637089968704e+002	 -2.5961751942922535e+002	
  1.4460000000000000e+004	 -5.2583637089968704e+002	 -2.5961751942922535e+002	
  1.4490000000000000e+004	 -5.2583637089968704e+002	 -2.5961751942922535e+002	
  1.4520000000000000e+004	 -5.2583637089968704e+002	 -2.5961751942922535e+002	
  1.4550000000000000e+004	 -5.2583637089968704e+002	 -2.5961751942922535e+002	
  1.4580000000000000e+004	 -5.2583637089968704e+002	 -2.5961751942922535e+002	
  1.4610000000000000e+004	 -5.2583637089968704e+002	 -2.5961751942922535e+002	
  1.4640000000000000e+004	 -5.2583637089968704e+002	 -2.5961751942922535e+002	
  1.4670000000000000e+004	 -5.2583637089968704e+002	 -2.5961751942922535e+002	
  1.4700000000000000e+004	 -5.2583637089968704e+002	 -2.5961751942922535e+002	
  1.4730000000000000e+004	 -5.2583637089968704e+002	 -2.5961751942922535e+002	
  1.4760000000000000e+004	 -5.2583637089968704e+002	 -2.5961751942922535e+002	
  1.4790000000000000e+004	 -5.2583637089968704e+002	 -2.5961751942922535e+002	
  1.4820000000000000e+004	 -5.2583637089968704e+002	 -2.5961751942922535e+002	
  1.4850000000000000e+004	 -5.2583637089968704e+002	 -2.5961751942922535e+002	
  1.4880000000000000e+004	 -5.2583637089968704e+002	 -2.5961751942922535e+002	
  1.4910000000000000e+004	 -5.2583637089968704e+002	 -2.5961751942922535e+002	
  1.4940000000000000e+004	 -5.2583637089968704e+002	 -2.5961751942922535e+002	
  1.4970000000000000e+004	 -5.2583637089968704e+002	 -2.5961751942922535e+002	
  1.5000000000000000e+004	 -5.2583637089968704e+002	 -2.5961751942922535e+002	
  1.5030000000000000e+004	 -5.2583637089968704e+002	 -2.5961751942922535e+002	
  1.5060000000000000e+004	 -5.2583637089968704e+002	 -2.5961751942922535e+002	
  1.5090000000000000e+004	 -5.2583637089968704e+002	 -2.5961751942922535e+002	
  1.5120000000000000e+004	 -5.2583637089968704e+002	 -2.5961751942922535e+002	
  1.5150000000000000e+004	 -5.2583637089968704e+002	 -2.5961751942922535e+002	
  1.5180000000000000e+004	 -5.2583637089968704e+002	 -2.5961751942922535e+002	
  1.5210000000000000e+004	 -5.2583637089968704e+002	 -2.5961751942922535e+002	
  1.5240000000000000e+004	 -5.2583637089968704e+002	 -2.5961751942922535e+002	
  1.5270000000000000e+004	 -5.2583637089968704e+002	 -2.5961751942922535e+002	
  1.5300000000000000e+004	 -5.2583637089968704e+002	 -2.5961751942922535e+002	
  1.5330000000000000e+004	 -5.2583637089968704e+002	 -2.5961751942922535e+002	
  1.5360000000000000e+004	 -5.2583637089968704e+002	 -2.5961751942922535e+002	
  1.5390000000000000e+004	 -5.2583637089968704e+002	 -2.5961751942922535e+002	
  1.5420000000000000e+004	 -5.2583637089968704e+002	 -2.5961751942922535e+002	
  1.5450000000000000e+004	 -5.2583637089968704e+002	 -2.5961751942922535e+002	
  1.5480000000000000e+004	 -5.2583637089968704e+002	 -2.5961751942922535e+002	
  1.5510000000000000e+004	 -5.2583637089968704e+002	 -2.5961751942922535e+002	
  1.5540000000000000e+004	 -5.2583637089968704e+002	 -2.5961751942922535e+002	
  1.5570000000000000e+004	 -5.2583637089968704e+002	 -2.5961751942922535e+002	
  1.5600000000000000e+004	 -5.2583637089968704e+002	 -2.5961751942922535e+002	
  1.5630000000000000e+004	 -5.2583637089968704e+002	 -2.5961751942922535e+002	
  1.5660000000000000e+004	 -5.2583637089968704e+002	 -2.5961751942922535e+002	
  1.5690000000000000e+004	 -5.2583637089968704e+002	 -2.5961751942922535e+002	
  1.5720000000000000e+004	 -5.2583637089968704e+002	 -2.5961751942922535e+002	
  1.5750000000000000e+004	 -5.2583637089968704e+002	 -2.5961751942922535e+002	
  1.5780000000000000e+004	 -5.2583637089968704e+002	 -2.5961751942922535e+002	
  1.5810000000000000e+004	 -5.2583637089968704e+002	 -2.5961751942922535e+002	
  1.5840000000000000e+004	 -5.2583637089968704e+002	 -2.5961751942922535e+002	
  1.5870000000000000e+004	 -5.2583637089968704e+002	 -2.5961751942922535e+002	
  1.5900000000000000e+004	 -5.2583637089968704e+002	 -2.5961751942922535e+002	
  1.5930000000000000e+004	 -5.2583637089968704e+002	 -2.5961751942922535e+002	
  1.5960000000000000e+004	 -5.2583637089968704e+002	 -2.5961751942922535e+002	
  1.5990000000000000e+004	 -5.2583637089968704e+002	 -2.5961751942922535e+002	
  1.6020000000000000e+004	 -5.2583637089968704e+002	 -2.5961751942922535e+002	
  1.6050000000000000e+004	 -5.2583637089968704e+002	 -2.5961751942922535e+002	
  1.6080000000000000e+004	 -5.2583637089968704e+002	 -2.5961751942922535e+002	
  1.6110000000000000e+004	 -5.2583637089968704e+002	 -2.5961751942922535e+002	
  1.6140000000000000e+004	 -5.2583637089968704e+002	 -2.5961751942922535e+002	
  1.6170000000000000e+004	 -5.2583637089968704e+002	 -2.5961751942922535e+002	
  1.6200000000000000e+004	 -5.2583637089968704e+002	 -2.5961751942922535e+002	
  1.6230000000000000e+004	 -5.2583637089968704e+002	 -2.5961751942922535e+002	
  1.6260000000000000e+004	 -5.2583637089968704e+002	 -2.5961751942922535e+002	
  1.6290000000000000e+004	 -5.2583637089968704e+002	 -2.5961751942922535e+002	
  1.6320000000000000e+004	 -5.2583637089968704e+002	 -2.5961751942922535e+002	
  1.6350000000000000e+004	 -5.2583637089968704e+002	 -2.5961751942922535e+002	
  1.6380000000000000e+004	 -5.2583637089968704e+002	 -2.5961751942922535e+002	
  1.6410000000000000e+004	 -5.2583637089968704e+002	 -2.5961751942922535e+002	
  1.6440000000000000e+004	 -5.2583637089968704e+002	 -2.5961751942922535e+002	
  1.6470000000000000e+004	 -5.2583637089968704e+002	 -2.5961751942922535e+002	
  1.6500000000000000e+004	 -5.2583637089968704e+002	 -2.5961751942922535e+002	
  1.6530000000000000e+004	 -5.2583637089968704e+002	 -2.5961751942922535e+002	
  1.6560000000000000e+004	 -5.2583637089968704e+002	 -2.5961751942922535e+002	
  1.6590000000000000e+004	 -5.2583637089968704e+002	 -2.5961751942922535e+002	
  1.6620000000000000e+004	 -5.2583637089968704e+002	 -2.5961751942922535e+002	
  1.6650000000000000e+004	 -5.2583637089968704e+002	 -2.5961751942922535e+002	
  1.6680000000000000e+004	 -5.2583637089968704e+002	 -2.5961751942922535e+002	
  1.6710000000000000e+004	 -5.2583637089968704e+002	 -2.5961751942922535e+002	
  1.6740000000000000e+004	 -5.2583637089968704e+002	 -2.5961751942922535e+002	
  1.6770000000000000e+004	 -5.2583637089968704e+002	 -2.5961751942922535e+002	
  1.6800000000000000e+004	 -5.2583637089968704e+002	 -2.5961751942922535e+002	
  1.6830000000000000e+004	 -5.2583637089968704e+002	 -2.5961751942922535e+002	
  1.6860000000000000e+004	 -5.2583637089968704e+002	 -2.5961751942922535e+002	
  1.6890000000000000e+004	 -5.2583637089968704e+002	 -2.5961751942922535e+002	
  1.6920000000000000e+004	 -5.2583637089968704e+002	 -2.5961751942922535e+002	
  1.6950000000000000e+004	 -5.2583637089968704e+002	 -2.5961751942922535e+002	
  1.6980000000000000e+004	 -5.2583637089968704e+002	 -2.5961751942922535e+002	
  1.7010000000000000e+004	 -5.2583637089968704e+002	 -2.5961751942922535e+002	
  1.7040000000000000e+004	 -5.2583637089968704e+002	 -2.5961751942922535e+002	
  1.7070000000000000e+004	 -5.2583637089968704e+002	 -2.5961751942922535e+002	
  1.7100000000000000e+004	 -5.2583637089968704e+002	 -2.5961751942922535e+002	
  1.7130000000000000e+004	 -5.2583637089968704e+002	 -2.5961751942922535e+002	
  1.7160000000000000e+004	 -5.2583637089968704e+002	 -2.5961751942922535e+002	
  1.7190000000000000e+004	 -5.2583637089968704e+002	 -2.5961751942922535e+002	
  1.7220000000000000e+004	 -5.2583637089968704e+002	 -2.5961751942922535e+002	
  1.7250000000000000e+004	 -5.2583637089968704e+002	 -2.5961751942922535e+002	
  1.7280000000000000e+004	 -5.2583637089968704e+002	 -2.5961751942922535e+002	
  1.7310000000000000e+004	 -5.2583637089968704e+002	 -2.5961751942922535e+002	
  1.7340000000000000e+004	 -5.2583637089968704e+002	 -2.5961751942922535e+002	
  1.7370000000000000e+004	 -5.2583637089968704e+002	 -2.5961751942922535e+002	
  1.7400000000000000e+004	 -5.2583637089968704e+002	 -2.5961751942922535e+002	
  1.7430000000000000e+004	 -5.2583637089968704e+002	 -2.5961751942922535e+002	
  1.7460000000000000e+004	 -5.2583637089968704e+002	 -2.5961751942922535e+002	
  1.7490000000000000e+004	 -5.2583637089968704e+002	 -2.5961751942922535e+002	
  1.7520000000000000e+004	 -5.2583637089968704e+002	 -2.5961751942922535e+002	
  1.7550000000000000e+004	 -5.2583637089968704e+002	 -2.5961751942922535e+002	
  1.7580000000000000e+004	 -5.2583637089968704e+002	 -2.5961751942922535e+002	
  1.7610000000000000e+004	 -5.2583637089968704e+002	 -2.5961751942922535e+002	
  1.7640000000000000e+004	 -5.2583637089968704e+002	 -2.5961751942922535e+002	
  1.7670000000000000e+004	 -5.2583637089968704e+002	 -2.5961751942922535e+002	
  1.7700000000000000e+004	 -5.2583637089968704e+002	 -2.5961751942922535e+002	
  1.7730000000000000e+004	 -5.2583637089968704e+002	 -2.5961751942922535e+002	
  1.7760000000000000e+004	 -5.2583637089968704e+002	 -2.5961751942922535e+002	
  1.7790000000000000e+004	 -5.2583637089968704e+002	 -2.5961751942922535e+002	
  1.7820000000000000e+004	 -5.2583637089968704e+002	 -2.5961751942922535e+002	
  1.7850000000000000e+004	 -5.2583637089968704e+002	 -2.5961751942922535e+002	
  1.7880000000000000e+004	 -5.2583637089968704e+002	 -2.5961751942922535e+002	
  1.7910000000000000e+004	 -5.2583637089968704e+002	 -2.5961751942922535e+002	
  1.7940000000000000e+004	 -5.2583637089968704e+002	 -2.5961751942922535e+002	
  1.7970000000000000e+004	 -5.2583637089968704e+002	 -2.5961751942922535e+002	
  1.8000000000000000e+004	 -5.2583637089968704e+002	 -2.5961751942922535e+002	
  1.8030000000000000e+004	 -5.2583637089968704e+002	 -2.5961751942922535e+002	
  1.8060000000000000e+004	 -5.2583637089968704e+002	 -2.5961751942922535e+002	
  1.8090000000000000e+004	 -5.2583637089968704e+002	 -2.5961751942922535e+002	
  1.8120000000000000e+004	 -5.2583637089968704e+002	 -2.5961751942922535e+002	
  1.8150000000000000e+004	 -5.2583637089968704e+002	 -2.5961751942922535e+002	
  1.8180000000000000e+004	 -5.2583637089968704e+002	 -2.5961751942922535e+002	
  1.8210000000000000e+004	 -5.2583637089968704e+002	 -2.5961751942922535e+002	
  1.8240000000000000e+004	 -5.2583637089968704e+002	 -2.5961751942922535e+002	
  1.8270000000000000e+004	 -5.2583637089968704e+002	 -2.5961751942922535e+002	
  1.8300000000000000e+004	 -5.2583637089968704e+002	 -2.5961751942922535e+002	
  1.8330000000000000e+004	 -5.2583637089968704e+002	 -2.5961751942922535e+002	
  1.8360000000000000e+004	 -5.2583637089968704e+002	 -2.5961751942922535e+002	
  1.8390000000000000e+004	 -5.2583637089968704e+002	 -2.5961751942922535e+002	
  1.8420000000000000e+004	 -5.2583637089968704e+002	 -2.5961751942922535e+002	
  1.8450000000000000e+004	 -5.2583637089968704e+002	 -2.5961751942922535e+002	
  1.8480000000000000e+004	 -5.2583637089968704e+002	 -2.5961751942922535e+002	
  1.8510000000000000e+004	 -5.2583637089968704e+002	 -2.5961751942922535e+002	
  1.8540000000000000e+004	 -5.2583637089968704e+002	 -2.5961751942922535e+002	
  1.8570000000000000e+004	 -5.2583637089968704e+002	 -2.5961751942922535e+002	
  1.8600000000000000e+004	 -5.2583637089968704e+002	 -2.5961751942922535e+002	
  1.8630000000000000e+004	 -5.2583637089968704e+002	 -2.5961751942922535e+002	
  1.8660000000000000e+004	 -5.2583637089968704e+002	 -2.5961751942922535e+002	
  1.8690000000000000e+004	 -5.2583637089968704e+002	 -2.5961751942922535e+002	
  1.8720000000000000e+004	 -5.2583637089968704e+002	 -2.5961751942922535e+002	
  1.8750000000000000e+004	 -5.2583637089968704e+002	 -2.5961751942922535e+002	
  1.8780000000000000e+004	 -5.2583637089968704e+002	 -2.5961751942922535e+002	
  1.8810000000000000e+004	 -5.2583637089968704e+002	 -2.5961751942922535e+002	
  1.8840000000000000e+004	 -5.2583637089968704e+002	 -2.5961751942922535e+002	
  1.8870000000000000e+004	 -5.2583637089968704e+002	 -2.5961751942922535e+002	
  1.8900000000000000e+004	 -5.2583637089968704e+002	 -2.5961751942922535e+002	
  1.8930000000000000e+004	 -5.2583637089968704e+002	 -2.5961751942922535e+002	
  1.8960000000000000e+004	 -5.2583637089968704e+002	 -2.5961751942922535e+002	
  1.8990000000000000e+004	 -5.2583637089968704e+002	 -2.5961751942922535e+002	
  1.9020000000000000e+004	 -5.2583637089968704e+002	 -2.5961751942922535e+002	
  1.9050000000000000e+004	 -5.2583637089968704e+002	 -2.5961751942922535e+002	
  1.9080000000000000e+004	 -5.2583637089968704e+002	 -2.5961751942922535e+002	
  1.9110000000000000e+004	 -5.2583637089968704e+002	 -2.5961751942922535e+002	
  1.9140000000000000e+004	 -5.2583637089968704e+002	 -2.5961751942922535e+002	
  1.9170000000000000e+004	 -5.2583637089968704e+002	 -2.5961751942922535e+002	
  1.9200000000000000e+004	 -5.2583637089968704e+002	 -2.5961751942922535e+002	
  1.9230000000000000e+004	 -5.2583637089968704e+002	 -2.5961751942922535e+002	
  1.9260000000000000e+004	 -5.2583637089968704e+002	 -2.5961751942922535e+002	
  1.9290000000000000e+004	 -5.2583637089968704e+002	 -2.5961751942922535e+002	
  1.9320000000000000e+004	 -5.2583637089968704e+002	 -2.5961751942922535e+002	
  1.9350000000000000e+004	 -5.2583637089968704e+002	 -2.5961751942922535e+002	
  1.9380000000000000e+004	 -5.2583637089968704e+002	 -2.5961751942922535e+002	
  1.9410000000000000e+004	 -5.2583637089968704e+002	 -2.5961751942922535e+002	
  1.9440000000000000e+004	 -5.2583637089968704e+002	 -2.5961751942922535e+002	
  1.9470000000000000e+004	 -5.2583637089968704e+002	 -2.5961751942922535e+002	
  1.9500000000000000e+004	 -5.2583637089968704e+002	 -2.5961751942922535e+002	
  1.9530000000000000e+004	 -5.2583637089968704e+002	 -2.5961751942922535e+002	
  1.9560000000000000e+004	 -5.2583637089968704e+002	 -2.5961751942922535e+002	
  1.9590000000000000e+004	 -5.2583637089968704e+002	 -2.5961751942922535e+002	
  1.9620000000000000e+004	 -5.2583637089968704e+002	 -2.5961751942922535e+002	
  1.9650000000000000e+004	 -5.2583637089968704e+002	 -2.5961751942922535e+002	
  1.9680000000000000e+004	 -5.2583637089968704e+002	 -2.5961751942922535e+002	
  1.9710000000000000e+004	 -5.2583637089968704e+002	 -2.5961751942922535e+002	
  1.9740000000000000e+004	 -5.2583637089968704e+002	 -2.5961751942922535e+002	
  1.9770000000000000e+004	 -5.2583637089968704e+002	 -2.5961751942922535e+002	
  1.9800000000000000e+004	 -5.2583637089968704e+002	 -2.5961751942922535e+002	
  1.9830000000000000e+004	 -5.2583637089968704e+002	 -2.5961751942922535e+002	
  1.9860000000000000e+004	 -5.2583637089968704e+002	 -2.5961751942922535e+002	
  1.9890000000000000e+004	 -5.2583637089968704e+002	 -2.5961751942922535e+002	
  1.9920000000000000e+004	 -5.2583637089968704e+002	 -2.5961751942922535e+002	
  1.9950000000000000e+004	 -5.2583637089968704e+002	 -2.5961751942922535e+002	
  1.9980000000000000e+004	 -5.2583637089968704e+002	 -2.5961751942922535e+002	
  2.0010000000000000e+004	 -5.2583637089968704e+002	 -2.5961751942922535e+002	
  2.0040000000000000e+004	 -5.2583637089968704e+002	 -2.5961751942922535e+002	
  2.0070000000000000e+004	 -5.2583637089968704e+002	 -2.5961751942922535e+002	
  2.0100000000000000e+004	 -5.2583637089968704e+002	 -2.5961751942922535e+002	
  2.0130000000000000e+004	 -5.2583637089968704e+002	 -2.5961751942922535e+002	
  2.0160000000000000e+004	 -5.2583637089968704e+002	 -2.5961751942922535e+002	
  2.0190000000000000e+004	 -5.2583637089968704e+002	 -2.5961751942922535e+002	
  2.0220000000000000e+004	 -5.2583637089968704e+002	 -2.5961751942922535e+002	
  2.0250000000000000e+004	 -5.2583637089968704e+002	 -2.5961751942922535e+002	
  2.0280000000000000e+004	 -5.2583637089968704e+002	 -2.5961751942922535e+002	
  2.0310000000000000e+004	 -5.2583637089968704e+002	 -2.5961751942922535e+002	
  2.0340000000000000e+004	 -5.2583637089968704e+002	 -2.5961751942922535e+002	
  2.0370000000000000e+004	 -5.2583637089968704e+002	 -2.5961751942922535e+002	
  2.0400000000000000e+004	 -5.2583637089968704e+002	 -2.5961751942922535e+002	
  2.0430000000000000e+004	 -5.2583637089968704e+002	 -2.5961751942922535e+002	
  2.0460000000000000e+004	 -5.2583637089968704e+002	 -2.5961751942922535e+002	
  2.0490000000000000e+004	 -5.2583637089968704e+002	 -2.5961751942922535e+002	
  2.0520000000000000e+004	 -5.2583637089968704e+002	 -2.5961751942922535e+002	
  2.0550000000000000e+004	 -5.2583637089968704e+002	 -2.5961751942922535e+002	
  2.0580000000000000e+004	 -5.2583637089968704e+002	 -2.5961751942922535e+002	
  2.0610000000000000e+004	 -5.2583637089968704e+002	 -2.5961751942922535e+002	
  2.0640000000000000e+004	 -5.2583637089968704e+002	 -2.5961751942922535e+002	
  2.0670000000000000e+004	 -5.2583637089968704e+002	 -2.5961751942922535e+002	
  2.0700000000000000e+004	 -5.2583637089968704e+002	 -2.5961751942922535e+002	
  2.0730000000000000e+004	 -5.2583637089968704e+002	 -2.5961751942922535e+002	
  2.0760000000000000e+004	 -5.2583637089968704e+002	 -2.5961751942922535e+002	
  2.0790000000000000e+004	 -5.2583637089968704e+002	 -2.5961751942922535e+002	
  2.0820000000000000e+004	 -5.2583637089968704e+002	 -2.5961751942922535e+002	
  2.0850000000000000e+004	 -5.2583637089968704e+002	 -2.5961751942922535e+002	
  2.0880000000000000e+004	 -5.2583637089968704e+002	 -2.5961751942922535e+002	
  2.0910000000000000e+004	 -5.2583637089968704e+002	 -2.5961751942922535e+002	
  2.0940000000000000e+004	 -5.2583637089968704e+002	 -2.5961751942922535e+002	
  2.0970000000000000e+004	 -5.2583637089968704e+002	 -2.5961751942922535e+002	
  2.1000000000000000e+004	 -5.2583637089968704e+002	 -2.5961751942922535e+002	
  2.1030000000000000e+004	 -5.2583637089968704e+002	 -2.5961751942922535e+002	
  2.1060000000000000e+004	 -5.2583637089968704e+002	 -2.5961751942922535e+002	
  2.1090000000000000e+004	 -5.2583637089968704e+002	 -2.5961751942922535e+002	
  2.1120000000000000e+004	 -5.2583637089968704e+002	 -2.5961751942922535e+002	
  2.1150000000000000e+004	 -5.2583637089968704e+002	 -2.5961751942922535e+002	
  2.1180000000000000e+004	 -5.2583637089968704e+002	 -2.5961751942922535e+002	
  2.1210000000000000e+004	 -5.2583637089968704e+002	 -2.5961751942922535e+002	
  2.1240000000000000e+004	 -5.2583637089968704e+002	 -2.5961751942922535e+002	
  2.1270000000000000e+004	 -5.2583637089968704e+002	 -2.5961751942922535e+002	
  2.1300000000000000e+004	 -5.2583637089968704e+002	 -2.5961751942922535e+002	
  2.1330000000000000e+004	 -5.2583637089968704e+002	 -2.5961751942922535e+002	
  2.1360000000000000e+004	 -5.2583637089968704e+002	 -2.5961751942922535e+002	
  2.1390000000000000e+004	 -5.2583637089968704e+002	 -2.5961751942922535e+002	
  2.1420000000000000e+004	 -5.2583637089968704e+002	 -2.5961751942922535e+002	
  2.1450000000000000e+004	 -5.2583637089968704e+002	 -2.5961751942922535e+002	
  2.1480000000000000e+004	 -5.2583637089968704e+002	 -2.5961751942922535e+002	
  2.1510000000000000e+004	 -5.2583637089968704e+002	 -2.5961751942922535e+002	
  2.1540000000000000e+004	 -5.2583637089968704e+002	 -2.5961751942922535e+002	
  2.1570000000000000e+004	 -5.2583637089968704e+002	 -2.5961751942922535e+002	
  2.1600000000000000e+004	 -5.2583637089968704e+002	 -2.5961751942922535e+002	
  2.1630000000000000e+004	 -5.2583637089968704e+002	 -2.5961751942922535e+002	
  2.1660000000000000e+004	 -5.2583637089968704e+002	 -2.5961751942922535e+002	
  2.1690000000000000e+004	 -5.2583637089968704e+002	 -2.5961751942922535e+002	
  2.1720000000000000e+004	 -5.2583637089968704e+002	 -2.5961751942922535e+002	
  2.1750000000000000e+004	 -5.2583637089968704e+002	 -2.5961751942922535e+002	
  2.1780000000000000e+004	 -5.2583637089968704e+002	 -2.5961751942922535e+002	
  2.1810000000000000e+004	 -5.2583637089968704e+002	 -2.5961751942922535e+002	
  2.1840000000000000e+004	 -5.2583637089968704e+002	 -2.5961751942922535e+002	
  2.1870000000000000e+004	 -5.2583637089968704e+002	 -2.5961751942922535e+002	
  2.1900000000000000e+004	 -5.2583637089968704e+002	 -2.5961751942922535e+002	
  2.1930000000000000e+004	 -5.2583637089968704e+002	 -2.5961751942922535e+002	
  2.1960000000000000e+004	 -5.2583637089968704e+002	 -2.5961751942922535e+002	
  2.1990000000000000e+004	 -5.2583637089968704e+002	 -2.5961751942922535e+002	
  2.2020000000000000e+004	 -5.2583637089968704e+002	 -2.5961751942922535e+002	
  2.2050000000000000e+004	 -5.2583637089968704e+002	 -2.5961751942922535e+002	
  2.2080000000000000e+004	 -5.2583637089968704e+002	 -2.5961751942922535e+002	
  2.2110000000000000e+004	 -5.2583637089968704e+002	 -2.5961751942922535e+002	
  2.2140000000000000e+004	 -5.2583637089968704e+002	 -2.5961751942922535e+002	
  2.2170000000000000e+004	 -5.2583637089968704e+002	 -2.5961751942922535e+002	
  2.2200000000000000e+004	 -5.2583637089968704e+002	 -2.5961751942922535e+002	
  2.2230000000000000e+004	 -5.2583637089968704e+002	 -2.5961751942922535e+002	
  2.2260000000000000e+004	 -5.2583637089968704e+002	 -2.5961751942922535e+002	
  2.2290000000000000e+004	 -5.2583637089968704e+002	 -2.5961751942922535e+002	
  2.2320000000000000e+004	 -5.2583637089968704e+002	 -2.5961751942922535e+002	
  2.2350000000000000e+004	 -5.2583637089968704e+002	 -2.5961751942922535e+002	
  2.2380000000000000e+004	 -5.2583637089968704e+002	 -2.5961751942922535e+002	
  2.2410000000000000e+004	 -5.2583637089968704e+002	 -2.5961751942922535e+002	
  2.2440000000000000e+004	 -5.2583637089968704e+002	 -2.5961751942922535e+002	
  2.2470000000000000e+004	 -5.2583637089968704e+002	 -2.5961751942922535e+002	
  2.2500000000000000e+004	 -5.2583637089968704e+002	 -2.5961751942922535e+002	
  2.2530000000000000e+004	 -5.2583637089968704e+002	 -2.5961751942922535e+002	
  2.2560000000000000e+004	 -5.2583637089968704e+002	 -2.5961751942922535e+002	
  2.2590000000000000e+004	 -5.2583637089968704e+002	 -2.5961751942922535e+002	
  2.2620000000000000e+004	 -5.2583637089968704e+002	 -2.5961751942922535e+002	
  2.2650000000000000e+004	 -5.2583637089968704e+002	 -2.5961751942922535e+002	
  2.2680000000000000e+004	 -5.2583637089968704e+002	 -2.5961751942922535e+002	
  2.2710000000000000e+004	 -5.2583637089968704e+002	 -2.5961751942922535e+002	
  2.2740000000000000e+004	 -5.2583637089968704e+002	 -2.5961751942922535e+002	
  2.2770000000000000e+004	 -5.2583637089968704e+002	 -2.5961751942922535e+002	
  2.2800000000000000e+004	 -5.2583637089968704e+002	 -2.5961751942922535e+002	
  2.2830000000000000e+004	 -5.2583637089968704e+002	 -2.5961751942922535e+002	
  2.2860000000000000e+004	 -5.2583637089968704e+002	 -2.5961751942922535e+002	
  2.2890000000000000e+004	 -5.2583637089968704e+002	 -2.5961751942922535e+002	
  2.2920000000000000e+004	 -5.2583637089968704e+002	 -2.5961751942922535e+002	
  2.2950000000000000e+004	 -5.2583637089968704e+002	 -2.5961751942922535e+002	
  2.2980000000000000e+004	 -5.2583637089968704e+002	 -2.5961751942922535e+002	
  2.3010000000000000e+004	 -5.2583637089968704e+002	 -2.5961751942922535e+002	
  2.3040000000000000e+004	 -5.2583637089968704e+002	 -2.5961751942922535e+002	
  2.3070000000000000e+004	 -5.2583637089968704e+002	 -2.5961751942922535e+002	
  2.3100000000000000e+004	 -5.2583637089968704e+002	 -2.5961751942922535e+002	
  2.3130000000000000e+004	 -5.2583637089968704e+002	 -2.5961751942922535e+002	
  2.3160000000000000e+004	 -5.2583637089968704e+002	 -2.5961751942922535e+002	
  2.3190000000000000e+004	 -5.2583637089968704e+002	 -2.5961751942922535e+002	
  2.3220000000000000e+004	 -5.2583637089968704e+002	 -2.5961751942922535e+002	
  2.3250000000000000e+004	 -5.2583637089968704e+002	 -2.5961751942922535e+002	
  2.3280000000000000e+004	 -5.2583637089968704e+002	 -2.5961751942922535e+002	
  2.3310000000000000e+004	 -5.2583637089968704e+002	 -2.5961751942922535e+002	
  2.3340000000000000e+004	 -5.2583637089968704e+002	 -2.5961751942922535e+002	
  2.3370000000000000e+004	 -5.2583637089968704e+002	 -2.5961751942922535e+002	
  2.3400000000000000e+004	 -5.2583637089968704e+002	 -2.5961751942922535e+002	
  2.3430000000000000e+004	 -5.2583637089968704e+002	 -2.5961751942922535e+002	
  2.3460000000000000e+004	 -5.2583637089968704e+002	 -2.5961751942922535e+002	
  2.3490000000000000e+004	 -5.2583637089968704e+002	 -2.5961751942922535e+002	
  2.3520000000000000e+004	 -5.2583637089968704e+002	 -2.5961751942922535e+002	
  2.3550000000000000e+004	 -5.2583637089968704e+002	 -2.5961751942922535e+002	
  2.3580000000000000e+004	 -5.2583637089968704e+002	 -2.5961751942922535e+002	
  2.3610000000000000e+004	 -5.2583637089968704e+002	 -2.5961751942922535e+002	
  2.3640000000000000e+004	 -5.2583637089968704e+002	 -2.5961751942922535e+002	
  2.3670000000000000e+004	 -5.2583637089968704e+002	 -2.5961751942922535e+002	
  2.3700000000000000e+004	 -5.2583637089968704e+002	 -2.5961751942922535e+002	
  2.3730000000000000e+004	 -5.2583637089968704e+002	 -2.5961751942922535e+002	
  2.3760000000000000e+004	 -5.2583637089968704e+002	 -2.5961751942922535e+002	
  2.3790000000000000e+004	 -5.2583637089968704e+002	 -2.5961751942922535e+002	
  2.3820000000000000e+004	 -5.2583637089968704e+002	 -2.5961751942922535e+002	
  2.3850000000000000e+004	 -5.2583637089968704e+002	 -2.5961751942922535e+002	
  2.3880000000000000e+004	 -5.2583637089968704e+002	 -2.5961751942922535e+002	
  2.3910000000000000e+004	 -5.2583637089968704e+002	 -2.5961751942922535e+002	
  2.3940000000000000e+004	 -5.2583637089968704e+002	 -2.5961751942922535e+002	
  2.3970000000000000e+004	 -5.2583637089968704e+002	 -2.5961751942922535e+002	
  2.4000000000000000e+004	 -5.2583637089968704e+002	 -2.5961751942922535e+002	
  2.4030000000000000e+004	 -5.2583637089968704e+002	 -2.5961751942922535e+002	
  2.4060000000000000e+004	 -5.2583637089968704e+002	 -2.5961751942922535e+002	
  2.4090000000000000e+004	 -5.2583637089968704e+002	 -2.5961751942922535e+002	
  2.4120000000000000e+004	 -5.2583637089968704e+002	 -2.5961751942922535e+002	
  2.4150000000000000e+004	 -5.2583637089968704e+002	 -2.5961751942922535e+002	
  2.4180000000000000e+004	 -5.2583637089968704e+002	 -2.5961751942922535e+002	
  2.4210000000000000e+004	 -5.2583637089968704e+002	 -2.5961751942922535e+002	
  2.4240000000000000e+004	 -5.2583637089968704e+002	 -2.5961751942922535e+002	
  2.4270000000000000e+004	 -5.2583637089968704e+002	 -2.5961751942922535e+002	
  2.4300000000000000e+004	 -5.2583637089968704e+002	 -2.5961751942922535e+002	
  2.4330000000000000e+004	 -5.2583637089968704e+002	 -2.5961751942922535e+002	
  2.4360000000000000e+004	 -5.2583637089968704e+002	 -2.5961751942922535e+002	
  2.4390000000000000e+004	 -5.2583637089968704e+002	 -2.5961751942922535e+002	
  2.4420000000000000e+004	 -5.2583637089968704e+002	 -2.5961751942922535e+002	
  2.4450000000000000e+004	 -5.2583637089968704e+002	 -2.5961751942922535e+002	
  2.4480000000000000e+004	 -5.2583637089968704e+002	 -2.5961751942922535e+002	
  2.4510000000000000e+004	 -5.2583637089968704e+002	 -2.5961751942922535e+002	
  2.4540000000000000e+004	 -5.2583637089968704e+002	 -2.5961751942922535e+002	
  2.4570000000000000e+004	 -5.2583637089968704e+002	 -2.5961751942922535e+002	
  2.4600000000000000e+004	 -5.2583637089968704e+002	 -2.5961751942922535e+002	
  2.4630000000000000e+004	 -5.2583637089968704e+002	 -2.5961751942922535e+002	
  2.4660000000000000e+004	 -5.2583637089968704e+002	 -2.5961751942922535e+002	
  2.4690000000000000e+004	 -5.2583637089968704e+002	 -2.5961751942922535e+002	
  2.4720000000000000e+004	 -5.2583637089968704e+002	 -2.5961751942922535e+002	
  2.4750000000000000e+004	 -5.2583637089968704e+002	 -2.5961751942922535e+002	
  2.4780000000000000e+004	 -5.2583637089968704e+002	 -2.5961751942922535e+002	
  2.4810000000000000e+004	 -5.2583637089968704e+002	 -2.5961751942922535e+002	
  2.4840000000000000e+004	 -5.2583637089968704e+002	 -2.5961751942922535e+002	
  2.4870000000000000e+004	 -5.2583637089968704e+002	 -2.5961751942922535e+002	
  2.4900000000000000e+004	 -5.2583637089968704e+002	 -2.5961751942922535e+002	
  2.4930000000000000e+004	 -5.2583637089968704e+002	 -2.5961751942922535e+002	
  2.4960000000000000e+004	 -5.2583637089968704e+002	 -2.5961751942922535e+002	
  2.4990000000000000e+004	 -5.2583637089968704e+002	 -2.5961751942922535e+002	
  2.5020000000000000e+004	 -5.2583637089968704e+002	 -2.5961751942922535e+002	
  2.5050000000000000e+004	 -5.2583637089968704e+002	 -2.5961751942922535e+002	
  2.5080000000000000e+004	 -5.2583637089968704e+002	 -2.5961751942922535e+002	
  2.5110000000000000e+004	 -5.2583637089968704e+002	 -2.5961751942922535e+002	
  2.5140000000000000e+004	 -5.2583637089968704e+002	 -2.5961751942922535e+002	
  2.5170000000000000e+004	 -5.2583637089968704e+002	 -2.5961751942922535e+002	
  2.5200000000000000e+004	 -5.2583637089968704e+002	 -2.5961751942922535e+002	
  2.5230000000000000e+004	 -5.2583637089968704e+002	 -2.5961751942922535e+002	
  2.5260000000000000e+004	 -5.2583637089968704e+002	 -2.5961751942922535e+002	
  2.5290000000000000e+004	 -5.2583637089968704e+002	 -2.5961751942922535e+002	
  2.5320000000000000e+004	 -5.2583637089968704e+002	 -2.5961751942922535e+002	
  2.5350000000000000e+004	 -5.2583637089968704e+002	 -2.5961751942922535e+002	
  2.5380000000000000e+004	 -5.2583637089968704e+002	 -2.5961751942922535e+002	
  2.5410000000000000e+004	 -5.2583637089968704e+002	 -2.5961751942922535e+002	
  2.5440000000000000e+004	 -5.2583637089968704e+002	 -2.5961751942922535e+002	
  2.5470000000000000e+004	 -5.2583637089968704e+002	 -2.5961751942922535e+002	
  2.5500000000000000e+004	 -5.2583637089968704e+002	 -2.5961751942922535e+002	
  2.5530000000000000e+004	 -5.2583637089968704e+002	 -2.5961751942922535e+002	
  2.5560000000000000e+004	 -5.2583637089968704e+002	 -2.5961751942922535e+002	
  2.5590000000000000e+004	 -5.2583637089968704e+002	 -2.5961751942922535e+002	
  2.5620000000000000e+004	 -5.2583637089968704e+002	 -2.5961751942922535e+002	
  2.5650000000000000e+004	 -5.2583637089968704e+002	 -2.5961751942922535e+002	
  2.5680000000000000e+004	 -5.2583637089968704e+002	 -2.5961751942922535e+002	
  2.5710000000000000e+004	 -5.2583637089968704e+002	 -2.5961751942922535e+002	
  2.5740000000000000e+004	 -5.2583637089968704e+002	 -2.5961751942922535e+002	
  2.5770000000000000e+004	 -5.2583637089968704e+002	 -2.5961751942922535e+002	
  2.5800000000000000e+004	 -5.2583637089968704e+002	 -2.5961751942922535e+002	
  2.5830000000000000e+004	 -5.2583637089968704e+002	 -2.5961751942922535e+002	
  2.5860000000000000e+004	 -5.2583637089968704e+002	 -2.5961751942922535e+002	
  2.5890000000000000e+004	 -5.2583637089968704e+002	 -2.5961751942922535e+002	
  2.5920000000000000e+004	 -5.2583637089968704e+002	 -2.5961751942922535e+002	
  2.5950000000000000e+004	 -5.2583637089968704e+002	 -2.5961751942922535e+002	
  2.5980000000000000e+004	 -5.2583637089968704e+002	 -2.5961751942922535e+002	
  2.6010000000000000e+004	 -5.2583637089968704e+002	 -2.5961751942922535e+002	
  2.6040000000000000e+004	 -5.2583637089968704e+002	 -2.5961751942922535e+002	
  2.6070000000000000e+004	 -5.2583637089968704e+002	 -2.5961751942922535e+002	
  2.6100000000000000e+004	 -5.2583637089968704e+002	 -2.5961751942922535e+002	
  2.6130000000000000e+004	 -5.2583637089968704e+002	 -2.5961751942922535e+002	
  2.6160000000000000e+004	 -5.2583637089968704e+002	 -2.5961751942922535e+002	
  2.6190000000000000e+004	 -5.2583637089968704e+002	 -2.5961751942922535e+002	
  2.6220000000000000e+004	 -5.2583637089968704e+002	 -2.5961751942922535e+002	
  2.6250000000000000e+004	 -5.2583637089968704e+002	 -2.5961751942922535e+002	
  2.6280000000000000e+004	 -5.2583637089968704e+002	 -2.5961751942922535e+002	
  2.6310000000000000e+004	 -5.2583637089968704e+002	 -2.5961751942922535e+002	
  2.6340000000000000e+004	 -5.2583637089968704e+002	 -2.5961751942922535e+002	
  2.6370000000000000e+004	 -5.5072116426634375e+002	 -2.7135895042860977e+002	
  2.6400000000000000e+004	 -5.8707744200993773e+002	 -2.8851298985466485e+002	
  2.6430000000000000e+004	 -6.2343371975353170e+002	 -3.0566702928071999e+002	
  2.6460000000000000e+004	 -6.5978999749712568e+002	 -3.2282106870677501e+002	
  2.6490000000000000e+004	 -6.9614627524071966e+002	 -3.3997510813283009e+002	
  2.6520000000000000e+004	 -7.3250255298431364e+002	 -3.5712914755888528e+002	
  2.6550000000000000e+004	 -7.6885883072790773e+002	 -3.7428318698494036e+002	
  2.6580000000000000e+004	 -8.0521510847150182e+002	 -3.9143722641099544e+002	
  2.6610000000000000e+004	 -8.4157138621509569e+002	 -4.0859126583705051e+002	
  2.6640000000000000e+004	 -8.7792766395868978e+002	 -4.2574530526310565e+002	
  2.6670000000000000e+004	 -9.1428394170228376e+002	 -4.4289934468916078e+002	
  2.6700000000000000e+004	 -9.5064021944587773e+002	 -4.6005338411521586e+002	
  2.6730000000000000e+004	 -9.8699649718947171e+002	 -4.7720742354127094e+002	
  2.6760000000000000e+004	 -1.0233527749330658e+003	 -4.9436146296732602e+002	
  2.6790000000000000e+004	 -1.0597090526766597e+003	 -5.1151550239338110e+002	
  2.6820000000000000e+004	 -1.0960653304202538e+003	 -5.2866954181943629e+002	
  2.6850000000000000e+004	 -1.1324216081638478e+003	 -5.4582358124549137e+002	
  2.6880000000000000e+004	 -1.1687778859074417e+003	 -5.6297762067154645e+002	
  2.6910000000000000e+004	 -1.2051341636510358e+003	 -5.8013166009760153e+002	
  2.6940000000000000e+004	 -1.2414904413946297e+003	 -5.9728569952365660e+002	
  2.6970000000000000e+004	 -1.2778467191382238e+003	 -6.1443973894971168e+002	
  2.7000000000000000e+004	 -1.3142029968818176e+003	 -6.3159377837576676e+002	
  2.7030000000000000e+004	 -1.3505592746254117e+003	 -6.4874781780182195e+002	
  2.7060000000000000e+004	 -1.3869155523690058e+003	 -6.6590185722787703e+002	
  2.7090000000000000e+004	 -1.4232718301125997e+003	 -6.8305589665393222e+002	
  2.7120000000000000e+004	 -1.4596281078561938e+003	 -7.0020993607998730e+002	
  2.7150000000000000e+004	 -1.4959843855997879e+003	 -7.1736397550604238e+002	
  2.7180000000000000e+004	 -1.5323406633433817e+003	 -7.3451801493209757e+002	
  2.7210000000000000e+004	 -1.5686969410869758e+003	 -7.5167205435815265e+002	
  2.7240000000000000e+004	 -1.6050532188305697e+003	 -7.6882609378420773e+002	
  2.7270000000000000e+004	 -1.6414094965741635e+003	 -7.8598013321026281e+002	
  2.7300000000000000e+004	 -1.6777657743177579e+003	 -8.0313417263631789e+002	
  2.7330000000000000e+004	 -1.7141220520613517e+003	 -8.2028821206237296e+002	
  2.7360000000000000e+004	 -1.7504783298049456e+003	 -8.3744225148842804e+002	
  2.7390000000000000e+004	 -1.7868346075485395e+003	 -8.5459629091448323e+002	
  2.7420000000000000e+004	 -1.8231908852921338e+003	 -8.7175033034053831e+002	
  2.7450000000000000e+004	 -1.8595471630357276e+003	 -8.8890436976659339e+002	
  2.7480000000000000e+004	 -1.8959034407793220e+003	 -9.0605840919264847e+002	
  2.7510000000000000e+004	 -1.9322597185229158e+003	 -9.2321244861870355e+002	
  2.7540000000000000e+004	 -1.9686159962665097e+003	 -9.4036648804475874e+002	
  2.7570000000000000e+004	 -2.0049722740101040e+003	 -9.5752052747081382e+002	
  2.7600000000000000e+004	 -2.0413285517536979e+003	 -9.7467456689686890e+002	
  2.7630000000000000e+004	 -2.0776848294972915e+003	 -9.9182860632292397e+002	
  2.7660000000000000e+004	 -2.1140411072408856e+003	 -1.0089826457489791e+003	
  2.7690000000000000e+004	 -2.1503973849844797e+003	 -1.0261366851750342e+003	
  2.7720000000000000e+004	 -2.1867536627280738e+003	 -1.0432907246010893e+003	
  2.7750000000000000e+004	 -2.2231099404716674e+003	 -1.0604447640271444e+003	
  2.7780000000000000e+004	 -2.2594662182152620e+003	 -1.0775988034531995e+003	
  2.7810000000000000e+004	 -2.2958224959588556e+003	 -1.0947528428792546e+003	
  2.7840000000000000e+004	 -2.3286238203922285e+003	 -1.1103250574379877e+003	
  2.7870000000000000e+004	 -2.3329712574123455e+003	 -1.1090560480791148e+003	
  2.7900000000000000e+004	 -2.3384122725358220e+003	 -1.1129187451847581e+003	
  2.7930000000000000e+004	 -2.3470085440815533e+003	 -1.1146330297120605e+003	
  2.7960000000000000e+004	 -2.3443642274722797e+003	 -1.1393565575198577e+003	
  2.7990000000000000e+004	 -2.3593696015061591e+003	 -1.1456682390385699e+003	
  2.8020000000000000e+004	 -2.3619422085552296e+003	 -1.1409929230810947e+003	
  2.8050000000000000e+004	 -2.3694538598666359e+003	 -1.1488407788016473e+003	
  2.8080000000000000e+004	 -2.3660207319191668e+003	 -1.1410040551147413e+003	
  2.8110000000000000e+004	 -2.3681541108850065e+003	 -1.1359502594870905e+003	
  2.8140000000000000e+004	 -2.3635915455471300e+003	 -1.1334010928582361e+003	
  2.8170000000000000e+004	 -2.3587690290546989e+003	 -1.1418277988834477e+003	
  2.8200000000000000e+004	 -2.3350239643883638e+003	 -1.1294938642310976e+003	
  2.8230000000000000e+004	 -2.3237654505797054e+003	 -1.1322767911380445e+003	
  2.8260000000000000e+004	 -2.2899092334336697e+003	 -1.1185179979048153e+003	
  2.8290000000000000e+004	 -2.2594234035927789e+003	 -1.1193751401655059e+003	
  2.8320000000000000e+004	 -2.2305062332779062e+003	 -1.1422953310943924e+003	
  2.8350000000000000e+004	 -2.2569314695148269e+003	 -9.4229189315852659e+002	
  2.8380000000000000e+004	 -2.2539106750612059e+003	 -9.4354977930760595e+002	
  2.8410000000000000e+004	 -2.2295112508547609e+003	 -9.5129744995004364e+002	
  2.8440000000000000e+004	 -2.2161462483085679e+003	 -9.7412859234464997e+002	
  2.8470000000000000e+004	 -2.1911552188557239e+003	 -1.0553900710348103e+003	
  2.8500000000000000e+004	 -2.1691939439585394e+003	 -1.1265996225833574e+003	
  2.8530000000000000e+004	 -2.0374173430113806e+003	 -1.1589261063749723e+003	
  2.8560000000000000e+004	 -1.9290093322220025e+003	 -1.0748371701263970e+003	
  2.8590000000000000e+004	 -1.8294665013067347e+003	 -7.7550548424738179e+002	
  2.8620000000000000e+004	 -1.8559634469898683e+003	 -7.6903796684415533e+002	
  2.8650000000000000e+004	 -1.8247067311446694e+003	 -7.6475225228709041e+002	
  2.8680000000000000e+004	 -1.7555152766684616e+003	 -5.3113105808148043e+002	
  2.8710000000000000e+004	 -1.7324335271964981e+003	 -4.6955043591612355e+002	
  2.8740000000000000e+004	 -1.7227078215243844e+003	 -4.7871182849878289e+002	
  2.8770000000000000e+004	 -1.7146583422732315e+003	 -4.6980647078013953e+002	
  2.8800000000000000e+004	 -1.6100151168876314e+003	 -4.3245957541099204e+002	
  2.8830000000000000e+004	 -1.2784447191316719e+003	 -5.7121634530491121e+002	
  2.8860000000000000e+004	 -8.3630602587933390e+002	 -5.6035180587751006e+002	
  2.8890000000000000e+004	 -5.8086505156888518e+002	 -4.4041875867995043e+002	
  2.8920000000000000e+004	 -5.8604612468474011e+002	 -4.4142059881906107e+002	
  2.8950000000000000e+004	 -5.8462088111977823e+002	 -4.4026290811340897e+002	
  2.8980000000000000e+004	 -2.8206623676309056e+002	 -2.0739866463425432e+002	
  2.9010000000000000e+004	 -2.2295501523440176e+001	  1.9187126941251940e+001	
  2.9040000000000000e+004	 -2.1688159586840112e+002	 -1.1014088494571793e+002	
  2.9070000000000000e+004	 -4.0069297691585888e+002	 -8.4192886602613612e+001	
  2.9100000000000000e+004	 -4.4026809072427534e+002	 -7.5632649156871608e+001	
  2.9130000000000000e+004	 -4.3895937094254924e+002	 -7.5699360311554713e+001	
  2.9160000000000000e+004	 -4.6306299296841672e+002	 -8.8322712309745683e+001	
  2.9190000000000000e+004	 -4.8158217278552149e+002	 -1.0213717738297115e+002	
  2.9220000000000000e+004	 -4.7501171756232679e+002	 -1.3426330624378176e+002	
  2.9250000000000000e+004	 -4.6748212511105646e+002	 -1.6788112191821233e+002	
  2.9280000000000000e+004	 -4.6983065367356102e+002	 -1.9249331277783912e+002	
  2.9310000000000000e+004	 -4.6214868292076835e+002	 -1.8519089720322012e+002	
  2.9340000000000000e+004	 -4.5684212463154427e+002	 -1.8103880271060862e+002	
  2.9370000000000000e+004	 -4.5520175538745650e+002	 -1.8214081006123828e+002	
  2.9400000000000000e+004	 -4.5894860563852978e+002	 -1.8839683709642952e+002	
  2.9430000000000000e+004	 -4.6551906331962675e+002	 -1.8808513877907740e+002	
  2.9460000000000000e+004	 -4.9046528126277860e+002	 -2.0833374536055243e+002	
  2.9490000000000000e+004	 -5.1658575380335151e+002	 -2.2864910007316175e+002	
  2.9520000000000000e+004	 -5.3739966133733401e+002	 -2.4353221346788831e+002	
  2.9550000000000000e+004	 -5.3878406603649989e+002	 -2.4362496745522179e+002	
  2.9580000000000000e+004	 -5.3734587331694763e+002	 -2.4761755259436580e+002	
  2.9610000000000000e+004	 -5.4449897555749487e+002	 -2.5618895411875127e+002	
  2.9640000000000000e+004	 -5.5853626504579438e+002	 -2.6700899175326850e+002	
  2.9670000000000000e+004	 -5.5140108484354607e+002	 -2.8081229422337452e+002	
  2.9700000000000000e+004	 -5.6812751518685843e+002	 -2.7253030237810924e+002	
  2.9730000000000000e+004	 -5.9098516041736298e+002	 -2.9254510843583881e+002	
  2.9760000000000000e+004	 -5.9611244623754862e+002	 -2.9267869381105282e+002	
  2.9790000000000000e+004	 -5.9713431811723183e+002	 -2.7333178230978081e+002	
  2.9820000000000000e+004	 -5.7972665632252836e+002	 -2.7863047470453574e+002	
  2.9850000000000000e+004	 -5.7169509509837405e+002	 -2.7909802168400364e+002	
  2.9880000000000000e+004	 -5.6744626841441459e+002	 -2.8493101943194137e+002	
  2.9910000000000000e+004	 -5.4586146587178064e+002	 -2.8067871445463345e+002	
  2.9940000000000000e+004	 -5.8969438058297999e+002	 -2.7028169948687429e+002	
  2.9970000000000000e+004	 -5.7725264413780110e+002	 -2.6892362895687046e+002	
  3.0000000000000000e+004	 -5.7445594331950133e+002	 -2.7607019248460836e+002	
  3.0030000000000000e+004	 -5.7850757771436542e+002	 -2.8368427861664367e+002	
  3.0060000000000000e+004	 -5.8334802173585865e+002	 -2.8143567272087830e+002	
  3.0090000000000000e+004	 -5.7909918564095801e+002	 -2.6211101535350639e+002	
  3.0120000000000000e+004	 -5.7804145778559302e+002	 -2.6743198724335019e+002	
  3.0150000000000000e+004	 -5.8990950923187643e+002	 -3.0755066743715417e+002	
  3.0180000000000000e+004	 -5.8273848423847448e+002	 -2.9414808601425904e+002	
  3.0210000000000000e+004	 -5.7447387109182750e+002	 -2.8219262313563911e+002	
  3.0240000000000000e+004	 -5.8933582609299651e+002	 -2.8922787757605977e+002	
  3.0270000000000000e+004	 -5.7070908358013980e+002	 -2.8858221786925998e+002	
  3.0300000000000000e+004	 -5.6563557909454300e+002	 -2.8824828048428236e+002	
  3.0330000000000000e+004	 -5.6402209242010997e+002	 -2.8148018830065450e+002	
  3.0360000000000000e+004	 -5.8108914520546307e+002	 -2.8050061297435138e+002	
  3.0390000000000000e+004	 -5.8827809814978423e+002	 -2.8996255608725852e+002	
  3.0420000000000000e+004	 -5.9234766172877585e+002	 -2.9782153750270680e+002	
  3.0450000000000000e+004	 -5.9584353594693926e+002	 -3.0285308999651960e+002	
  3.0480000000000000e+004	 -6.0518379773905804e+002	 -2.9537258784792681e+002	
  3.0510000000000000e+004	 -5.9971588375395140e+002	 -2.5843755364323204e+002	
  3.0540000000000000e+004	 -6.0068397640106502e+002	 -2.6039673595227032e+002	
  3.0570000000000000e+004	 -5.9360258967021014e+002	 -2.8370654588350010e+002	
  3.0600000000000000e+004	 -5.8883385757823794e+002	 -2.8355068752197860e+002	
  3.0630000000000000e+004	 -5.9042940340733435e+002	 -2.8686795085970971e+002	
  3.0660000000000000e+004	 -5.9143335260883714e+002	 -2.8655625085168282e+002	
  3.0690000000000000e+004	 -5.8829602887501699e+002	 -3.0895325676578938e+002	
  3.0720000000000000e+004	 -5.7416910444941334e+002	 -2.9087535399326987e+002	
  3.0750000000000000e+004	 -5.8462087732279838e+002	 -3.1238183356368484e+002	
  3.0780000000000000e+004	 -5.8549932729453701e+002	 -3.1692355577371654e+002	
  3.0810000000000000e+004	 -5.7244805478681576e+002	 -2.8673436880835789e+002	
  3.0840000000000000e+004	 -5.7334443581033906e+002	 -2.8927241051942008e+002	
  3.0870000000000000e+004	 -5.9123615354191247e+002	 -2.9708686368748329e+002	
  3.0900000000000000e+004	 -5.9172019241124531e+002	 -2.9450430050338809e+002	
  3.0930000000000000e+004	 -5.9444518408620081e+002	 -2.9940225550647608e+002	
  3.0960000000000000e+004	 -5.9405077801205266e+002	 -2.9815550277151914e+002	
  3.0990000000000000e+004	 -5.9358466224530616e+002	 -3.0398851914063300e+002	
  3.1020000000000000e+004	 -5.8402926703215655e+002	 -3.2496066699566978e+002	
  3.1050000000000000e+004	 -5.9007085973357084e+002	 -3.3589199854202803e+002	
  3.1080000000000000e+004	 -5.9085967933052814e+002	 -3.1545417518674083e+002	
  3.1110000000000000e+004	 -5.8736379369209226e+002	 -2.8279373931950238e+002	
  3.1140000000000000e+004	 -5.8998122485891031e+002	 -3.2480480616976217e+002	
  3.1170000000000000e+004	 -5.8331216817508312e+002	 -3.4597732435344034e+002	
  3.1200000000000000e+004	 -6.2615904998723840e+002	 -4.0566555635125002e+002	
  3.1230000000000000e+004	 -5.9838925408225953e+002	 -3.2102002833697441e+002	
  3.1260000000000000e+004	 -5.9191739833933411e+002	 -3.0487905036952822e+002	
  3.1290000000000000e+004	 -5.8885179067600222e+002	 -2.9984751952414547e+002	
  3.1320000000000000e+004	 -5.9392528924191026e+002	 -3.0543562788387078e+002	
  3.1350000000000000e+004	 -5.9503679184366479e+002	 -3.0928720420272253e+002	
  3.1380000000000000e+004	 -5.9155884847006541e+002	 -3.0859704133539447e+002	
  3.1410000000000000e+004	 -5.7947566352679019e+002	 -2.8971767316374616e+002	
  3.1440000000000000e+004	 -5.8413683039703301e+002	 -2.9327981496890760e+002	
  3.1470000000000000e+004	 -5.8180624915369322e+002	 -2.9370281439073460e+002	
  3.1500000000000000e+004	 -5.8501528407954390e+002	 -2.9356923094663625e+002	
  3.1530000000000000e+004	 -5.8155526237813433e+002	 -2.8397370891670687e+002	
  3.1560000000000000e+004	 -5.8377828243585145e+002	 -3.0944304625665416e+002	
  3.1590000000000000e+004	 -5.7476071293541816e+002	 -2.7673808037781390e+002	
  3.1620000000000000e+004	 -5.8741758020495672e+002	 -2.9149872401849666e+002	
  3.1650000000000000e+004	 -5.7569294757722730e+002	 -3.2228903599902850e+002	
  3.1680000000000000e+004	 -5.7603357110344302e+002	 -3.1672319245225469e+002	
  3.1710000000000000e+004	 -5.8367071207217919e+002	 -3.0797365539266497e+002	
  3.1740000000000000e+004	 -5.8345558616411574e+002	 -2.8920560021515581e+002	
  3.1770000000000000e+004	 -5.9883743847562732e+002	 -2.9641894978247672e+002	
  3.1800000000000000e+004	 -5.8693353805596882e+002	 -3.0358776854070328e+002	
  3.1830000000000000e+004	 -5.7775461868443529e+002	 -2.8395144744456621e+002	
  3.1860000000000000e+004	 -5.8732793893874771e+002	 -3.3268606746205126e+002	
  3.1890000000000000e+004	 -5.8940753617310520e+002	 -3.2649683601599992e+002	
  3.1920000000000000e+004	 -5.7411531770170564e+002	 -3.4559883665368363e+002	
  3.1950000000000000e+004	 -5.7004575990956596e+002	 -3.8231122625484687e+002	
  3.1980000000000000e+004	 -5.7126483587191797e+002	 -3.7284928028567674e+002	
  3.2010000000000000e+004	 -5.6839642670455703e+002	 -3.7961735917030057e+002	
  3.2040000000000000e+004	 -5.6945415362972540e+002	 -3.6817395830012356e+002	
  3.2070000000000000e+004	 -5.4738531390922140e+002	 -3.2291242119686717e+002	
  3.2100000000000000e+004	 -5.7268111911321159e+002	 -3.4998474292686450e+002	
  3.2130000000000000e+004	 -5.6499018932862850e+002	 -2.8635589451705152e+002	
  3.2160000000000000e+004	 -5.8126841975216087e+002	 -2.9497181922748143e+002	
  3.2190000000000000e+004	 -5.9338745830824462e+002	 -2.9848945887431040e+002	
  3.2220000000000000e+004	 -5.8275640745268061e+002	 -2.9989204597869832e+002	
  3.2250000000000000e+004	 -5.9112858743475545e+002	 -3.0276403491658868e+002	
  3.2280000000000000e+004	 -5.8969438725187069e+002	 -2.9223342470107553e+002	
  3.2310000000000000e+004	 -6.1590448946849006e+002	 -3.2429275068122513e+002	
  3.2340000000000000e+004	 -5.8838566730112143e+002	 -3.0637071413866255e+002	
  3.2370000000000000e+004	 -5.8544554745243977e+002	 -3.2068609087843123e+002	
  3.2400000000000000e+004	 -5.8160904253710100e+002	 -3.1407384058991846e+002	
  3.2430000000000000e+004	 -5.6421930418247905e+002	 -2.5322793425701474e+002	
  3.2460000000000000e+004	 -6.0878723502519711e+002	 -2.9937998368689870e+002	
  3.2490000000000000e+004	 -5.8689768265920850e+002	 -2.9368054361393172e+002	
  3.2520000000000000e+004	 -5.9035770424250825e+002	 -2.9385865880225265e+002	
  3.2550000000000000e+004	 -5.8722037444661578e+002	 -2.9040782030871441e+002	
  3.2580000000000000e+004	 -5.9003500420003104e+002	 -2.7393287501822596e+002	
  3.2610000000000000e+004	 -5.8852908365581936e+002	 -2.6289024207342629e+002	
  3.2640000000000000e+004	 -5.8135806271164097e+002	 -3.0543563451022908e+002	
  3.2670000000000000e+004	 -5.8822431439600075e+002	 -3.0347645269080539e+002	
  3.2700000000000000e+004	 -5.8596544965817100e+002	 -3.1411836081378863e+002	
  3.2730000000000000e+004	 -5.8429817992214191e+002	 -3.0042635702294217e+002	
  3.2760000000000000e+004	 -5.8562481593023199e+002	 -3.0385494563187683e+002	
  3.2790000000000000e+004	 -5.8384999139447882e+002	 -3.0487904946734369e+002	
  3.2820000000000000e+004	 -5.8334802583836267e+002	 -3.0470094799372083e+002	
  3.2850000000000000e+004	 -5.8915655707162614e+002	 -2.9735401110229463e+002	
  3.2880000000000000e+004	 -5.8768649156821243e+002	 -2.9971392732386954e+002	
  3.2910000000000000e+004	 -5.8929997810676946e+002	 -2.9804417876092486e+002	
  3.2940000000000000e+004	 -5.8741758108548891e+002	 -3.0329835889640509e+002	
  3.2970000000000000e+004	 -5.9342331857982151e+002	 -3.0151727625090609e+002	
  3.3000000000000000e+004	 -5.9743909387111012e+002	 -2.9664158385278688e+002	
  3.3030000000000000e+004	 -5.9388943048416388e+002	 -2.9635216260897039e+002	
  3.3060000000000000e+004	 -5.9331575058537237e+002	 -2.9766569503629046e+002	
  3.3090000000000000e+004	 -5.8546347446831192e+002	 -2.9904602596285486e+002	
  3.3120000000000000e+004	 -5.9080589154138693e+002	 -2.9748759521720217e+002	
  3.3150000000000000e+004	 -5.9772592699773327e+002	 -2.9523897224687505e+002	
  3.3180000000000000e+004	 -5.9656140104541873e+002	 -2.9695915661049690e+002	
  3.3210000000000000e+004	 -5.9437791488482912e+002	 -3.0018450229228790e+002	
  3.3240000000000000e+004	 -5.9219442872423951e+002	 -3.0340984797407879e+002	
  3.3270000000000000e+004	 -5.9001094256364991e+002	 -3.0663519365586978e+002	
  3.3300000000000000e+004	 -5.6438960716522320e+002	 -3.0161744200940632e+002	
  3.3330000000000000e+004	 -5.6156601554202723e+002	 -2.9892357780452886e+002	
  3.3360000000000000e+004	 -5.5918165781277162e+002	 -2.9423712558197712e+002	
  3.3390000000000000e+004	 -5.5918165781277162e+002	 -2.9423712558197712e+002	
  3.3420000000000000e+004	 -5.5918165781277162e+002	 -2.9423712558197712e+002	
  3.3450000000000000e+004	 -5.5918165781277162e+002	 -2.9423712558197712e+002	
  3.3480000000000000e+004	 -5.5918165781277162e+002	 -2.9423712558197712e+002	
  3.3510000000000000e+004	 -5.5918165781277162e+002	 -2.9423712558197712e+002	
  3.3540000000000000e+004	 -5.5918165781277162e+002	 -2.9423712558197712e+002	
  3.3570000000000000e+004	 -5.5918165781277162e+002	 -2.9423712558197712e+002	
  3.3600000000000000e+004	 -5.5918165781277162e+002	 -2.9423712558197712e+002	
  3.3630000000000000e+004	 -5.5918165781277162e+002	 -2.9423712558197712e+002	
  3.3660000000000000e+004	 -5.5918165781277162e+002	 -2.9423712558197712e+002	
  3.3690000000000000e+004	 -5.5918165781277162e+002	 -2.9423712558197712e+002	
  3.3720000000000000e+004	 -5.5918165781277162e+002	 -2.9423712558197712e+002	
  3.3750000000000000e+004	 -5.5918165781277162e+002	 -2.9423712558197712e+002	
  3.3780000000000000e+004	 -5.5918165781277162e+002	 -2.9423712558197712e+002	
  3.3810000000000000e+004	 -5.5918165781277162e+002	 -2.9423712558197712e+002	
  3.3840000000000000e+004	 -5.5918165781277162e+002	 -2.9423712558197712e+002	
  3.3870000000000000e+004	 -5.5918165781277162e+002	 -2.9423712558197712e+002	
  3.3900000000000000e+004	 -5.5918165781277162e+002	 -2.9423712558197712e+002	
  3.3930000000000000e+004	 -5.5918165781277162e+002	 -2.9423712558197712e+002	
  3.3960000000000000e+004	 -5.5918165781277162e+002	 -2.9423712558197712e+002	
  3.3990000000000000e+004	 -5.5918165781277162e+002	 -2.9423712558197712e+002	
  3.4020000000000000e+004	 -5.5918165781277162e+002	 -2.9423712558197712e+002	
  3.4050000000000000e+004	 -5.5918165781277162e+002	 -2.9423712558197712e+002	
  3.4080000000000000e+004	 -5.5918165781277162e+002	 -2.9423712558197712e+002	
  3.4110000000000000e+004	 -5.5918165781277162e+002	 -2.9423712558197712e+002	
  3.4140000000000000e+004	 -5.5918165781277162e+002	 -2.9423712558197712e+002	
  3.4170000000000000e+004	 -5.5918165781277162e+002	 -2.9423712558197712e+002	
  3.4200000000000000e+004	 -5.5918165781277162e+002	 -2.9423712558197712e+002	
  3.4230000000000000e+004	 -5.5918165781277162e+002	 -2.9423712558197712e+002	
  3.4260000000000000e+004	 -5.5918165781277162e+002	 -2.9423712558197712e+002	
  3.4290000000000000e+004	 -5.5918165781277162e+002	 -2.9423712558197712e+002	
  3.4320000000000000e+004	 -5.5918165781277162e+002	 -2.9423712558197712e+002	
  3.4350000000000000e+004	 -5.5918165781277162e+002	 -2.9423712558197712e+002	
  3.4380000000000000e+004	 -5.5918165781277162e+002	 -2.9423712558197712e+002	
  3.4410000000000000e+004	 -5.5918165781277162e+002	 -2.9423712558197712e+002	
  3.4440000000000000e+004	 -5.5918165781277162e+002	 -2.9423712558197712e+002	
  3.4470000000000000e+004	 -5.5918165781277162e+002	 -2.9423712558197712e+002	
  3.4500000000000000e+004	 -5.5918165781277162e+002	 -2.9423712558197712e+002	
  3.4530000000000000e+004	 -5.5918165781277162e+002	 -2.9423712558197712e+002	
  3.4560000000000000e+004	 -5.5918165781277162e+002	 -2.9423712558197712e+002	
  3.4590000000000000e+004	 -5.5918165781277162e+002	 -2.9423712558197712e+002	
  3.4620000000000000e+004	 -5.5918165781277162e+002	 -2.9423712558197712e+002	
  3.4650000000000000e+004	 -5.5918165781277162e+002	 -2.9423712558197712e+002	
  3.4680000000000000e+004	 -5.5918165781277162e+002	 -2.9423712558197712e+002	
  3.4710000000000000e+004	 -5.5918165781277162e+002	 -2.9423712558197712e+002	
  3.4740000000000000e+004	 -5.7554056928036675e+002	 -2.9068610920574730e+002	
  3.4770000000000000e+004	 -5.9765421550691019e+002	 -2.9877887050500249e+002	
  3.4800000000000000e+004	 -5.8549932456330646e+002	 -2.9314622546180300e+002	
  3.4830000000000000e+004	 -5.7007265094752313e+002	 -2.9607385685372674e+002	
  3.4860000000000000e+004	 -5.9317232807556206e+002	 -2.9681968157427184e+002	
  3.4890000000000000e+004	 -6.2551366405093654e+002	 -2.9201079436101099e+002	
  3.4920000000000000e+004	 -6.2551366405093643e+002	 -2.9201079436101099e+002	
  3.4950000000000000e+004	 -6.2551366405093643e+002	 -2.9201079436101099e+002	
  3.4980000000000000e+004	 -6.2551366405093643e+002	 -2.9201079436101099e+002	
  3.5010000000000000e+004	 -6.2551366405093643e+002	 -2.9201079436101099e+002	
  3.5040000000000000e+004	 -6.2551366405093643e+002	 -2.9201079436101099e+002	
  3.5070000000000000e+004	 -6.2551366405093643e+002	 -2.9201079436101099e+002	
  3.5100000000000000e+004	 -6.2551366405093643e+002	 -2.9201079436101099e+002	
  3.5130000000000000e+004	 -6.2551366405093643e+002	 -2.9201079436101099e+002	
  3.5160000000000000e+004	 -6.2551366405093643e+002	 -2.9201079436101099e+002	
  3.5190000000000000e+004	 -6.2551366405093643e+002	 -2.9201079436101099e+002	
  3.5220000000000000e+004	 -6.2551366405093643e+002	 -2.9201079436101099e+002	
  3.5250000000000000e+004	 -6.2551366405093643e+002	 -2.9201079436101099e+002	
  3.5280000000000000e+004	 -6.2551366405093643e+002	 -2.9201079436101099e+002	
  3.5310000000000000e+004	 -6.2551366405093643e+002	 -2.9201079436101099e+002	
  3.5340000000000000e+004	 -6.2551366405093643e+002	 -2.9201079436101099e+002	
  3.5370000000000000e+004	 -6.2551366405093643e+002	 -2.9201079436101099e+002	
  3.5400000000000000e+004	 -6.2551366405093643e+002	 -2.9201079436101099e+002	
  3.5430000000000000e+004	 -6.2551366405093643e+002	 -2.9201079436101099e+002	
  3.5460000000000000e+004	 -5.9464070514545915e+002	 -2.9318104337988882e+002	
  3.5490000000000000e+004	 -5.6723113443300281e+002	 -3.0291987910901901e+002	
  3.5520000000000000e+004	 -5.4358467481599087e+002	 -2.5705722272975709e+002	
  3.5550000000000000e+004	 -5.4490483501809001e+002	 -2.6206924933377718e+002	
  3.5580000000000000e+004	 -5.4723452949238242e+002	 -2.7091400216440087e+002	
  3.5610000000000000e+004	 -5.4956422396667472e+002	 -2.7975875499502450e+002	
  3.5640000000000000e+004	 -5.5189391844096713e+002	 -2.8860350782564825e+002	
  3.5670000000000000e+004	 -5.5422361291525954e+002	 -2.9744826065627188e+002	
  3.5700000000000000e+004	 -5.5655330738955195e+002	 -3.0629301348689557e+002	
  3.5730000000000000e+004	 -5.5888300186384424e+002	 -3.1513776631751927e+002	
  3.5760000000000000e+004	 -5.7119312476753282e+002	 -2.9301263900689997e+002	
  3.5790000000000000e+004	 -5.7119312476753282e+002	 -2.9301263900689997e+002	
  3.5820000000000000e+004	 -5.7119312476753282e+002	 -2.9301263900689997e+002	
  3.5850000000000000e+004	 -5.7119312476753282e+002	 -2.9301263900689997e+002	
  3.5880000000000000e+004	 -5.7119312476753282e+002	 -2.9301263900689997e+002	
  3.5910000000000000e+004	 -5.7119312476753282e+002	 -2.9301263900689997e+002	
  3.5940000000000000e+004	 -5.7119312476753282e+002	 -2.9301263900689997e+002	
  3.5970000000000000e+004	 -5.7119312476753282e+002	 -2.9301263900689997e+002	
  3.6000000000000000e+004	 -5.7119312476753282e+002	 -2.9301263900689997e+002	
  3.6030000000000000e+004	 -5.7119312476753282e+002	 -2.9301263900689997e+002	
  3.6060000000000000e+004	 -5.7119312476753282e+002	 -2.9301263900689997e+002	
  3.6090000000000000e+004	 -5.7119312476753282e+002	 -2.9301263900689997e+002	
  3.6120000000000000e+004	 -5.7119312476753282e+002	 -2.9301263900689997e+002	
  3.6150000000000000e+004	 -5.7119312476753282e+002	 -2.9301263900689997e+002	
  3.6180000000000000e+004	 -5.7119312476753282e+002	 -2.9301263900689997e+002	
  3.6210000000000000e+004	 -5.7119312476753282e+002	 -2.9301263900689997e+002	
  3.6240000000000000e+004	 -5.7119312476753282e+002	 -2.9301263900689997e+002	
  3.6270000000000000e+004	 -5.7119312476753282e+002	 -2.9301263900689997e+002	
  3.6300000000000000e+004	 -5.7119312476753282e+002	 -2.9301263900689997e+002	
  3.6330000000000000e+004	 -5.7119312476753282e+002	 -2.9301263900689997e+002	
  3.6360000000000000e+004	 -5.7119312476753282e+002	 -2.9301263900689997e+002	
  3.6390000000000000e+004	 -5.7119312476753282e+002	 -2.9301263900689997e+002	
  3.6420000000000000e+004	 -5.8349474290972717e+002	 -2.7524790881912043e+002	
  3.6450000000000000e+004	 -6.0193891378406477e+002	 -2.5132441640098091e+002	
