  0.0000000000000000e+000	 -4.2042226163521485e+002	  1.0686181137386247e+003	
  3.0000000000000000e+001	 -4.2241202378381581e+002	  1.0724346996260010e+003	
  6.0000000000000000e+001	 -4.2440178593241671e+002	  1.0762512855133775e+003	
  9.0000000000000000e+001	 -4.2639154808101767e+002	  1.0800678714007538e+003	
  1.2000000000000000e+002	 -4.2838131022961858e+002	  1.0838844572881301e+003	
  1.5000000000000000e+002	 -4.3037107237821954e+002	  1.0877010431755066e+003	
  1.8000000000000000e+002	 -4.3236083452682044e+002	  1.0915176290628829e+003	
  2.1000000000000000e+002	 -4.3435059667542140e+002	  1.0953342149502594e+003	
  2.4000000000000000e+002	 -4.3634035882402236e+002	  1.0991508008376356e+003	
  2.7000000000000000e+002	 -4.3833012097262332e+002	  1.1029673867250119e+003	
  3.0000000000000000e+002	 -4.3794646833637773e+002	  1.0999427453964486e+003	
  3.3000000000000000e+002	 -4.3330323135577748e+002	  1.1044733489802779e+003	
  3.6000000000000000e+002	 -4.3503322622707276e+002	  1.1006329101530514e+003	
  3.9000000000000000e+002	 -4.3699629677500235e+002	  1.1007998896897795e+003	
  4.2000000000000000e+002	 -3.8603717896425661e+002	  1.0036868471216088e+003	
  4.5000000000000000e+002	 -3.2030575394257244e+002	  9.7291880248123232e+002	
  4.8000000000000000e+002	 -3.1691743220234559e+002	  9.7048095582761130e+002	
  5.1000000000000000e+002	 -3.1845920125841150e+002	  9.7286313987646497e+002	
  5.4000000000000000e+002	 -3.1922113078093099e+002	  9.7326388895728837e+002	
  5.7000000000000000e+002	 -3.1978585702292560e+002	  9.7351991257569648e+002	
  6.0000000000000000e+002	 -3.1951694237303280e+002	  9.7385386267661670e+002	
  6.3000000000000000e+002	 -3.1942730757488960e+002	  9.7452176621143553e+002	
  6.6000000000000000e+002	 -3.1909563888243071e+002	  9.7444384915823014e+002	
  6.9000000000000000e+002	 -3.1931973559030831e+002	  9.7433252636589384e+002	
  7.2000000000000000e+002	 -3.1966932836833405e+002	  9.7403197015292358e+002	
  7.5000000000000000e+002	 -3.1957968826238687e+002	  9.7414328834863113e+002	
  7.8000000000000000e+002	 -3.1966932836833405e+002	  9.7395404752326317e+002	
  8.1000000000000000e+002	 -3.1973207862546843e+002	  9.7404310243229554e+002	
  8.4000000000000000e+002	 -3.2009063095185877e+002	  9.7490024952905731e+002	
  8.7000000000000000e+002	 -3.2044916825344581e+002	  9.7566833457875384e+002	
  9.0000000000000000e+002	 -3.2062845558407594e+002	  9.7540117226827931e+002	
  9.3000000000000000e+002	 -3.2065534942974875e+002	  9.7503382799908809e+002	
  9.6000000000000000e+002	 -3.2071808419745395e+002	  9.7469987813576461e+002	
  9.9000000000000000e+002	 -3.2107664383020330e+002	  9.7451063973081330e+002	
  1.0200000000000000e+003	 -3.2124693564817653e+002	  9.7399857438386096e+002	
  1.0500000000000000e+003	 -3.2130072415681224e+002	  9.7359783834378777e+002	
  1.0800000000000000e+003	 -3.2152483379679518e+002	  9.7339746832864626e+002	
  1.1100000000000000e+003	 -3.2147105558184660e+002	  9.7336407155887423e+002	
  1.1400000000000000e+003	 -3.2156964705669799e+002	  9.7387612932627997e+002	
  1.1700000000000000e+003	 -2.7868690307776694e+002	  9.6774255318546261e+002	
  1.2000000000000000e+003	 -6.2193597131148195e+001	  9.6650693703591628e+002	
  1.2300000000000000e+003	  1.3972464040735630e+002	  8.6008778600711889e+002	
  1.2600000000000000e+003	  3.2211077588363207e+002	  7.9052573039605556e+002	
  1.2900000000000000e+003	  5.0608349966696505e+002	  4.5974696834375754e+002	
  1.3200000000000000e+003	  5.5315233212051169e+002	  4.2371361522817170e+002	
  1.3500000000000000e+003	  5.5428176774789006e+002	  4.2404757627503795e+002	
  1.3800000000000000e+003	  7.9085398226057691e+002	  5.7815497502513847e+002	
  1.4100000000000000e+003	  1.1954792335478503e+003	  8.5937535946424339e+002	
  1.4400000000000000e+003	  1.3811281783810221e+003	  9.6872214703104839e+002	
  1.4700000000000000e+003	  1.3909614523245914e+003	  7.5700815462713649e+002	
  1.5000000000000000e+003	  1.3932023978548136e+003	  6.5803612554641609e+002	
  1.5300000000000000e+003	  1.3939105350039031e+003	  6.5912702674891875e+002	
  1.5600000000000000e+003	  1.3916875174531885e+003	  5.8357610734052355e+002	
  1.5900000000000000e+003	  1.3743067376933318e+003	  3.4825176297001082e+002	
  1.6200000000000000e+003	  1.3730159555648552e+003	  2.9586593990727653e+002	
  1.6500000000000000e+003	  1.3896348140004282e+003	 -2.2000012096072727e+001	
  1.6800000000000000e+003	  1.3862375351684145e+003	 -3.3889756127303423e+002	
  1.7100000000000000e+003	  1.3862375350583789e+003	 -6.6578021845671446e+002	
  1.7400000000000000e+003	  1.4098840043108773e+003	 -8.7968716398148649e+002	
  1.7700000000000000e+003	  1.6652353406614930e+003	 -9.0660363268094147e+002	
  1.8000000000000000e+003	  1.9218236826327170e+003	 -9.0099325274920045e+002	
  1.8300000000000000e+003	  1.9284927360825739e+003	 -9.0191717979085058e+002	
  1.8600000000000000e+003	  2.0052406629823677e+003	 -9.0221774223732177e+002	
  1.8900000000000000e+003	  2.3512696465524023e+003	 -9.0274093543023332e+002	
  1.9200000000000000e+003	  2.4432111871746165e+003	 -8.9872238639148031e+002	
  1.9500000000000000e+003	  2.6340143101054996e+003	 -8.9934575401803124e+002	
  1.9800000000000000e+003	  2.6327952346644206e+003	 -9.0030309211826261e+002	
  2.0100000000000000e+003	  2.6333330641177067e+003	 -8.9994686532620437e+002	
  2.0400000000000000e+003	  2.6899662549012983e+003	 -8.9981329539744422e+002	
  2.0700000000000000e+003	  3.0423147071267795e+003	 -9.1419546241371154e+002	
  2.1000000000000000e+003	  3.2466352153850689e+003	 -9.0670382475787687e+002	
  2.1300000000000000e+003	  3.2479170370664024e+003	 -9.0616950066410425e+002	
  2.1600000000000000e+003	  3.2517266446613448e+003	 -9.0282998932650810e+002	
  2.1900000000000000e+003	  3.5730872912106597e+003	 -9.6624734035321467e+002	
  2.2200000000000000e+003	  3.6332522130303305e+003	 -9.7834750381995912e+002	
  2.2500000000000000e+003	  3.6320062473237240e+003	 -9.7772413246542476e+002	
  2.2800000000000000e+003	  3.6301865987998272e+003	 -9.7694491162373743e+002	
  2.3100000000000000e+003	  3.6608158512255877e+003	 -8.4719370552679868e+002	
  2.3400000000000000e+003	  3.3035821407828421e+003	 -3.5271199699598611e+002	
  2.3700000000000000e+003	  3.2984458920650081e+003	  1.2045242641741144e+002	
  2.4000000000000000e+003	  3.3746111702458998e+003	  9.6007226834097608e+001	
  2.4300000000000000e+003	  3.4233472677116706e+003	  5.1625802176141669e+000	
  2.4600000000000000e+003	  3.4753013637039940e+003	 -7.7836705306007801e+001	
  2.4900000000000000e+003	  3.4964827867200038e+003	 -1.1737651213526723e+002	
  2.5200000000000000e+003	  3.4999607353785746e+003	 -1.1079769639334445e+002	
  2.5500000000000000e+003	  3.4979080283052476e+003	 -1.1643029851740589e+002	
  2.5800000000000000e+003	  3.4903605219246137e+003	 -1.2162887732252216e+002	
  2.6100000000000000e+003	  3.4885588020818636e+003	 -1.2255276362477439e+002	
  2.6400000000000000e+003	  3.4886842952655070e+003	 -1.2261953154522016e+002	
  2.6700000000000000e+003	  3.4876444945791345e+003	 -1.2198508923663485e+002	
  2.7000000000000000e+003	  3.5011618826696358e+003	 -1.2594790819481827e+002	
  2.7300000000000000e+003	  3.5065222258824479e+003	 -1.3268263456282014e+002	
  2.7600000000000000e+003	  3.4994229078706762e+003	 -1.1978101176334390e+002	
  2.7900000000000000e+003	  3.4992705237191722e+003	 -1.1707596512003764e+002	
  2.8200000000000000e+003	  3.4977825355693385e+003	 -1.1689785811628141e+002	
  2.8500000000000000e+003	  3.4965634609212038e+003	 -1.1703142547465004e+002	
  2.8800000000000000e+003	  3.4955864072018549e+003	 -1.1704256913278032e+002	
  2.9100000000000000e+003	  3.4948424137475608e+003	 -1.1577355752828619e+002	
  2.9400000000000000e+003	  3.4945735003802824e+003	 -1.1753238243450971e+002	
  2.9700000000000000e+003	  3.5014935430889077e+003	 -1.1753237061846463e+002	
  3.0000000000000000e+003	  3.5031608056200421e+003	 -1.1558434281137542e+002	
  3.0300000000000000e+003	  3.5029546392712714e+003	 -1.1793310098484582e+002	
  3.0600000000000000e+003	  3.5025512689405805e+003	 -1.1324668955452326e+002	
  3.0900000000000000e+003	  3.5014935434401414e+003	 -1.1005185707752214e+002	
  3.1200000000000000e+003	  3.5008033299339586e+003	 -1.0815949226431648e+002	
  3.1500000000000000e+003	  3.5009915695193804e+003	 -1.0624478331519762e+002	
  3.1800000000000000e+003	  3.5004537424743585e+003	 -1.0623367206913652e+002	
  3.2100000000000000e+003	  3.4988671527517545e+003	 -1.1964738801661811e+002	
  3.2400000000000000e+003	  3.4952278562438396e+003	 -1.2629301858435456e+002	
  3.2700000000000000e+003	  3.4945286824424488e+003	 -1.2865292107433098e+002	
  3.3000000000000000e+003	  3.4954429877243178e+003	 -1.2684959198938694e+002	
  3.3300000000000000e+003	  3.4957119011992281e+003	 -1.2111677323597307e+002	
  3.3600000000000000e+003	  3.4957029381467742e+003	 -1.1762143115746355e+002	
  3.3900000000000000e+003	  3.4983113991637119e+003	 -1.1206670199739938e+002	
  3.4200000000000000e+003	  3.4998710969236745e+003	 -1.0497580522127404e+002	
  3.4500000000000000e+003	  3.5000055541403794e+003	 -1.0083481460720949e+002	
  3.4800000000000000e+003	  3.4959180672831308e+003	 -1.1143219153562464e+002	
  3.5100000000000000e+003	  3.4991181387878401e+003	 -1.1230045939352276e+002	
  3.5400000000000000e+003	  3.5008033312780344e+003	 -1.0163629878717462e+002	
  3.5700000000000000e+003	  3.4408356112296451e+003	 -4.1079672225963932e+001	
  3.6000000000000000e+003	  3.3582522621872458e+003	  1.0185136030259504e+002	
  3.6300000000000000e+003	  3.3288420844028310e+003	  1.6650431936396382e+002	
  3.6600000000000000e+003	  3.2661762668758847e+003	 -1.8749625743748805e+001	
  3.6900000000000000e+003	  3.4143745191287135e+003	 -5.3612919430400166e+002	
  3.7200000000000000e+003	  3.6521209794417905e+003	 -9.4435126594565315e+002	
  3.7500000000000000e+003	  3.6966440979554259e+003	 -1.3384026652811467e+003	
  3.7800000000000000e+003	  3.6522733644572741e+003	 -1.6394820248350602e+003	
  3.8100000000000000e+003	  3.9205504757054136e+003	 -1.8378045706033924e+003	
  3.8400000000000000e+003	  4.1344622321060751e+003	 -1.9956522179770589e+003	
  3.8700000000000000e+003	  3.8421442506859375e+003	 -1.9483869772628309e+003	
  3.9000000000000000e+003	  3.4949679066941799e+003	 -1.8703425565014209e+003	
  3.9300000000000000e+003	  3.4982665807534590e+003	 -1.8685726159919845e+003	
  3.9600000000000000e+003	  3.4982038331357412e+003	 -1.8679937655172405e+003	
  3.9900000000000000e+003	  3.2826517028359567e+003	 -1.8563166025166829e+003	
  4.0200000000000000e+003	  2.9815671373482205e+003	 -1.8490809932134041e+003	
  4.0500000000000000e+003	  2.8914900633950078e+003	 -1.8541347899254245e+003	
  4.0800000000000000e+003	  2.8926912105263482e+003	 -1.8559715209823069e+003	
  4.1100000000000000e+003	  2.8928615227024538e+003	 -1.8530772767994374e+003	
  4.1400000000000000e+003	  2.7580372376397268e+003	 -1.8541236558266435e+003	
  4.1700000000000000e+003	  2.3940000080945215e+003	 -1.8634297668060710e+003	
  4.2000000000000000e+003	  2.3648318544491053e+003	 -1.6777862386838374e+003	
  4.2300000000000000e+003	  2.3624743785382752e+003	 -1.6577268984987484e+003	
  4.2600000000000000e+003	  2.3665797909950948e+003	 -1.6619346836695004e+003	
  4.2900000000000000e+003	  2.3649394210722776e+003	 -1.4283134868845650e+003	
  4.3200000000000000e+003	  2.2824457076938284e+003	 -1.1028222835612319e+003	
  4.3500000000000000e+003	  2.0581001023710296e+003	 -1.0558798684797216e+003	
  4.3800000000000000e+003	  2.0509649286043900e+003	 -7.3122354457485449e+002	
  4.4100000000000000e+003	  2.0435877354470417e+003	 -8.5460741971534264e+002	
  4.4400000000000000e+003	  2.0423328050528448e+003	 -8.7281889649882794e+002	
  4.4700000000000000e+003	  1.9001671769253771e+003	 -8.8464077116080375e+002	
  4.5000000000000000e+003	  1.6427541675973873e+003	 -8.8322704832687054e+002	
  4.5300000000000000e+003	  1.4315136137032714e+003	 -8.7949792040764294e+002	
  4.5600000000000000e+003	  1.4149037202704378e+003	 -8.8272612034237204e+002	
  4.5900000000000000e+003	  1.4029998142624436e+003	 -6.7454087919443464e+002	
  4.6200000000000000e+003	  1.4054648560875871e+003	 -4.1878983886290689e+002	
  4.6500000000000000e+003	  1.4026681530580408e+003	 -1.9119089854600469e+002	
  4.6800000000000000e+003	  1.4051331969000239e+003	 -1.9051184927732169e+002	
  4.7100000000000000e+003	  1.4020137964406699e+003	 -1.8947659469960928e+002	
  4.7400000000000000e+003	  1.3998804185862707e+003	  1.5879998449243373e+000	
  4.7700000000000000e+003	  1.4031432337305166e+003	  3.9873406599296919e+002	
  4.8000000000000000e+003	  1.4082615540194215e+003	  8.7709703834074969e+002	
  4.8300000000000000e+003	  1.4050614869294163e+003	  9.6271102460604197e+002	
  4.8600000000000000e+003	  1.4023813130832682e+003	  9.6026204825706191e+002	
  4.8900000000000000e+003	  1.4024171663911686e+003	  9.5952735722204011e+002	
  4.9200000000000000e+003	  1.4058861540448263e+003	  9.5971659501645058e+002	
  4.9500000000000000e+003	  1.3429334944878242e+003	  9.5631028908757946e+002	
  4.9800000000000000e+003	  9.3335126862794789e+002	  6.9626241775451706e+002	
  5.0100000000000000e+003	  6.4422439332235194e+002	  4.6013658644453807e+002	
  5.0400000000000000e+003	  5.6440187566459701e+002	  3.9966912923380016e+002	
  5.0700000000000000e+003	  2.1594369942601753e+002	  1.0787363092164910e+002	
  5.1000000000000000e+003	 -6.4120733260618152e+001	  9.7246212729646686e+000	
  5.1300000000000000e+003	 -3.1430000688946592e+002	 -1.7260092986428469e+002	
  5.1600000000000000e+003	 -4.8719349824426070e+002	 -1.1852305563616251e+002	
  5.1900000000000000e+003	 -6.0081843332125823e+002	  9.9380168854418571e+001	
  5.2200000000000000e+003	 -6.5389300901369404e+002	  2.3744670748066983e+002	
  5.2500000000000000e+003	 -6.5193889889955574e+002	  2.4025192657988515e+002	
  5.2800000000000000e+003	 -6.3487185486081876e+002	  2.6553201768379540e+002	
  5.3100000000000000e+003	 -6.3141183259553179e+002	  2.8724998622272847e+002	
  5.3400000000000000e+003	 -6.2132757540423256e+002	  2.7216651892745494e+002	
  5.3700000000000000e+003	 -6.2518200708312747e+002	  2.6658953149973303e+002	
  5.4000000000000000e+003	 -6.1416550905371275e+002	  2.7484926977665128e+002	
  5.4300000000000000e+003	 -6.2614112784336953e+002	  2.8137245469566051e+002	
  5.4600000000000000e+003	 -6.3164489198839942e+002	  2.8635946275635081e+002	
  5.4900000000000000e+003	 -6.3196758861613318e+002	  2.8138359341982971e+002	
  5.5200000000000000e+003	 -6.3196758861613318e+002	  2.8138359341982971e+002	
  5.5500000000000000e+003	 -6.3196758861613318e+002	  2.8138359341982971e+002	
  5.5800000000000000e+003	 -6.3196758861613318e+002	  2.8138359341982971e+002	
  5.6100000000000000e+003	 -6.3196758861613318e+002	  2.8138359341982971e+002	
  5.6400000000000000e+003	 -6.3196758861613318e+002	  2.8138359341982971e+002	
  5.6700000000000000e+003	 -6.3196758861613318e+002	  2.8138359341982971e+002	
  5.7000000000000000e+003	 -6.3196758861613318e+002	  2.8138359341982971e+002	
  5.7300000000000000e+003	 -6.3196758861613318e+002	  2.8138359341982971e+002	
  5.7600000000000000e+003	 -6.3196758861613318e+002	  2.8138359341982971e+002	
  5.7900000000000000e+003	 -6.1964937841011817e+002	  2.6181866648363734e+002	
  5.8200000000000000e+003	 -6.3250541135732703e+002	  2.6328341397531403e+002	
  5.8500000000000000e+003	 -6.5495072919868312e+002	  2.4362481056244661e+002	
  5.8800000000000000e+003	 -6.5100667438738037e+002	  2.3741331606177596e+002	
  5.9100000000000000e+003	 -6.5344481734989881e+002	  2.3485302042136445e+002	
  5.9400000000000000e+003	 -7.5170583067303392e+002	  3.9323501482324298e+002	
  5.9700000000000000e+003	 -6.9844301920799910e+002	  6.3339051736204692e+002	
  6.0000000000000000e+003	 -4.5826736913711841e+002	  6.0050744428952930e+002	
  6.0300000000000000e+003	 -2.0491493831820253e+002	  6.7134964236719577e+002	
  6.0600000000000000e+003	  6.3783460696323559e+001	  7.8498213979675143e+002	
  6.0900000000000000e+003	  3.4166998186146138e+001	  9.5618784406785835e+002	
  6.1200000000000000e+003	  3.2804535664624716e+001	  9.5803570482006489e+002	
  6.1500000000000000e+003	  3.3073435700037479e+001	  9.6041788772970779e+002	
  6.1800000000000000e+003	  3.3127302796276368e+001	  9.6035110017052500e+002	
  6.2100000000000000e+003	  3.3396254534780837e+001	  9.6023978501344936e+002	
  6.2400000000000000e+003	  3.3288606354691581e+001	  9.5930472055121334e+002	
  6.2700000000000000e+003	  3.2463981310797053e+001	  9.5930472055121334e+002	
  6.3000000000000000e+003	  3.2320433694062729e+001	  9.5785759817917551e+002	
  6.3300000000000000e+003	  3.2858311216532087e+001	  9.5734553987669221e+002	
  6.3600000000000000e+003	  3.3790679784854525e+001	  9.5721195807082893e+002	
  6.3900000000000000e+003	  3.3683194876284965e+001	  9.5770175318092492e+002	
  6.4200000000000000e+003	  3.4167064690625622e+001	  9.5754590568890467e+002	
  6.4500000000000000e+003	  3.4633172012178434e+001	  9.5874812979908222e+002	
  6.4800000000000000e+003	 -1.2807733643493629e+002	  9.6772029440224230e+002	
  6.5100000000000000e+003	 -3.5647461969645343e+002	  9.7744940268207063e+002	
  6.5400000000000000e+003	 -4.4068041976763925e+002	  1.0956459003971900e+003	
  6.5700000000000000e+003	 -4.4684750919495144e+002	  1.0993193708265703e+003	
  6.6000000000000000e+003	 -4.4118239673368669e+002	  1.1105846541965916e+003	
  6.6300000000000000e+003	 -4.6188872728632413e+002	  1.0986514664100177e+003	
  6.6600000000000000e+003	 -4.8754309684037906e+002	  1.1025920911033177e+003	
  6.6900000000000000e+003	 -4.9724190920064876e+002	  1.1034108900695883e+003	
  6.7200000000000000e+003	 -5.1188871835634893e+002	  1.1035048886571099e+003	
  6.7500000000000000e+003	 -4.3646743509192839e+002	  1.0993416296138973e+003	
  6.7800000000000000e+003	 -4.7485036667756515e+002	  1.1001208512105818e+003	
  6.8100000000000000e+003	 -4.7710787103911787e+002	  1.0990309266309685e+003	
  6.8400000000000000e+003	 -4.8838155264333932e+002	  1.1027190691156809e+003	
  6.8700000000000000e+003	 -4.9965523424756088e+002	  1.1064072116003936e+003	
  6.9000000000000000e+003	 -5.1092891585178228e+002	  1.1100953540851060e+003	
  6.9300000000000000e+003	 -5.2220259745600379e+002	  1.1137834965698187e+003	
  6.9600000000000000e+003	 -5.3347627906022524e+002	  1.1174716390545311e+003	
  6.9900000000000000e+003	 -5.4474996066444669e+002	  1.1211597815392438e+003	
  7.0200000000000000e+003	 -4.2705547588247492e+002	  1.0526997617877557e+003	
  7.0500000000000000e+003	 -4.3180627698950542e+002	  1.0568184983957137e+003	
  7.0800000000000000e+003	 -4.3413685804018280e+002	  1.0499168368592000e+003	
  7.1100000000000000e+003	 -4.2900957279984743e+002	  1.0610708106806637e+003	
  7.1400000000000000e+003	 -4.2719888864732502e+002	  1.0651672782996491e+003	
  7.1700000000000000e+003	 -4.2024299881077593e+002	  1.0579984632839460e+003	
  7.2000000000000000e+003	 -4.3544556901539784e+002	  1.0915939609656295e+003	
  7.2300000000000000e+003	 -4.5106048186035616e+002	  1.0743843358667982e+003	
  7.2600000000000000e+003	 -4.4094933811162872e+002	  1.0599353782593710e+003	
  7.2900000000000000e+003	 -4.4555672287067182e+002	  1.0620504005004357e+003	
  7.3200000000000000e+003	 -4.3736382325462080e+002	  1.0608481804623120e+003	
  7.3500000000000000e+003	 -4.5613397792262521e+002	  1.0536348283282346e+003	
  7.3800000000000000e+003	 -4.4715226718455096e+002	  1.0507405824301204e+003	
  7.4100000000000000e+003	 -4.5505833361814314e+002	  1.0499391018492468e+003	
  7.4400000000000000e+003	 -4.4935736020558107e+002	  1.0459539501494469e+003	
  7.4700000000000000e+003	 -4.4767217081942016e+002	  1.0622285064217788e+003	
  7.5000000000000000e+003	 -4.5570372500905160e+002	  1.0645216415899383e+003	
  7.5300000000000000e+003	 -4.4717019642658897e+002	  1.0454196274251910e+003	
  7.5600000000000000e+003	 -4.6274925679760872e+002	  1.0527442936541934e+003	
  7.5900000000000000e+003	 -4.7203572958721816e+002	  1.0551487460943781e+003	
  7.6200000000000000e+003	 -4.8025815707914472e+002	  1.0596472686067023e+003	
  7.6500000000000000e+003	 -5.3708592003641570e+002	  1.0883768998750058e+003	
  7.6800000000000000e+003	 -5.9391368299368673e+002	  1.1171065311433097e+003	
  7.7100000000000000e+003	 -4.4930357718978837e+002	  1.0424140677281434e+003	
  7.7400000000000000e+003	 -4.4166643372224314e+002	  1.0543695197096663e+003	
  7.7700000000000000e+003	 -4.5376755091753796e+002	  1.0581543014740353e+003	
  7.8000000000000000e+003	 -4.5997048539279410e+002	  1.0457313189058091e+003	
  7.8300000000000000e+003	 -4.7537026427357785e+002	  1.0560838031885701e+003	
  7.8600000000000000e+003	 -4.6977686307858676e+002	  1.0541023598757151e+003	
  7.8900000000000000e+003	 -4.4959041613285274e+002	  1.0559947520871556e+003	
  7.9200000000000000e+003	 -4.4901673694873318e+002	  1.0504956862239076e+003	
  7.9500000000000000e+003	 -4.6375321220722509e+002	  1.0344214948408405e+003	
  7.9800000000000000e+003	 -4.8017485042625322e+002	  1.0334419081767828e+003	
  8.0100000000000000e+003	 -4.8424442236792265e+002	  1.0487591429950173e+003	
  8.0400000000000000e+003	 -4.6721323092940594e+002	  1.0610040211930789e+003	
  8.0700000000000000e+003	 -4.5367790849187043e+002	  1.0711784026680853e+003	
  8.1000000000000000e+003	 -4.5270980917674825e+002	  1.0548593193240599e+003	
  8.1300000000000000e+003	 -4.8229031072093801e+002	  1.0587108898903675e+003	
  8.1600000000000000e+003	 -4.6694430546777659e+002	  1.0669038275109779e+003	
  8.1900000000000000e+003	 -4.5724549402204246e+002	  1.0628073608371469e+003	
  8.2200000000000000e+003	 -4.6350220939365261e+002	  1.0506515286207236e+003	
  8.2500000000000000e+003	 -4.8686184390860842e+002	  1.0477795480360937e+003	
  8.2800000000000000e+003	 -4.8834982483259972e+002	  1.0420801167271857e+003	
  8.3100000000000000e+003	 -5.0701242438692572e+002	  1.0534344625143108e+003	
  8.3400000000000000e+003	 -4.6222936015452632e+002	  1.0319947817550419e+003	
  8.3700000000000000e+003	 -4.4025014571210465e+002	  1.0528333471692781e+003	
  8.4000000000000000e+003	 -4.4501889601639141e+002	  1.0518760230919211e+003	
  8.4300000000000000e+003	 -4.6515155488541438e+002	  1.0614492856567217e+003	
  8.4600000000000000e+003	 -4.5737098355837986e+002	  1.0493157258688882e+003	
  8.4900000000000000e+003	 -4.5380340211485236e+002	  1.0636088436017155e+003	
  8.5200000000000000e+003	 -4.4641724796980986e+002	  1.0535012481268247e+003	
  8.5500000000000000e+003	 -4.4786937441418905e+002	  1.0629409405033755e+003	
  8.5800000000000000e+003	 -4.5900239410346512e+002	  1.0511190624645683e+003	
  8.6100000000000000e+003	 -4.7468902374833198e+002	  1.0301023932069070e+003	
  8.6400000000000000e+003	 -4.8732795421866939e+002	  1.0240912716009548e+003	
  8.6700000000000000e+003	 -4.9381774417460809e+002	  1.0323732654615169e+003	
  8.7000000000000000e+003	 -4.7764707099591141e+002	  1.0261840331237427e+003	
  8.7300000000000000e+003	 -4.5952229896479702e+002	  1.0057462091408539e+003	
  8.7600000000000000e+003	 -4.7479659228992807e+002	  1.0202397011523396e+003	
  8.7900000000000000e+003	 -4.7840003055086811e+002	  1.0504066313983719e+003	
  8.8200000000000000e+003	 -4.6552802655314792e+002	  1.0503621061151093e+003	
  8.8500000000000000e+003	 -4.5376754228837251e+002	  1.0420355864885034e+003	
  8.8800000000000000e+003	 -4.6922110990394731e+002	  1.0485587673035484e+003	
  8.9100000000000000e+003	 -4.6052624451482114e+002	  1.0529001398842167e+003	
  8.9400000000000000e+003	 -4.5839285515885632e+002	  1.0540800972855297e+003	
  8.9700000000000000e+003	 -4.4803072318126067e+002	  1.0188371033878763e+003	
  9.0000000000000000e+003	 -4.4926772563444536e+002	  1.0411227846455306e+003	
  9.0300000000000000e+003	 -4.6744627936468976e+002	  1.0414344762639721e+003	
  9.0600000000000000e+003	 -4.8148356757324547e+002	  1.0471116451423493e+003	
  9.0900000000000000e+003	 -4.7859723469017837e+002	  1.0282322678139540e+003	
  9.1200000000000000e+003	 -4.9625588881372352e+002	  1.0185031532677910e+003	
  9.1500000000000000e+003	 -4.7524477664479298e+002	  1.0318389436091841e+003	
  9.1800000000000000e+003	 -4.6877291669024771e+002	  1.0268074092210968e+003	
  9.2100000000000000e+003	 -4.6708772878283526e+002	  1.0442173994196412e+003	
  9.2400000000000000e+003	 -4.6995614111159739e+002	  1.0674381484319849e+003	
  9.2700000000000000e+003	 -4.6579694817703057e+002	  1.0583324107764074e+003	
  9.3000000000000000e+003	 -4.6362771055107368e+002	  1.0664808247280714e+003	
  9.3300000000000000e+003	 -4.5864384052009962e+002	  1.0713787744995575e+003	
  9.3600000000000000e+003	 -4.5100670581442228e+002	  1.0794603936607716e+003	
  9.3900000000000000e+003	 -4.5792674411059431e+002	  1.0611376058366072e+003	
  9.4200000000000000e+003	 -4.6753591600424159e+002	  1.0409669440879329e+003	
  9.4500000000000000e+003	 -4.6742835770066552e+002	  1.0536348278923219e+003	
  9.4800000000000000e+003	 -4.7691204526435803e+002	  1.0334196414643413e+003	
  9.5100000000000000e+003	 -4.6913147404628387e+002	  1.0493602555563823e+003	
  9.5400000000000000e+003	 -4.5629534133940933e+002	  1.0531895592085791e+003	
  9.5700000000000000e+003	 -4.5844663639824512e+002	  1.0831338588938038e+003	
  9.6000000000000000e+003	 -4.4804865684309937e+002	  1.0628964134656057e+003	
  9.6300000000000000e+003	 -4.4157679842429582e+002	  1.0315495168571829e+003	
  9.6600000000000000e+003	 -4.4410459114147744e+002	  1.0345550776462255e+003	
  9.6900000000000000e+003	 -4.4390738418267381e+002	  1.0256497112708826e+003	
  9.7200000000000000e+003	 -4.8804903766164171e+002	  9.9754832920587694e+002	
  9.7500000000000000e+003	 -4.5143695188488630e+002	  1.0506070037766244e+003	
  9.7800000000000000e+003	 -4.4917809670221868e+002	  1.0473120172952586e+003	
  9.8100000000000000e+003	 -4.5071985854346457e+002	  1.0564845479880032e+003	
  9.8400000000000000e+003	 -5.1090271156066711e+002	  1.0679947366919080e+003	
  9.8700000000000000e+003	 -4.8702318847342349e+002	  1.0504956885601634e+003	
  9.9000000000000000e+003	 -4.7632042510091617e+002	  1.0913267977033961e+003	
  9.9300000000000000e+003	 -4.7268112627279606e+002	  1.0564845493274943e+003	
  9.9600000000000000e+003	 -4.5815979821525826e+002	  1.0461543205810854e+003	
  9.9900000000000000e+003	 -4.5389303904155247e+002	  1.0579316670020821e+003	
  1.0020000000000000e+004	 -4.6411174504302926e+002	  1.0720466751754416e+003	
  1.0050000000000000e+004	 -4.5898446379214676e+002	  1.0724028901631671e+003	
  1.0080000000000000e+004	 -4.5340898664588741e+002	  1.0297684451982673e+003	
  1.0110000000000000e+004	 -4.6248033891923131e+002	  1.0610040243846111e+003	
  1.0140000000000000e+004	 -4.4534158214967749e+002	  1.0502507908478422e+003	
  1.0170000000000000e+004	 -4.3512286448080795e+002	  1.0519650794151453e+003	
  1.0200000000000000e+004	 -4.5572164593392336e+002	  1.0705327617040014e+003	
  1.0230000000000000e+004	 -4.3524837052242430e+002	  1.0049447306535167e+003	
  1.0260000000000000e+004	 -4.1224729019525284e+002	  9.5474071870851606e+002	
  1.0290000000000000e+004	 -4.0692281288746483e+002	  9.6398003260120299e+002	
  1.0320000000000000e+004	 -4.6411175434089898e+002	  1.0829780158791793e+003	
  1.0350000000000000e+004	 -4.5152660745831253e+002	  1.0430151795141051e+003	
  1.0380000000000000e+004	 -4.6886255726497018e+002	  1.0753194028735875e+003	
  1.0410000000000000e+004	 -4.4193534544657359e+002	  9.8370542852185758e+002	
  1.0440000000000000e+004	 -4.4607661845764460e+002	  1.0196831105504538e+003	
  1.0470000000000000e+004	 -4.4281380039487783e+002	  1.0288556451361715e+003	
  1.0500000000000000e+004	 -4.3329426586665278e+002	  1.0137165167666928e+003	
  1.0530000000000000e+004	 -4.3752516662961091e+002	  9.9902266458027384e+002	
  1.0560000000000000e+004	 -4.6210386516642592e+002	  1.0475791799194581e+003	
  1.0590000000000000e+004	 -4.4869404349025899e+002	  1.0520541256411434e+003	
  1.0620000000000000e+004	 -4.6350220858506492e+002	  1.0573750839936579e+003	
  1.0650000000000000e+004	 -4.6925696122003785e+002	  1.0769668916160235e+003	
  1.0680000000000000e+004	 -4.7795183377033771e+002	  1.0689520603759543e+003	
  1.0710000000000000e+004	 -4.6672917742567978e+002	  1.0565958641943375e+003	
  1.0740000000000000e+004	 -4.7415118928107438e+002	  1.0618055089413460e+003	
  1.0770000000000000e+004	 -4.6669332419191232e+002	  1.0555272185321810e+003	
  1.0800000000000000e+004	 -4.7006370912849906e+002	  1.0362248338503457e+003	
  1.0830000000000000e+004	 -4.6129713331911944e+002	  1.0389854974994837e+003	
  1.0860000000000000e+004	 -4.6029318895874184e+002	  1.0265847719886576e+003	
  1.0890000000000000e+004	 -4.7334445334907184e+002	  1.0326849529833996e+003	
  1.0920000000000000e+004	 -4.7081666189068812e+002	  1.0780800670144940e+003	
  1.0950000000000000e+004	 -4.7424083693136055e+002	  1.0899242048069027e+003	
  1.0980000000000000e+004	 -4.7420497754956733e+002	  1.0705105015804029e+003	
  1.1010000000000000e+004	 -4.6269547154652935e+002	  1.1003434830514805e+003	
  1.1040000000000000e+004	 -4.7033262477945635e+002	  1.0914603780236998e+003	
  1.1070000000000000e+004	 -4.9561050104136086e+002	  1.0627850940155404e+003	
  1.1100000000000000e+004	 -4.6131505773984128e+002	  1.1055531241625392e+003	
  1.1130000000000000e+004	 -4.7976252982128506e+002	  1.0526552384049428e+003	
  1.1160000000000000e+004	 -4.7820282783656529e+002	  1.0580429877730598e+003	
  1.1190000000000000e+004	 -4.6025732651914768e+002	  1.0787924926382977e+003	
  1.1220000000000000e+004	 -4.6950795126329950e+002	  1.0721579968495344e+003	
  1.1250000000000000e+004	 -5.1129711941850280e+002	  9.8691135927188554e+002	
  1.1280000000000000e+004	 -4.8619851169376932e+002	  1.0417239042740784e+003	
  1.1310000000000000e+004	 -4.8874422709474436e+002	  1.0885884001846769e+003	
  1.1340000000000000e+004	 -4.7791597593726385e+002	  1.0846700356456090e+003	
  1.1370000000000000e+004	 -4.8336596200241581e+002	  1.1032154679488171e+003	
  1.1400000000000000e+004	 -4.8433404826714298e+002	  1.0892340370144743e+003	
  1.1430000000000000e+004	 -4.5955815217236579e+002	  1.0907702154900503e+003	
  1.1460000000000000e+004	 -4.7779048461143702e+002	  1.0779687475833903e+003	
  1.1490000000000000e+004	 -4.6800203288573618e+002	  1.0929965579804662e+003	
  1.1520000000000000e+004	 -4.7239428298556538e+002	  1.0855605744590132e+003	
  1.1550000000000000e+004	 -4.8695148018399397e+002	  1.0675494686833297e+003	
  1.1580000000000000e+004	 -4.9146923003318489e+002	  1.0957572217415996e+003	
  1.1610000000000000e+004	 -4.7838209366081321e+002	  1.0980058265026578e+003	
  1.1640000000000000e+004	 -4.6925697152179674e+002	  1.0865846881694317e+003	
  1.1670000000000000e+004	 -4.7144413412673322e+002	  1.0914381170628189e+003	
  1.1700000000000000e+004	 -4.8028241721329960e+002	  1.0962692789016023e+003	
  1.1730000000000000e+004	 -4.7906334726258791e+002	  1.1073119373121961e+003	
  1.1760000000000000e+004	 -4.6952588378226920e+002	  1.0984956239610858e+003	
  1.1790000000000000e+004	 -4.7549576546152173e+002	  1.1114529333317143e+003	
  1.1820000000000000e+004	 -4.7685825002525451e+002	  1.1067553533168034e+003	
  1.1850000000000000e+004	 -4.7314724325856594e+002	  1.1083805824112649e+003	
  1.1880000000000000e+004	 -4.7438424269962252e+002	  1.1118314110059393e+003	
  1.1910000000000000e+004	 -4.7537027046937965e+002	  1.1062210268699582e+003	
  1.1940000000000000e+004	 -4.9353089245792444e+002	  1.1104510757596629e+003	
  1.1970000000000000e+004	 -4.9505474031333415e+002	  1.1116755672486192e+003	
  1.2000000000000000e+004	 -4.9561049263806973e+002	  1.1068889330840946e+003	
  1.2030000000000000e+004	 -4.9079269748957029e+002	  1.0974843949571061e+003	
  1.2060000000000000e+004	 -4.8081127948369760e+002	  1.0804622523301100e+003	
  1.2090000000000000e+004	 -4.6978583040586318e+002	  1.1041505282926867e+003	
  1.2120000000000000e+004	 -4.7577364063083462e+002	  1.1069223217935260e+003	
  1.2150000000000000e+004	 -4.7273491547647956e+002	  1.1055085971797901e+003	
  1.2180000000000000e+004	 -4.7124692662326015e+002	  1.0951783682620903e+003	
  1.2210000000000000e+004	 -4.6357392349515266e+002	  1.0993638951171856e+003	
  1.2240000000000000e+004	 -4.6886256279657846e+002	  1.0864065803920962e+003	
  1.2270000000000000e+004	 -4.6482885373680921e+002	  1.0873973045556468e+003	
  1.2300000000000000e+004	 -4.5842871077199391e+002	  1.1033824433599962e+003	
  1.2330000000000000e+004	 -4.6797515163187006e+002	  1.0915716974315267e+003	
  1.2360000000000000e+004	 -4.6707876103782280e+002	  1.0862730041535660e+003	
  1.2390000000000000e+004	 -4.5448464072750255e+002	  1.0929408947550289e+003	
  1.2420000000000000e+004	 -4.6779586260653360e+002	  1.0562953074123686e+003	
  1.2450000000000000e+004	 -4.6107303527098219e+002	  1.0780021447344213e+003	
  1.2480000000000000e+004	 -4.6034696794797367e+002	  1.0822544557088697e+003	
  1.2510000000000000e+004	 -4.6749110354516961e+002	  1.0889557437091266e+003	
  1.2540000000000000e+004	 -4.6411175616437350e+002	  1.1305438164942125e+003	
  1.2570000000000000e+004	 -4.6658575456910114e+002	  1.1073230666726106e+003	
  1.2600000000000000e+004	 -4.7060153024336552e+002	  1.1045067430654681e+003	
  1.2630000000000000e+004	 -4.6797514753801988e+002	  1.1052414404291417e+003	
  1.2660000000000000e+004	 -4.6483782041434671e+002	  1.1004659270812704e+003	
  1.2690000000000000e+004	 -4.5910996568726659e+002	  1.1072006156353380e+003	
  1.2720000000000000e+004	 -4.6845022865714566e+002	  1.1065995091217319e+003	
  1.2750000000000000e+004	 -4.7287833548775268e+002	  1.1018573941541713e+003	
  1.2780000000000000e+004	 -4.6262376962334383e+002	  1.1015011831188872e+003	
  1.2810000000000000e+004	 -4.6386973008891147e+002	  1.1099501441228872e+003	
  1.2840000000000000e+004	 -4.6785860641306789e+002	  1.1065327145525432e+003	
  1.2870000000000000e+004	 -4.6880876588699050e+002	  1.1069668568400255e+003	
  1.2900000000000000e+004	 -4.6709668846081894e+002	  1.0997312392569540e+003	
  1.2930000000000000e+004	 -4.6342153388859151e+002	  1.1032265976729291e+003	
  1.2960000000000000e+004	 -4.5969260758000962e+002	  1.1045624039916679e+003	
  1.2990000000000000e+004	 -4.5989877434792260e+002	  1.0953564776205244e+003	
  1.3020000000000000e+004	 -4.6110889329785812e+002	  1.0842804273870372e+003	
  1.3050000000000000e+004	 -4.6191562574285871e+002	  1.0826774585567784e+003	
  1.3080000000000000e+004	 -4.5753233140823124e+002	  1.0883323723659171e+003	
  1.3110000000000000e+004	 -4.6783172795586898e+002	  1.0716570670074573e+003	
  1.3140000000000000e+004	 -4.6828888322089563e+002	  1.0666923250081843e+003	
  1.3170000000000000e+004	 -4.6027524953825287e+002	  1.0801394320411844e+003	
  1.3200000000000000e+004	 -4.5756818629505096e+002	  1.0827219891277405e+003	
  1.3230000000000000e+004	 -4.5561408999210482e+002	  1.0878091788737506e+003	
  1.3260000000000000e+004	 -4.6272236503525102e+002	  1.0875197547534694e+003	
  1.3290000000000000e+004	 -4.6555493217102958e+002	  1.0822655884773365e+003	
  1.3320000000000000e+004	 -4.6232796062837463e+002	  1.0831115983177945e+003	
  1.3350000000000000e+004	 -4.6656783062863815e+002	  1.0576756328764254e+003	
  1.3380000000000000e+004	 -4.5910996003426010e+002	  1.0767219934229033e+003	
  1.3410000000000000e+004	 -4.6225624653867845e+002	  1.0680726587988279e+003	
  1.3440000000000000e+004	 -4.6267754488724779e+002	  1.0616607932898783e+003	
  1.3470000000000000e+004	 -4.6091168653589756e+002	  1.0677832335209782e+003	
  1.3500000000000000e+004	 -4.6221142981501890e+002	  1.0637090285400989e+003	
  1.3530000000000000e+004	 -4.5771160883970651e+002	  1.0824325612969365e+003	
  1.3560000000000000e+004	 -4.6116267767494793e+002	  1.0724808172485964e+003	
  1.3590000000000000e+004	 -4.6175427158564810e+002	  1.0718240406464113e+003	
  1.3620000000000000e+004	 -4.5959401455433783e+002	  1.0856384922908696e+003	
  1.3650000000000000e+004	 -4.5885897890367141e+002	  1.0898462833469996e+003	
  1.3680000000000000e+004	 -4.6213972511116083e+002	  1.0747182900292587e+003	
  1.3710000000000000e+004	 -4.5945955671284980e+002	  1.0875865486995515e+003	
  1.3740000000000000e+004	 -4.6281201251853616e+002	  1.0754195826373366e+003	
  1.3770000000000000e+004	 -4.5727239108542000e+002	  1.1020911655502805e+003	
  1.3800000000000000e+004	 -4.5733513196352033e+002	  1.1019575837431394e+003	
  1.3830000000000000e+004	 -4.5703933298267009e+002	  1.1008444122449671e+003	
  1.3860000000000000e+004	 -4.5279049296417071e+002	  1.1211375204005967e+003	
  1.3890000000000000e+004	 -4.5525554156253850e+002	  1.1161059881482920e+003	
  1.3920000000000000e+004	 -4.5661801725670750e+002	  1.1100503352835635e+003	
  1.3950000000000000e+004	 -4.5337313729922954e+002	  1.1227293573238198e+003	
  1.3980000000000000e+004	 -4.5259329225950466e+002	  1.1274937247541511e+003	
  1.4010000000000000e+004	 -4.5080948955141122e+002	  1.1383360126562934e+003	
  1.4040000000000000e+004	 -4.5302354367447543e+002	  1.1325029929540631e+003	
  1.4070000000000000e+004	 -4.5540791087923679e+002	  1.1233193347764231e+003	
  1.4100000000000000e+004	 -4.6381594558094758e+002	  1.0869854358908765e+003	
  1.4130000000000000e+004	 -4.6674710599459212e+002	  1.0715791504723616e+003	
  1.4160000000000000e+004	 -4.6312573547043013e+002	  1.0843694829976789e+003	
  1.4190000000000000e+004	 -4.6349326072134119e+002	  1.0800615101186741e+003	
  1.4220000000000000e+004	 -4.6199629856881592e+002	  1.0844474043347600e+003	
  1.4250000000000000e+004	 -4.6500814017564733e+002	  1.0734604012245456e+003	
  1.4280000000000000e+004	 -4.6649611848549318e+002	  1.0685401885161771e+003	
  1.4310000000000000e+004	 -4.6845023445699672e+002	  1.0582210938243875e+003	
  1.4340000000000000e+004	 -4.6798410089302917e+002	  1.0598797173323408e+003	
  1.4370000000000000e+004	 -4.6159293833981656e+002	  1.0882878397933973e+003	
  1.4400000000000000e+004	 -4.6461372545900360e+002	  1.0780911994334190e+003	
  1.4430000000000000e+004	 -4.6586865796886076e+002	  1.0714678287038298e+003	
  1.4460000000000000e+004	 -4.6275822311799158e+002	  1.0844362723659492e+003	
  1.4490000000000000e+004	 -4.5922648605552723e+002	  1.1012674189249549e+003	
  1.4520000000000000e+004	 -4.6092064030187987e+002	  1.0921950748802440e+003	
  1.4550000000000000e+004	 -4.6419243092743301e+002	  1.0781802456589835e+003	
  1.4580000000000000e+004	 -4.6293749874225813e+002	  1.0826440640033052e+003	
  1.4610000000000000e+004	 -4.6397729600298072e+002	  1.0774566838266755e+003	
  1.4640000000000000e+004	 -4.6525016224245445e+002	  1.0781245926449958e+003	
  1.4670000000000000e+004	 -4.6386973050971631e+002	  1.0792043642438343e+003	
  1.4700000000000000e+004	 -4.6260583404214503e+002	  1.0850930418966284e+003	
  1.4730000000000000e+004	 -4.6051726342170468e+002	  1.0897683634202399e+003	
  1.4760000000000000e+004	 -4.6280303052400325e+002	  1.0807850701878338e+003	
  1.4790000000000000e+004	 -4.5713792594201493e+002	  1.0877869128151938e+003	
  1.4820000000000000e+004	 -4.5590092185725405e+002	  1.0930188180218092e+003	
  1.4850000000000000e+004	 -4.6084892943670428e+002	  1.0724251546093967e+003	
  1.4880000000000000e+004	 -4.6336776773227291e+002	  1.0608036507613740e+003	
  1.4910000000000000e+004	 -4.6029316957421116e+002	  1.0801171692575185e+003	
  1.4940000000000000e+004	 -4.5667180392810758e+002	  1.0710336894146781e+003	
  1.4970000000000000e+004	 -4.5896654460797919e+002	  1.0611821264318021e+003	
  1.5000000000000000e+004	 -4.6354703485786843e+002	  1.0605142264887406e+003	
  1.5030000000000000e+004	 -4.6266858574073842e+002	  1.0778351650205339e+003	
  1.5060000000000000e+004	 -4.6271340368732336e+002	  1.0754863789691665e+003	
  1.5090000000000000e+004	 -4.6421035895544401e+002	  1.0597572674941027e+003	
  1.5120000000000000e+004	 -4.6764347734056338e+002	  1.0364808638039697e+003	
  1.5150000000000000e+004	 -4.6502606863398762e+002	  1.0448407754988536e+003	
  1.5180000000000000e+004	 -4.6843230470189911e+002	  1.0331524830287763e+003	
  1.5210000000000000e+004	 -4.6400418640357702e+002	  1.0552155328292613e+003	
  1.5240000000000000e+004	 -4.6193355149284844e+002	  1.0676273910051380e+003	
  1.5270000000000000e+004	 -4.6465854442386154e+002	  1.0584548604979238e+003	
  1.5300000000000000e+004	 -4.6041867463508731e+002	  1.0696644918518591e+003	
  1.5330000000000000e+004	 -4.5927130578561008e+002	  1.0684177399854800e+003	
  1.5360000000000000e+004	 -4.6161981467278309e+002	  1.0569186836516221e+003	
  1.5390000000000000e+004	 -4.5485217060979676e+002	  1.0919167807935887e+003	
  1.5420000000000000e+004	 -4.5508522568691615e+002	  1.0993193648764952e+003	
  1.5450000000000000e+004	 -4.5789985833727269e+002	  1.0738166187165402e+003	
  1.5480000000000000e+004	 -4.6049039291597808e+002	  1.0658129214987359e+003	
  1.5510000000000000e+004	 -4.6129712671159280e+002	  1.0652229358546113e+003	
  1.5540000000000000e+004	 -4.6189770386786057e+002	  1.0618166405759498e+003	
  1.5570000000000000e+004	 -4.6274925611650053e+002	  1.0552377980994720e+003	
  1.5600000000000000e+004	 -4.6464957788277309e+002	  1.0369929255129807e+003	
  1.5630000000000000e+004	 -4.6634373309907039e+002	  1.0290894139163784e+003	
  1.5660000000000000e+004	 -4.6720425318983860e+002	  1.0171116875498604e+003	
  1.5690000000000000e+004	 -4.6510673691158473e+002	  1.0417016332805338e+003	
  1.5720000000000000e+004	 -4.6333190057734492e+002	  1.0405216724777993e+003	
  1.5750000000000000e+004	 -4.6256101542572208e+002	  1.0622619075461257e+003	
  1.5780000000000000e+004	 -4.6026628590303824e+002	  1.0761876745040809e+003	
  1.5810000000000000e+004	 -4.5850939246664319e+002	  1.0532340923762335e+003	
  1.5840000000000000e+004	 -4.6141364855372728e+002	  1.0822544574804199e+003	
  1.5870000000000000e+004	 -4.6292853108561047e+002	  1.0490708280157155e+003	
  1.5900000000000000e+004	 -4.6536668617866292e+002	  1.0293454349356155e+003	
  1.5930000000000000e+004	 -4.6325122823643295e+002	  1.0127035315203514e+003	
  1.5960000000000000e+004	 -4.6918525355155623e+002	  1.0174679062341431e+003	
  1.5990000000000000e+004	 -4.7174890498470148e+002	  1.0117907352856040e+003	
  1.6020000000000000e+004	 -4.6842332735225273e+002	  1.0447405925936687e+003	
  1.6050000000000000e+004	 -4.6625409691147081e+002	  1.0608036526968867e+003	
  1.6080000000000000e+004	 -4.6841437551509324e+002	  1.0660800775180255e+003	
  1.6110000000000000e+004	 -4.6156604816312813e+002	  1.0401320688370154e+003	
  1.6140000000000000e+004	 -4.5291599089024356e+002	  1.0537350105525388e+003	
  1.6170000000000000e+004	 -4.5339106493877716e+002	  1.0678945493105919e+003	
  1.6200000000000000e+004	 -4.4736740007710125e+002	  1.0722025261313993e+003	
  1.6230000000000000e+004	 -4.5369582814624874e+002	  1.0245142777816734e+003	
  1.6260000000000000e+004	 -4.5484321157083843e+002	  1.0314382025816515e+003	
  1.6290000000000000e+004	 -4.4863130386790556e+002	  1.0689409321836326e+003	
  1.6320000000000000e+004	 -4.4784248819121967e+002	  1.0477350252476026e+003	
  1.6350000000000000e+004	 -4.4465138216582318e+002	  1.0595123697977365e+003	
  1.6380000000000000e+004	 -4.4322016267217441e+002	  1.0632122731174225e+003	
  1.6410000000000000e+004	 -4.4206980025836583e+002	  1.0684622684250551e+003	
  1.6440000000000000e+004	 -4.4444521627082338e+002	  1.0604919623404523e+003	
  1.6470000000000000e+004	 -4.4444521627082338e+002	  1.0604919623404521e+003	
  1.6500000000000000e+004	 -4.4444521627082338e+002	  1.0604919623404521e+003	
  1.6530000000000000e+004	 -4.4444521627082338e+002	  1.0604919623404521e+003	
  1.6560000000000000e+004	 -4.4444521627082338e+002	  1.0604919623404521e+003	
  1.6590000000000000e+004	 -4.4444521627082338e+002	  1.0604919623404521e+003	
  1.6620000000000000e+004	 -4.4444521627082338e+002	  1.0604919623404521e+003	
  1.6650000000000000e+004	 -4.4444521627082338e+002	  1.0604919623404521e+003	
  1.6680000000000000e+004	 -4.4444521627082338e+002	  1.0604919623404521e+003	
  1.6710000000000000e+004	 -4.4444521627082338e+002	  1.0604919623404521e+003	
  1.6740000000000000e+004	 -4.4444521627082338e+002	  1.0604919623404521e+003	
  1.6770000000000000e+004	 -4.4444521627082338e+002	  1.0604919623404521e+003	
  1.6800000000000000e+004	 -4.4444521627082338e+002	  1.0604919623404521e+003	
  1.6830000000000000e+004	 -4.4444521627082338e+002	  1.0604919623404521e+003	
  1.6860000000000000e+004	 -4.4444521627082338e+002	  1.0604919623404521e+003	
  1.6890000000000000e+004	 -4.4444521627082338e+002	  1.0604919623404521e+003	
  1.6920000000000000e+004	 -4.4444521627082338e+002	  1.0604919623404521e+003	
  1.6950000000000000e+004	 -4.4444521627082338e+002	  1.0604919623404521e+003	
  1.6980000000000000e+004	 -4.4444521627082338e+002	  1.0604919623404521e+003	
  1.7010000000000000e+004	 -4.4444521627082338e+002	  1.0604919623404521e+003	
  1.7040000000000000e+004	 -4.4444521627082338e+002	  1.0604919623404521e+003	
  1.7070000000000000e+004	 -4.4444521627082338e+002	  1.0604919623404521e+003	
  1.7100000000000000e+004	 -4.4444521627082338e+002	  1.0604919623404521e+003	
  1.7130000000000000e+004	 -4.4444521627082338e+002	  1.0604919623404521e+003	
  1.7160000000000000e+004	 -4.4444521627082338e+002	  1.0604919623404521e+003	
  1.7190000000000000e+004	 -4.4444521627082338e+002	  1.0604919623404521e+003	
  1.7220000000000000e+004	 -4.4444521627082338e+002	  1.0604919623404521e+003	
  1.7250000000000000e+004	 -4.4444521627082338e+002	  1.0604919623404521e+003	
  1.7280000000000000e+004	 -4.4444521627082338e+002	  1.0604919623404521e+003	
  1.7310000000000000e+004	 -4.4444521627082338e+002	  1.0604919623404521e+003	
  1.7340000000000000e+004	 -4.4444521627082338e+002	  1.0604919623404521e+003	
  1.7370000000000000e+004	 -4.4444521627082338e+002	  1.0604919623404521e+003	
  1.7400000000000000e+004	 -4.4444521627082338e+002	  1.0604919623404521e+003	
  1.7430000000000000e+004	 -4.4444521627082338e+002	  1.0604919623404521e+003	
  1.7460000000000000e+004	 -4.4444521627082338e+002	  1.0604919623404521e+003	
  1.7490000000000000e+004	 -4.7474930686108110e+002	  1.0469021766331075e+003	
  1.7520000000000000e+004	 -5.0875140884354789e+002	  1.0317498861828135e+003	
  1.7550000000000000e+004	 -5.0548858774377265e+002	  1.0392081328714432e+003	
  1.7580000000000000e+004	 -4.9957249288498878e+002	  1.0518760188507424e+003	
  1.7610000000000000e+004	 -4.9430176972880088e+002	  1.0567071845366395e+003	
  1.7640000000000000e+004	 -5.0319385765351751e+002	  1.0317053646520649e+003	
  1.7670000000000000e+004	 -5.0141903544698897e+002	  1.0472452235679691e+003	
  1.7700000000000000e+004	 -4.9991310934934711e+002	  1.0539019887334798e+003	
  1.7730000000000000e+004	 -4.9419420555670803e+002	  1.0578203481206981e+003	
  1.7760000000000000e+004	 -4.9003501696652256e+002	  1.0617387153686063e+003	
  1.7790000000000000e+004	 -4.9367431150975210e+002	  1.0481802928540833e+003	
  1.7820000000000000e+004	 -4.9204290808154593e+002	  1.0565068087341806e+003	
  1.7850000000000000e+004	 -4.8555312593589724e+002	  1.0675939909216347e+003	
  1.7880000000000000e+004	 -4.8429819375928020e+002	  1.0625624661380857e+003	
  1.7910000000000000e+004	 -4.8359900826220547e+002	  1.0662581883164435e+003	
  1.7940000000000000e+004	 -4.8515872520251389e+002	  1.0669260925269700e+003	
  1.7970000000000000e+004	 -4.8643157509400663e+002	  1.0739390648642873e+003	
  1.8000000000000000e+004	 -4.7348787089182144e+002	  1.0555940090422616e+003	
  1.8030000000000000e+004	 -4.7824110041911911e+002	  1.0513158221815290e+003	
  1.8060000000000000e+004	 -4.9012417423736355e+002	  1.0406203550296977e+003	
  1.8090000000000000e+004	 -5.0200724805560804e+002	  1.0299248878778665e+003	
  1.8120000000000000e+004	 -4.9984140246762752e+002	  1.0361580451407456e+003	
  1.8150000000000000e+004	 -5.0222576392895337e+002	  1.0481135026561110e+003	
  1.8180000000000000e+004	 -4.8874422688479035e+002	  1.0476014452757870e+003	
  1.8210000000000000e+004	 -4.7963703483633105e+002	  1.0571524510227293e+003	
  1.8240000000000000e+004	 -4.7983423248531119e+002	  1.0492934628628045e+003	
  1.8270000000000000e+004	 -4.8333010427551000e+002	  1.0426589680490017e+003	
  1.8300000000000000e+004	 -4.8567861866093278e+002	  1.0352897677858914e+003	
  1.8330000000000000e+004	 -4.8229030445000643e+002	  1.0477127612233103e+003	
  1.8360000000000000e+004	 -4.6848607531442104e+002	  1.0504511654051071e+003	
  1.8390000000000000e+004	 -4.7477865572287311e+002	  1.0783917543625794e+003	
  1.8420000000000000e+004	 -4.6981272454282100e+002	  1.0527442958582506e+003	
  1.8450000000000000e+004	 -4.7208951606905140e+002	  1.0692414862322016e+003	
  1.8480000000000000e+004	 -4.7081666115910167e+002	  1.0751635537311115e+003	
  1.8510000000000000e+004	 -4.7119313884697146e+002	  1.0746960262699381e+003	
  1.8540000000000000e+004	 -4.6870121974606099e+002	  1.0802618812051273e+003	
  1.8570000000000000e+004	 -4.6966930049442806e+002	  1.0902358918797922e+003	
  1.8600000000000000e+004	 -4.7054775735124974e+002	  1.0928184487455239e+003	
  1.8630000000000000e+004	 -4.7734230209204259e+002	  1.0501617343979149e+003	
  1.8660000000000000e+004	 -4.8207517237971416e+002	  1.0470003311736614e+003	
  1.8690000000000000e+004	 -4.8212896036515639e+002	  1.0427925397355691e+003	
  1.8720000000000000e+004	 -4.8182419471772420e+002	  1.0590893682007547e+003	
  1.8750000000000000e+004	 -4.7312932320164936e+002	  1.0598017962850895e+003	
  1.8780000000000000e+004	 -4.7454559754675904e+002	  1.0645661694585715e+003	
  1.8810000000000000e+004	 -4.7960116891046346e+002	  1.0507851121267208e+003	
  1.8840000000000000e+004	 -4.8426234055708073e+002	  1.0350226130274502e+003	
  1.8870000000000000e+004	 -4.8973025464231023e+002	  1.0218426707271203e+003	
  1.8900000000000000e+004	 -4.9654272488099485e+002	  1.0457313174144324e+003	
  1.8930000000000000e+004	 -5.0530931221330684e+002	  1.0873193802973358e+003	
  1.8960000000000000e+004	 -4.9125409952773168e+002	  1.0620281406333495e+003	
  1.8990000000000000e+004	 -5.0950436505010350e+002	  1.1345846252204597e+003	
  1.9020000000000000e+004	 -5.1185286511704237e+002	  1.1324250719404668e+003	
  1.9050000000000000e+004	 -5.1032902167987669e+002	  1.1208258285619902e+003	
  1.9080000000000000e+004	 -5.0819565559165022e+002	  1.1127442106126662e+003	
  1.9110000000000000e+004	 -5.0283531154771651e+002	  1.0923286555249965e+003	
  1.9140000000000000e+004	 -5.0071985810784344e+002	  1.0920169689754434e+003	
  1.9170000000000000e+004	 -4.8462089173010827e+002	  1.0696422307915634e+003	
  1.9200000000000000e+004	 -5.1705186402093955e+002	  1.1490113221302358e+003	
  1.9230000000000000e+004	 -5.2641005818293252e+002	  1.1760391102743165e+003	
  1.9260000000000000e+004	 -5.3820639229944891e+002	  1.1526847872141004e+003	
  1.9290000000000000e+004	 -5.1825301025816316e+002	  1.1350966805898529e+003	
  1.9320000000000000e+004	 -5.1278510382047784e+002	  1.1299093073220806e+003	
  1.9350000000000000e+004	 -4.9982347465856958e+002	  1.0855160455433720e+003	
  1.9380000000000000e+004	 -5.0253053597435775e+002	  1.1088481142285971e+003	
  1.9410000000000000e+004	 -5.2282454028395739e+002	  1.1783990339155305e+003	
  1.9440000000000000e+004	 -4.5066607457864649e+002	  1.0134270967826266e+003	
  1.9470000000000000e+004	 -4.7085251396309178e+002	  1.0803509333864354e+003	
  1.9500000000000000e+004	 -4.4851477182526361e+002	  1.0532118216703939e+003	
  1.9530000000000000e+004	 -4.6215764993908823e+002	  1.0781913836723138e+003	
  1.9560000000000000e+004	 -4.6420138908653234e+002	  1.0809743043879701e+003	
  1.9590000000000000e+004	 -4.5613397932778270e+002	  1.0547480037431505e+003	
  1.9620000000000000e+004	 -4.6515154970156652e+002	  1.0954010019315197e+003	
  1.9650000000000000e+004	 -4.8142979338293060e+002	  1.0796162419093139e+003	
  1.9680000000000000e+004	 -4.5489699134264595e+002	  9.9695216458358504e+002	
  1.9710000000000000e+004	 -4.5604434961081205e+002	  9.6037336556677417e+002	
  1.9740000000000000e+004	 -4.4699092850403093e+002	  9.7244014095842044e+002	
  1.9770000000000000e+004	 -4.5002067771133750e+002	  1.0215532391529266e+003	
  1.9800000000000000e+004	 -4.5319386699398149e+002	  1.0051896258534780e+003	
  1.9830000000000000e+004	 -4.6029318078732774e+002	  9.7807278311945572e+002	
  1.9860000000000000e+004	 -4.6572524438934352e+002	  1.0255383930546573e+003	
  1.9890000000000000e+004	 -4.5446672951139124e+002	  1.0173677197647619e+003	
  1.9920000000000000e+004	 -4.5679730336688556e+002	  1.0394530275710961e+003	
  1.9950000000000000e+004	 -4.6412968094870848e+002	  1.0527220270658750e+003	
  1.9980000000000000e+004	 -4.5891275675642748e+002	  1.0320615747503111e+003	
  2.0010000000000000e+004	 -4.7112142517528412e+002	  1.0589335233451188e+003	
  2.0040000000000000e+004	 -4.7696582164265311e+002	  1.0677275762963820e+003	
  2.0070000000000000e+004	 -4.8008521395980296e+002	  1.0626069892891064e+003	
  2.0100000000000000e+004	 -4.8870838135690258e+002	  1.0288556451361715e+003	
  2.0130000000000000e+004	 -4.7644592378665294e+002	  1.0832451770045075e+003	
  2.0160000000000000e+004	 -4.7850759290350868e+002	  1.0769446308006500e+003	
  2.0190000000000000e+004	 -4.7621285485231465e+002	  1.0803286726036506e+003	
  2.0220000000000000e+004	 -4.7904542179650917e+002	  1.0939316186781371e+003	
  2.0250000000000000e+004	 -4.7933225553508873e+002	  1.1130113726455529e+003	
  2.0280000000000000e+004	 -4.7060153826837075e+002	  1.1205141472735197e+003	
  2.0310000000000000e+004	 -4.7908127221306114e+002	  1.1134788988908608e+003	
  2.0340000000000000e+004	 -4.6447030433153907e+002	  1.0732934284557382e+003	
  2.0370000000000000e+004	 -4.7244808026494155e+002	  1.0722025195582914e+003	
  2.0400000000000000e+004	 -4.7542405030929132e+002	  1.0944659418013275e+003	
  2.0430000000000000e+004	 -4.7309346376693929e+002	  1.0200615920659017e+003	
  2.0460000000000000e+004	 -4.6585072762775269e+002	  1.0324845778383090e+003	
  2.0490000000000000e+004	 -4.6468544328405267e+002	  1.0758091926379300e+003	
  2.0520000000000000e+004	 -4.6265961798134714e+002	  1.0659465023150285e+003	
  2.0550000000000000e+004	 -4.7144412414476790e+002	  1.0808184634908109e+003	
  2.0580000000000000e+004	 -4.7660726424033703e+002	  1.0693973304677031e+003	
  2.0610000000000000e+004	 -4.7101387470145892e+002	  1.0791932340609967e+003	
  2.0640000000000000e+004	 -4.7694789040298400e+002	  1.0535012486289684e+003	
  2.0670000000000000e+004	 -4.8490773534386079e+002	  1.1043509030692119e+003	
  2.0700000000000000e+004	 -4.7113936125699593e+002	  1.1173304754535266e+003	
  2.0730000000000000e+004	 -4.4532365667484555e+002	  1.1001431179425851e+003	
  2.0760000000000000e+004	 -4.6212179473919298e+002	  1.0453305718523075e+003	
  2.0790000000000000e+004	 -4.5486113208181376e+002	  1.0404548811375719e+003	
  2.0820000000000000e+004	 -4.5410816373458965e+002	  1.0493825151318947e+003	
  2.0850000000000000e+004	 -4.5084535903465832e+002	  1.0808852591275167e+003	
  2.0880000000000000e+004	 -4.5645669125211941e+002	  1.0924177066834761e+003	
  2.0910000000000000e+004	 -4.5491490714489407e+002	  1.0769223650989466e+003	
  2.0940000000000000e+004	 -4.5572164806722583e+002	  1.1011004414604095e+003	
  2.0970000000000000e+004	 -4.7630249553501164e+002	  1.0869409061047152e+003	
  2.1000000000000000e+004	 -4.5812394534873175e+002	  1.0887665062212827e+003	
  2.1030000000000000e+004	 -4.5523760104491748e+002	  1.0964919144959508e+003	
  2.1060000000000000e+004	 -4.5545273593275914e+002	  1.0878982357256132e+003	
  2.1090000000000000e+004	 -4.4492926205371805e+002	  1.0762989935688197e+003	
  2.1120000000000000e+004	 -4.2040434477754451e+002	  1.0822878534376573e+003	
  2.1150000000000000e+004	 -4.2798768943226997e+002	  1.1069779871632099e+003	
  2.1180000000000000e+004	 -4.3255923173030078e+002	  1.0796162384687223e+003	
  2.1210000000000000e+004	 -4.5710206491447468e+002	  1.0595569013778331e+003	
  2.1240000000000000e+004	 -4.5240505362173519e+002	  1.0396088777178572e+003	
  2.1270000000000000e+004	 -4.5652838853402665e+002	  1.0301023946325136e+003	
  2.1300000000000000e+004	 -4.5747855239637272e+002	  1.0452637816943748e+003	
  2.1330000000000000e+004	 -4.5556029459811168e+002	  1.0172786696445694e+003	
  2.1360000000000000e+004	 -4.6212178194074050e+002	  1.0289892297747308e+003	
  2.1390000000000000e+004	 -4.5443086727471882e+002	  1.0489149844913579e+003	
  2.1420000000000000e+004	 -4.4408665529236089e+002	  1.0690633797647042e+003	
  2.1450000000000000e+004	 -4.5335521180955368e+002	  1.0689297998765064e+003	
  2.1480000000000000e+004	 -4.5928923697556741e+002	  1.0760986224898750e+003	
  2.1510000000000000e+004	 -4.6215764125698735e+002	  1.0774566880372990e+003	
  2.1540000000000000e+004	 -4.5227955265464163e+002	  1.0561505931025615e+003	
  2.1570000000000000e+004	 -4.5296080339909076e+002	  1.0370708439542771e+003	
  2.1600000000000000e+004	 -4.6158396174293057e+002	  1.0582878870189347e+003	
  2.1630000000000000e+004	 -4.4874781989978845e+002	  1.0396756670357552e+003	
  2.1660000000000000e+004	 -4.5609812462151967e+002	  1.0667925106450962e+003	
  2.1690000000000000e+004	 -4.5728135361821398e+002	  1.0820429513177087e+003	
  2.1720000000000000e+004	 -4.4394324316248657e+002	  1.0742062270473598e+003	
  2.1750000000000000e+004	 -4.4224012549912038e+002	  1.0521209155735105e+003	
  2.1780000000000000e+004	 -4.4613039849207678e+002	  1.0699093873503575e+003	
  2.1810000000000000e+004	 -4.4860439432706607e+002	  1.0744956520890942e+003	
  2.1840000000000000e+004	 -4.5787296475567109e+002	  1.0688630089813191e+003	
  2.1870000000000000e+004	 -4.4794109257182498e+002	  1.0821097426283868e+003	
  2.1900000000000000e+004	 -4.5346278241513619e+002	  1.0686403725668831e+003	
  2.1930000000000000e+004	 -4.5823151738775130e+002	  1.0573082941514144e+003	
  2.1960000000000000e+004	 -4.5328350596006777e+002	  1.0613602410538308e+003	
  2.1990000000000000e+004	 -4.4288551149169371e+002	  1.0616496629686401e+003	
  2.2020000000000000e+004	 -4.5715586663183012e+002	  1.0869854333804676e+003	
  2.2050000000000000e+004	 -4.4186363951784762e+002	  1.0726255307791191e+003	
  2.2080000000000000e+004	 -4.4023223100234844e+002	  1.0782136449645284e+003	
  2.2110000000000000e+004	 -4.6007805291863178e+002	  1.0806180969691582e+003	
  2.2140000000000000e+004	 -4.5954023030248328e+002	  1.0902581550084831e+003	
  2.2170000000000000e+004	 -4.5236919821711109e+002	  1.0758314610493417e+003	
  2.2200000000000000e+004	 -4.3040792289236299e+002	  1.0680392620134087e+003	
  2.2230000000000000e+004	 -4.2906335437933728e+002	  1.0795271854394027e+003	
  2.2260000000000000e+004	 -4.4180985044515711e+002	  1.0735605915178935e+003	
  2.2290000000000000e+004	 -4.4803071961923706e+002	  1.0800615109861842e+003	
  2.2320000000000000e+004	 -4.3259508934982352e+002	  1.0822878510331470e+003	
  2.2350000000000000e+004	 -4.3155528831267975e+002	  1.0731598462500201e+003	
  2.2380000000000000e+004	 -4.1793033702093578e+002	  1.0699539176312458e+003	
  2.2410000000000000e+004	 -4.2784427703691972e+002	  1.0646774919221073e+003	
  2.2440000000000000e+004	 -4.3401136944300697e+002	  1.0666589287964068e+003	
  2.2470000000000000e+004	 -4.2341616085083496e+002	  1.0531005032842015e+003	
  2.2500000000000000e+004	 -4.2891992628686285e+002	  1.0521209181978527e+003	
  2.2530000000000000e+004	 -4.4810244045829006e+002	  1.0601134823995576e+003	
  2.2560000000000000e+004	 -4.5057643092834559e+002	  1.0744066001917131e+003	
  2.2590000000000000e+004	 -4.3781200683783015e+002	  1.0653231252999058e+003	
  2.2620000000000000e+004	 -4.6221143147695983e+002	  1.0671709864960762e+003	
  2.2650000000000000e+004	 -4.3815263710932123e+002	  1.0529446617294375e+003	
  2.2680000000000000e+004	 -4.4659651916917738e+002	  1.0746515012546886e+003	
  2.2710000000000000e+004	 -4.4184570802670908e+002	  1.0659019739313783e+003	
  2.2740000000000000e+004	 -4.2321895792281487e+002	  1.0480244470932078e+003	
  2.2770000000000000e+004	 -4.1974100898289464e+002	  1.0535012496354263e+003	
  2.2800000000000000e+004	 -4.2615909293173655e+002	  1.0508296371608744e+003	
  2.2830000000000000e+004	 -4.3843946771819810e+002	  1.0726032641549264e+003	
  2.2860000000000000e+004	 -4.3657500130430174e+002	  1.0694863850848719e+003	
  2.2890000000000000e+004	 -4.2924262687986709e+002	  1.0557721191098719e+003	
  2.2920000000000000e+004	 -4.4681164650687970e+002	  1.0606032785026146e+003	
  2.2950000000000000e+004	 -4.3732795775606183e+002	  1.0648110644919300e+003	
  2.2980000000000000e+004	 -4.4292136279817686e+002	  1.0793713419136616e+003	
  2.3010000000000000e+004	 -4.4466033236683296e+002	  1.0778574293208592e+003	
  2.3040000000000000e+004	 -4.2734230892608286e+002	  1.0593120045770179e+003	
  2.3070000000000000e+004	 -4.1848609793739172e+002	  1.0623843533370577e+003	
  2.3100000000000000e+004	 -3.8625232182014969e+002	  1.0563509686112550e+003	
  2.3130000000000000e+004	 -4.0756820213146801e+002	  1.0600021668405798e+003	
  2.3160000000000000e+004	 -4.0812394738491867e+002	  1.0439947705090071e+003	
  2.3190000000000000e+004	 -4.1183495602844704e+002	  1.0445068242257616e+003	
  2.3220000000000000e+004	 -4.2827454544702323e+002	  1.0551042192628145e+003	
  2.3250000000000000e+004	 -4.3949720008626463e+002	  1.0707331382151588e+003	
  2.3280000000000000e+004	 -4.6118956197547084e+002	  1.0909705832567756e+003	
  2.3310000000000000e+004	 -4.6004219408590768e+002	  1.0945549948629885e+003	
  2.3340000000000000e+004	 -4.4098519478860743e+002	  1.0880095531826803e+003	
  2.3370000000000000e+004	 -4.3732795772464635e+002	  1.0756310906522547e+003	
  2.3400000000000000e+004	 -4.3566070610511235e+002	  1.0731821097578138e+003	
  2.3430000000000000e+004	 -4.1136883641159022e+002	  1.0597572717153671e+003	
  2.3460000000000000e+004	 -4.1303610714686675e+002	  1.0579316708410856e+003	
  2.3490000000000000e+004	 -4.3700526756755062e+002	  1.0691524361696502e+003	
  2.3520000000000000e+004	 -4.4401494847639441e+002	  1.0734047431681552e+003	
  2.3550000000000000e+004	 -4.3700527535299477e+002	  1.0697090179245138e+003	
  2.3580000000000000e+004	 -4.3998125339012142e+002	  1.0585995724346499e+003	
  2.3610000000000000e+004	 -4.3205725587655104e+002	  1.0509854817289347e+003	
  2.3640000000000000e+004	 -4.2551370118965258e+002	  1.0462879010362128e+003	
  2.3670000000000000e+004	 -4.2384643483982097e+002	  1.0294567579948398e+003	
  2.3700000000000000e+004	 -4.2348787837322936e+002	  1.0387628668195616e+003	
  2.3730000000000000e+004	 -4.4448105982974329e+002	  1.0374715874844021e+003	
  2.3760000000000000e+004	 -4.2359543546148660e+002	  1.0508741704900842e+003	
  2.3790000000000000e+004	 -4.0997048478757551e+002	  1.0501172068432963e+003	
  2.3820000000000000e+004	 -4.2295005062659357e+002	  1.0666589271865291e+003	
  2.3850000000000000e+004	 -4.2689412494346033e+002	  1.0646329639319792e+003	
  2.3880000000000000e+004	 -4.1708774343706830e+002	  1.0592452141349872e+003	
  2.3910000000000000e+004	 -4.1739251210518580e+002	  1.0547702638550049e+003	
  2.3940000000000000e+004	 -4.2259150288112926e+002	  1.0649669119202586e+003	
  2.3970000000000000e+004	 -4.3315082837132013e+002	  1.0829112304871528e+003	
  2.4000000000000000e+004	 -4.3042584809907976e+002	  1.0702656009188297e+003	
  2.4030000000000000e+004	 -4.3732796532488391e+002	  1.0740503820133474e+003	
  2.4060000000000000e+004	 -4.3567863180396279e+002	  1.0716904627240594e+003	
  2.4090000000000000e+004	 -4.3218275070234586e+002	  1.0748518707480903e+003	
  2.4120000000000000e+004	 -4.3947927603444305e+002	  1.0841134519277923e+003	
  2.4150000000000000e+004	 -4.3634194779854687e+002	  1.0825995374031243e+003	
  2.4180000000000000e+004	 -4.1846816897600195e+002	  1.0571301878704787e+003	
  2.4210000000000000e+004	 -4.1611965409253736e+002	  1.0456422593371999e+003	
  2.4240000000000000e+004	 -4.2212538683278888e+002	  1.0570411286983447e+003	
  2.4270000000000000e+004	 -4.2104972751575076e+002	  1.0534121981372216e+003	
  2.4300000000000000e+004	 -4.1366356515673687e+002	  1.0475123916115826e+003	
  2.4330000000000000e+004	 -4.0878726865957600e+002	  1.0430819687948797e+003	
  2.4360000000000000e+004	 -4.1289268354799088e+002	  1.0480244472501406e+003	
  2.4390000000000000e+004	 -4.2131865041733016e+002	  1.0618500328791474e+003	
  2.4420000000000000e+004	 -4.2022505684569512e+002	  1.0578648804669042e+003	
  2.4450000000000000e+004	 -4.1280305429865496e+002	  1.0529669271321029e+003	
  2.4480000000000000e+004	 -4.1758971309988726e+002	  1.0562173866611352e+003	
  2.4510000000000000e+004	 -4.1760763181940285e+002	  1.0562396490003819e+003	
  2.4540000000000000e+004	 -4.1167360358687819e+002	  1.0446404082942627e+003	
  2.4570000000000000e+004	 -4.1212180728089669e+002	  1.0459094214828679e+003	
  2.4600000000000000e+004	 -4.0982707451805834e+002	  1.0415457920591668e+003	
  2.4630000000000000e+004	 -4.0962986535648997e+002	  1.0432155534287822e+003	
  2.4660000000000000e+004	 -4.0505834086024464e+002	  1.0340207577177646e+003	
  2.4690000000000000e+004	 -4.0925340036739436e+002	  1.0423918067562827e+003	
  2.4720000000000000e+004	 -4.2212538635924648e+002	  1.0607368580240641e+003	
  2.4750000000000000e+004	 -4.2911714132234255e+002	  1.0627850913373343e+003	
  2.4780000000000000e+004	 -4.2189231811136415e+002	  1.0537016203738269e+003	
  2.4810000000000000e+004	 -4.1859365893456498e+002	  1.0475123896779585e+003	
  2.4840000000000000e+004	 -4.1504400755381641e+002	  1.0437943999582403e+003	
  2.4870000000000000e+004	 -4.1248035989775360e+002	  1.0355569357192373e+003	
  2.4900000000000000e+004	 -4.0615192316310879e+002	  1.0415903184116596e+003	
  2.4930000000000000e+004	 -4.2180268721752611e+002	  1.0543695227651274e+003	
  2.4960000000000000e+004	 -4.1970516250994331e+002	  1.0459984731484321e+003	
  2.4990000000000000e+004	 -4.2420498466942070e+002	  1.0522767628567581e+003	
  2.5020000000000000e+004	 -4.2506551012625914e+002	  1.0599799057687005e+003	
  2.5050000000000000e+004	 -4.0995255969992621e+002	  1.0352675102416833e+003	
  2.5080000000000000e+004	 -4.0400061207796705e+002	  1.0215755057420974e+003	
  2.5110000000000000e+004	 -4.0649253822706288e+002	  1.0261617694897027e+003	
  2.5140000000000000e+004	 -4.0977328494101312e+002	  1.0293009158885802e+003	
  2.5170000000000000e+004	 -4.1097443220042669e+002	  1.0272526728717410e+003	
  2.5200000000000000e+004	 -4.1066965846339235e+002	  1.0240244788163966e+003	
  2.5230000000000000e+004	 -4.0876935179770737e+002	  1.0177907222829004e+003	
  2.5260000000000000e+004	 -4.1524120082866875e+002	  1.0271858867291503e+003	
  2.5290000000000000e+004	 -4.2415119820403049e+002	  1.0318166800084482e+003	
  2.5320000000000000e+004	 -4.2217917349893378e+002	  1.0233565746382612e+003	
  2.5350000000000000e+004	 -4.2079873714286566e+002	  1.0226218840150107e+003	
  2.5380000000000000e+004	 -4.0787296694329882e+002	  1.0156534369637559e+003	
  2.5410000000000000e+004	 -4.1547425709603596e+002	  1.0313268862848959e+003	
  2.5440000000000000e+004	 -4.1891634380448414e+002	  1.0351339320280556e+003	
  2.5470000000000000e+004	 -4.2226880860577910e+002	  1.0416348471495342e+003	
  2.5500000000000000e+004	 -4.2248392842913688e+002	  1.0348445031702208e+003	
  2.5530000000000000e+004	 -4.2416912500308973e+002	  1.0396311379263248e+003	
  2.5560000000000000e+004	 -4.3358109463674509e+002	  1.0602025409161133e+003	
  2.5590000000000000e+004	 -4.2792122957056677e+002	  1.0491430512637664e+003	
  2.5620000000000000e+004	 -4.2116559833935423e+002	  1.0360293539104173e+003	
  2.5650000000000000e+004	 -4.1440996710814181e+002	  1.0229156565570679e+003	
  2.5680000000000000e+004	 -4.0765433587692928e+002	  1.0098019592037188e+003	
  2.5710000000000000e+004	 -4.0089870464571680e+002	  9.9668826185036949e+002	
  2.5740000000000000e+004	 -3.9821000044684035e+002	  9.8557555397699105e+002	
  2.5770000000000000e+004	 -4.1303610919342225e+002	  9.8259225818189248e+002	
  2.5800000000000000e+004	 -4.2904542253763248e+002	  9.8582045363912925e+002	
  2.5830000000000000e+004	 -4.3082024774852613e+002	  9.8735662987015701e+002	
  2.5860000000000000e+004	 -4.3082024774852613e+002	  9.8735662987015701e+002	
  2.5890000000000000e+004	 -4.3082024774852613e+002	  9.8735662987015701e+002	
  2.5920000000000000e+004	 -4.3082024774852613e+002	  9.8735662987015701e+002	
  2.5950000000000000e+004	 -4.3082024774852613e+002	  9.8735662987015701e+002	
  2.5980000000000000e+004	 -4.3082024774852613e+002	  9.8735662987015701e+002	
  2.6010000000000000e+004	 -4.3082024774852613e+002	  9.8735662987015701e+002	
  2.6040000000000000e+004	 -4.3082024774852613e+002	  9.8735662987015701e+002	
  2.6070000000000000e+004	 -4.3082024774852613e+002	  9.8735662987015701e+002	
  2.6100000000000000e+004	 -4.3082024774852613e+002	  9.8735662987015701e+002	
  2.6130000000000000e+004	 -4.3199571212863998e+002	  9.9498904886036746e+002	
  2.6160000000000000e+004	 -4.3803610039416833e+002	  1.0285439588488500e+003	
  2.6190000000000000e+004	 -4.3637780312860502e+002	  1.0109001961823803e+003	
  2.6220000000000000e+004	 -4.3592961053044615e+002	  1.0065031730141422e+003	
  2.6250000000000000e+004	 -4.3592961053044615e+002	  1.0065031730141422e+003	
  2.6280000000000000e+004	 -4.3592961053044615e+002	  1.0065031730141422e+003	
  2.6310000000000000e+004	 -4.3592961053044615e+002	  1.0065031730141422e+003	
  2.6340000000000000e+004	 -4.3592961053044615e+002	  1.0065031730141422e+003	
  2.6370000000000000e+004	 -4.3592961053044615e+002	  1.0065031730141422e+003	
  2.6400000000000000e+004	 -4.3592961053044615e+002	  1.0065031730141422e+003	
  2.6430000000000000e+004	 -4.3592961053044615e+002	  1.0065031730141422e+003	
  2.6460000000000000e+004	 -4.3592961053044615e+002	  1.0065031730141422e+003	
  2.6490000000000000e+004	 -4.3592961053044615e+002	  1.0065031730141422e+003	
  2.6520000000000000e+004	 -4.3592961053044615e+002	  1.0065031730141422e+003	
  2.6550000000000000e+004	 -4.3592961053044615e+002	  1.0065031730141422e+003	
  2.6580000000000000e+004	 -4.3592961053044615e+002	  1.0065031730141422e+003	
  2.6610000000000000e+004	 -4.3592961053044615e+002	  1.0065031730141422e+003	
  2.6640000000000000e+004	 -4.3592961053044615e+002	  1.0065031730141422e+003	
  2.6670000000000000e+004	 -4.3592961053044615e+002	  1.0065031730141422e+003	
  2.6700000000000000e+004	 -4.3983293883679960e+002	  1.0337048788470599e+003	
  2.6730000000000000e+004	 -4.4374603083469208e+002	  1.0697090206214218e+003	
  2.6760000000000000e+004	 -4.3003143295249026e+002	  1.0574196096259363e+003	
  2.6790000000000000e+004	 -4.4164850784998060e+002	  1.0874752296080401e+003	
  2.6820000000000000e+004	 -4.4080591547283268e+002	  1.0664140295200409e+003	
  2.6850000000000000e+004	 -4.4498303522430268e+002	  1.0827999092211489e+003	
  2.6880000000000000e+004	 -4.2554954512928214e+002	  1.0823769036908748e+003	
  2.6910000000000000e+004	 -4.3035413917460448e+002	  1.0821097432056947e+003	
  2.6940000000000000e+004	 -4.3175248825730603e+002	  1.0727145787668831e+003	
  2.6970000000000000e+004	 -4.1992029242661158e+002	  1.0710893499883127e+003	
  2.7000000000000000e+004	 -4.2540611655439005e+002	  1.0716236701243486e+003	
  2.7030000000000000e+004	 -4.2260943190490025e+002	  1.0690411184441659e+003	
  2.7060000000000000e+004	 -4.2400778512964132e+002	  1.0484697159237940e+003	
  2.7090000000000000e+004	 -4.4457070417225339e+002	  1.0715791479166674e+003	
  2.7120000000000000e+004	 -4.4387153063654671e+002	  1.0738054844700350e+003	
  2.7150000000000000e+004	 -4.4302892839792338e+002	  1.0746069719171146e+003	
  2.7180000000000000e+004	 -4.3646744377778839e+002	  1.0662804532854730e+003	
  2.7210000000000000e+004	 -4.5507626263855201e+002	  1.0549483719781817e+003	
  2.7240000000000000e+004	 -4.5939679811152217e+002	  1.0673045697583696e+003	
  2.7270000000000000e+004	 -4.2348787932923261e+002	  1.0404548854798070e+003	
  2.7300000000000000e+004	 -4.3822433637103023e+002	  1.0654789704995701e+003	
  2.7330000000000000e+004	 -4.3575033472231860e+002	  1.0558389093938811e+003	
  2.7360000000000000e+004	 -4.3713076522514893e+002	  1.0634529972507835e+003	
  2.7390000000000000e+004	 -4.2795184024772732e+002	  1.0573305567513967e+003	
  2.7420000000000000e+004	 -4.1325124081930062e+002	  1.0427034877645501e+003	
  2.7450000000000000e+004	 -4.1755385732862896e+002	  1.0572192414342428e+003	
  2.7480000000000000e+004	 -4.2576467287892382e+002	  1.0756978793618641e+003	
  2.7510000000000000e+004	 -4.2450974671662323e+002	  1.0839130798668534e+003	
  2.7540000000000000e+004	 -4.2490415701769814e+002	  1.0648333290797459e+003	
  2.7570000000000000e+004	 -4.3218275448668498e+002	  1.0723361012172602e+003	
  2.7600000000000000e+004	 -4.3618059586699673e+002	  1.0655234942020465e+003	
  2.7630000000000000e+004	 -4.3263094667175602e+002	  1.0668592983457720e+003	
  2.7660000000000000e+004	 -4.3221860249925669e+002	  1.0653676542919300e+003	
  2.7690000000000000e+004	 -4.1904184842127222e+002	  1.0699093881969984e+003	
  2.7720000000000000e+004	 -4.1249828126430486e+002	  1.0349558199455241e+003	
  2.7750000000000000e+004	 -4.1551011359164869e+002	  1.0669706202452901e+003	
  2.7780000000000000e+004	 -4.2827454258973512e+002	  1.0813082578480853e+003	
  2.7810000000000000e+004	 -4.2149791852837177e+002	  1.0964473826059682e+003	
  2.7840000000000000e+004	 -4.1111786057094042e+002	  1.1061765020889470e+003	
  2.7870000000000000e+004	 -3.8098160682211494e+002	  1.1494343220760420e+003	
  2.7900000000000000e+004	 -4.3695148755233015e+002	  1.0709780325331144e+003	
  2.7930000000000000e+004	 -4.4846994863720238e+002	  1.0291005365648068e+003	
  2.7960000000000000e+004	 -4.2946673070023763e+002	  1.0533120121488380e+003	
