  0.0000000000000000e+000	 -5.8401133477157816e+002	  8.5566849807927883e+002	
  3.0000000000000000e+001	 -5.8401133477157816e+002	  8.5566849807927883e+002	
  6.0000000000000000e+001	 -5.8401133477157816e+002	  8.5566849807927883e+002	
  9.0000000000000000e+001	 -5.8401133477157816e+002	  8.5566849807927883e+002	
  1.2000000000000000e+002	 -5.8401133477157816e+002	  8.5566849807927883e+002	
  1.5000000000000000e+002	 -5.8401133477157816e+002	  8.5566849807927883e+002	
  1.8000000000000000e+002	 -5.8401133477157816e+002	  8.5566849807927883e+002	
  2.1000000000000000e+002	 -5.8401133477157816e+002	  8.5566849807927883e+002	
  2.4000000000000000e+002	 -5.8401133477157816e+002	  8.5566849807927883e+002	
  2.7000000000000000e+002	 -5.8401133477157816e+002	  8.5566849807927883e+002	
  3.0000000000000000e+002	 -5.8401133477157816e+002	  8.5566849807927883e+002	
  3.3000000000000000e+002	 -5.8401133477157816e+002	  8.5566849807927883e+002	
  3.6000000000000000e+002	 -5.4805119597387738e+002	  8.5251378989228795e+002	
  3.9000000000000000e+002	 -5.0800500212873669e+002	  8.4900062059414381e+002	
  4.2000000000000000e+002	 -4.6795880828359611e+002	  8.4548745129599945e+002	
  4.5000000000000000e+002	 -4.2791261443845553e+002	  8.4197428199785520e+002	
  4.8000000000000000e+002	 -3.8786642059331490e+002	  8.3846111269971095e+002	
  5.1000000000000000e+002	 -3.4782022674817426e+002	  8.3494794340156659e+002	
  5.4000000000000000e+002	 -3.0777403290303369e+002	  8.3143477410342234e+002	
  5.7000000000000000e+002	 -2.6763455676571459e+002	  8.2539025071388130e+002	
  6.0000000000000000e+002	 -2.3747143144370602e+002	  7.9366487452772560e+002	
  6.3000000000000000e+002	 -2.3402036070609020e+002	  7.4162413227625461e+002	
  6.6000000000000000e+002	 -2.3702320943104064e+002	  6.9030694953311138e+002	
  6.9000000000000000e+002	 -2.3182423149903917e+002	  6.5017713810022303e+002	
  7.2000000000000000e+002	 -1.9924086903637857e+002	  6.1294156336167327e+002	
  7.5000000000000000e+002	 -1.7019818758194293e+002	  5.7303437960454926e+002	
  7.8000000000000000e+002	 -1.4474103194301850e+002	  5.3268192974726037e+002	
  8.1000000000000000e+002	 -1.3286403928031180e+002	  5.1798807601767965e+002	
  8.4000000000000000e+002	 -1.7845920202871642e+002	  5.1261524745582824e+002	
  8.7000000000000000e+002	 -2.2130073948899991e+002	  5.1087491748136682e+002	
  9.0000000000000000e+002	 -1.6710570251134283e+002	  5.1180997492119394e+002	
  9.3000000000000000e+002	 -1.5097088354453234e+002	  5.2481181347055440e+002	
  9.6000000000000000e+002	 -1.6087407641287427e+002	  5.0823448175043450e+002	
  9.9000000000000000e+002	 -1.4893430065026348e+002	  5.2613426617638572e+002	
  1.0200000000000000e+003	 -1.3699452488765266e+002	  5.4403405060233717e+002	
  1.0500000000000000e+003	 -1.1001539044970420e+002	  5.6486370535464198e+002	
  1.0800000000000000e+003	 -1.3963168554187973e+002	  5.4652977791011165e+002	
  1.1100000000000000e+003	 -1.3679913027545675e+002	  5.4965779478144464e+002	
  1.1400000000000000e+003	 -1.4468728089078695e+002	  5.4381364918932536e+002	
  1.1700000000000000e+003	 -1.4434664842366001e+002	  5.3577654850575823e+002	
  1.2000000000000000e+003	 -9.9258777908892000e+001	  5.7118652097921620e+002	
  1.2300000000000000e+003	 -9.2168428034084513e+001	  5.6869302029782148e+002	
  1.2600000000000000e+003	 -9.2168428034084513e+001	  5.6869302029782148e+002	
  1.2900000000000000e+003	 -9.2168428034084513e+001	  5.6869302029782148e+002	
  1.3200000000000000e+003	 -9.2168428034084513e+001	  5.6869302029782148e+002	
  1.3500000000000000e+003	 -9.2168428034084513e+001	  5.6869302029782148e+002	
  1.3800000000000000e+003	 -9.2168428034084513e+001	  5.6869302029782148e+002	
  1.4100000000000000e+003	 -9.2168428034084513e+001	  5.6869302029782148e+002	
  1.4400000000000000e+003	 -9.2168428034084513e+001	  5.6869302029782148e+002	
  1.4700000000000000e+003	 -9.2168428034084513e+001	  5.6869302029782148e+002	
  1.5000000000000000e+003	 -9.2168428034084513e+001	  5.6869302029782148e+002	
  1.5300000000000000e+003	 -1.0696874145379631e+002	  5.9092778013013697e+002	
  1.5600000000000000e+003	 -1.2924386483628157e+002	  6.2439207271634098e+002	
  1.5900000000000000e+003	 -1.5151898821876682e+002	  6.5785636530254476e+002	
  1.6200000000000000e+003	 -1.7379411160125207e+002	  6.9132065788874866e+002	
  1.6500000000000000e+003	 -1.9505476884711990e+002	  6.9363533075469002e+002	
  1.6800000000000000e+003	 -1.9015543889703247e+002	  6.8472632449774824e+002	
  1.7100000000000000e+003	 -1.4520847126695193e+002	  5.8890274985594954e+002	
  1.7400000000000000e+003	 -1.5088126535816659e+002	  5.8536832272025970e+002	
  1.7700000000000000e+003	 -1.5172383245002101e+002	  5.6722363413172775e+002	
  1.8000000000000000e+003	 -1.5267399891789086e+002	  5.6673384531693432e+002	
  1.8300000000000000e+003	 -1.5720967360595219e+002	  5.4121996023236466e+002	
  1.8600000000000000e+003	 -1.7140832259422407e+002	  5.1842627211014712e+002	
  1.8900000000000000e+003	 -1.5527350649717542e+002	  5.0245732378320105e+002	
  1.9200000000000000e+003	 -1.4735846375617717e+002	  5.3182479679273854e+002	
  1.9500000000000000e+003	 -1.4768116080011509e+002	  5.6888225169712166e+002	
  1.9800000000000000e+003	 -1.6083105585347371e+002	  5.6560953553676552e+002	
  2.0100000000000000e+003	 -1.5459224421826062e+002	  5.5657058684241269e+002	
  2.0400000000000000e+003	 -1.6863852396380844e+002	  5.2349826915023220e+002	
  2.0700000000000000e+003	 -1.5688698779958401e+002	  5.3574314907809685e+002	
  2.1000000000000000e+003	 -1.5688698779958398e+002	  5.3574314907809685e+002	
  2.1300000000000000e+003	 -1.5688698779958398e+002	  5.3574314907809685e+002	
  2.1600000000000000e+003	 -1.5688698779958398e+002	  5.3574314907809685e+002	
  2.1900000000000000e+003	 -1.5688698779958398e+002	  5.3574314907809685e+002	
  2.2200000000000000e+003	 -1.5688698779958398e+002	  5.3574314907809685e+002	
  2.2500000000000000e+003	 -1.5688698779958398e+002	  5.3574314907809685e+002	
  2.2800000000000000e+003	 -1.5688698779958398e+002	  5.3574314907809685e+002	
  2.3100000000000000e+003	 -1.5688698779958398e+002	  5.3574314907809685e+002	
  2.3400000000000000e+003	 -1.5688698779958398e+002	  5.3574314907809685e+002	
  2.3700000000000000e+003	 -1.5688698779958398e+002	  5.3574314907809685e+002	
  2.4000000000000000e+003	 -1.5688698779958398e+002	  5.3574314907809685e+002	
  2.4300000000000000e+003	 -1.5688698779958398e+002	  5.3574314907809685e+002	
  2.4600000000000000e+003	 -1.4407121625486002e+002	  5.1845582364589905e+002	
  2.4900000000000000e+003	 -1.4102109850943884e+002	  5.0067826977595917e+002	
  2.5200000000000000e+003	 -1.3716668318878524e+002	  4.8531652651193326e+002	
  2.5500000000000000e+003	 -1.4365036411619192e+002	  4.9476747941262101e+002	
  2.5800000000000000e+003	 -1.5013404504359860e+002	  5.0421843231330865e+002	
  2.6100000000000000e+003	 -1.5661772597100526e+002	  5.1366938521399641e+002	
  2.6400000000000000e+003	 -1.6310140689841197e+002	  5.2312033811468416e+002	
  2.6700000000000000e+003	 -1.6958508782581865e+002	  5.3257129101537180e+002	
  2.7000000000000000e+003	 -1.7606876875322533e+002	  5.4202224391605955e+002	
  2.7300000000000000e+003	 -1.8255244968063201e+002	  5.5147319681674730e+002	
  2.7600000000000000e+003	 -1.8903613060803866e+002	  5.6092414971743506e+002	
  2.7900000000000000e+003	 -1.7481455242452313e+002	  6.1369851513323340e+002	
  2.8200000000000000e+003	 -1.7360414810589839e+002	  6.1202374018000637e+002	
  2.8500000000000000e+003	 -1.7072167490637932e+002	  6.0069558842550828e+002	
  2.8800000000000000e+003	 -1.6783920170686031e+002	  5.8936743667100995e+002	
  2.9100000000000000e+003	 -1.6495672850734124e+002	  5.7803928491651186e+002	
  2.9400000000000000e+003	 -1.6207425530782223e+002	  5.6671113316201365e+002	
  2.9700000000000000e+003	 -1.5760408992665126e+002	  5.4780992645182414e+002	
  3.0000000000000000e+003	 -1.3842158474164034e+002	  5.4511605207132129e+002	
  3.0300000000000000e+003	 -1.6197842289306112e+002	  5.1641851021227637e+002	
  3.0600000000000000e+003	 -1.7734234112687204e+002	  5.3298248366358939e+002	
  3.0900000000000000e+003	 -1.8897736074212898e+002	  5.2338695079133458e+002	
  3.1200000000000000e+003	 -1.5979125311179104e+002	  5.4642959738226341e+002	
  3.1500000000000000e+003	 -1.3345565883849147e+002	  5.3365038940510385e+002	
  3.1800000000000000e+003	 -1.3973030824500782e+002	  5.2583593732839142e+002	
  3.2100000000000000e+003	 -1.5701250736004059e+002	  5.8109374308968859e+002	
  3.2400000000000000e+003	 -1.4089558470301350e+002	  5.1813279471442206e+002	
  3.2700000000000000e+003	 -1.6126133421899360e+002	  5.0214765548258322e+002	
  3.3000000000000000e+003	 -1.5932515078878501e+002	  5.1750941240371537e+002	
  3.3300000000000000e+003	 -1.8062034092250374e+002	  4.8740156056222986e+002	
  3.3600000000000000e+003	 -1.6903637151902356e+002	  5.0387435225817677e+002	
  3.3900000000000000e+003	 -1.5745240211554335e+002	  5.2034714395412345e+002	
  3.4200000000000000e+003	 -1.4586843271206314e+002	  5.3681993565007042e+002	
  3.4500000000000000e+003	 -1.5025379997638939e+002	  5.1203259685207115e+002	
  3.4800000000000000e+003	 -1.5383926907201726e+002	  5.1025152774356076e+002	
  3.5100000000000000e+003	 -1.4263459732505973e+002	  5.1715319396525524e+002	
  3.5400000000000000e+003	 -1.3367076492395535e+002	  5.2093797753981437e+002	
  3.5700000000000000e+003	 -1.5276362490049848e+002	  5.2472277162848422e+002	
  3.6000000000000000e+003	 -1.5814190643417564e+002	  5.0591016927573963e+002	
  3.6300000000000000e+003	 -1.5079158934239973e+002	  5.5054832740748623e+002	
  3.6600000000000000e+003	 -1.5417449861232683e+002	  5.5023572493369704e+002	
  3.6900000000000000e+003	 -1.5924886251721747e+002	  5.4976682122301304e+002	
  3.7200000000000000e+003	 -1.6432322642210812e+002	  5.4929791751232915e+002	
  3.7500000000000000e+003	 -1.6939759032699877e+002	  5.4882901380164515e+002	
  3.7800000000000000e+003	 -1.7447195423188941e+002	  5.4836011009096114e+002	
  3.8100000000000000e+003	 -1.7954631813678003e+002	  5.4789120638027725e+002	
  3.8400000000000000e+003	 -1.8462068204167068e+002	  5.4742230266959336e+002	
  3.8700000000000000e+003	 -1.8969504594656132e+002	  5.4695339895890947e+002	
  3.9000000000000000e+003	 -1.9476940985145194e+002	  5.4648449524822558e+002	
  3.9300000000000000e+003	 -1.9984377375634261e+002	  5.4601559153754147e+002	
  3.9600000000000000e+003	 -2.0636707425855471e+002	  5.9563175554184113e+002	
  3.9900000000000000e+003	 -1.8558899643450408e+002	  5.5802883539976858e+002	
  4.0200000000000000e+003	 -1.7302180434280606e+002	  5.3723479210496907e+002	
  4.0500000000000000e+003	 -1.6773318671582692e+002	  5.3770233128774498e+002	
  4.0800000000000000e+003	 -1.5367792255006179e+002	  5.0940552748081171e+002	
  4.1100000000000000e+003	 -1.6129715069702462e+002	  5.3198063213613750e+002	
  4.1400000000000000e+003	 -1.7721683587471315e+002	  5.4785446139929536e+002	
  4.1700000000000000e+003	 -1.7737819258639132e+002	  5.4956873866449541e+002	
  4.2000000000000000e+003	 -1.7857934398729103e+002	  5.5244072196473542e+002	
  4.2300000000000000e+003	 -1.4037567265895066e+002	  5.1144262900330216e+002	
  4.2600000000000000e+003	 -1.6281204708295971e+002	  5.3566523809469470e+002	
  4.2900000000000000e+003	 -1.5082744744282115e+002	  4.9628124170155735e+002	
  4.3200000000000000e+003	 -1.6066072732663253e+002	  5.1428122071409803e+002	
  4.3500000000000000e+003	 -1.4164855424474450e+002	  4.9667086197560337e+002	
  4.3800000000000000e+003	 -1.4164855424474447e+002	  4.9667086197560343e+002	
  4.4100000000000000e+003	 -1.4164855424474447e+002	  4.9667086197560343e+002	
  4.4400000000000000e+003	 -1.4164855424474447e+002	  4.9667086197560343e+002	
  4.4700000000000000e+003	 -1.4164855424474447e+002	  4.9667086197560343e+002	
  4.5000000000000000e+003	 -1.4164855424474447e+002	  4.9667086197560343e+002	
  4.5300000000000000e+003	 -1.4164855424474447e+002	  4.9667086197560343e+002	
  4.5600000000000000e+003	 -1.4164855424474447e+002	  4.9667086197560343e+002	
  4.5900000000000000e+003	 -1.4164855424474447e+002	  4.9667086197560343e+002	
  4.6200000000000000e+003	 -1.4164855424474447e+002	  4.9667086197560343e+002	
  4.6500000000000000e+003	 -1.4164855424474447e+002	  4.9667086197560343e+002	
  4.6800000000000000e+003	 -1.4164855424474447e+002	  4.9667086197560343e+002	
  4.7100000000000000e+003	 -1.4164855424474447e+002	  4.9667086197560343e+002	
  4.7400000000000000e+003	 -1.4164855424474447e+002	  4.9667086197560343e+002	
  4.7700000000000000e+003	 -1.4164855424474447e+002	  4.9667086197560343e+002	
  4.8000000000000000e+003	 -1.4164855424474447e+002	  4.9667086197560343e+002	
  4.8300000000000000e+003	 -1.4164855424474447e+002	  4.9667086197560343e+002	
  4.8600000000000000e+003	 -1.4164855424474447e+002	  4.9667086197560343e+002	
  4.8900000000000000e+003	 -1.4164855424474447e+002	  4.9667086197560343e+002	
  4.9200000000000000e+003	 -1.4164855424474447e+002	  4.9667086197560343e+002	
  4.9500000000000000e+003	 -1.4164855424474447e+002	  4.9667086197560343e+002	
  4.9800000000000000e+003	 -1.4164855424474447e+002	  4.9667086197560343e+002	
  5.0100000000000000e+003	 -1.4164855424474447e+002	  4.9667086197560343e+002	
  5.0400000000000000e+003	 -1.4164855424474447e+002	  4.9667086197560343e+002	
  5.0700000000000000e+003	 -1.4632697571240126e+002	  5.1826624251500562e+002	
  5.1000000000000000e+003	 -1.5168797514539688e+002	  5.5021438010155020e+002	
  5.1300000000000000e+003	 -1.4616741386249265e+002	  5.4424500093574420e+002	
  5.1600000000000000e+003	 -1.3342765705579066e+002	  5.3046951055311513e+002	
  5.1900000000000000e+003	 -1.2068790024908864e+002	  5.1669402017048606e+002	
  5.2200000000000000e+003	 -1.1897015222623538e+002	  5.3618842545740381e+002	
  5.2500000000000000e+003	 -1.4014261855929158e+002	  4.1682309037915547e+002	
  5.2800000000000000e+003	 -1.3499744230161261e+002	  4.9916434874510634e+002	
  5.3100000000000000e+003	 -1.3950619455596069e+002	  5.1678585364014566e+002	
  5.3400000000000000e+003	 -1.4741225763225424e+002	  5.1591757643564051e+002	
  5.3700000000000000e+003	 -1.4885540633239435e+002	  5.2639251799076419e+002	
  5.4000000000000000e+003	 -1.5312222600693275e+002	  5.1949086866527693e+002	
  5.4300000000000000e+003	 -1.3561892087826342e+002	  4.8281241320315394e+002	
  5.4600000000000000e+003	 -1.1751205350377793e+002	  4.4486918341475086e+002	
  5.4900000000000000e+003	 -9.9405186129292446e+001	  4.0692595362634779e+002	
  5.5200000000000000e+003	 -9.1899515122827964e+001	  3.9759864367468197e+002	
  5.5500000000000000e+003	 -9.3699574370234899e+001	  4.0515813165563151e+002	
  5.5800000000000000e+003	 -9.7556844186106943e+001	  4.2135703447195203e+002	
  5.6100000000000000e+003	 -1.0141411400197896e+002	  4.3755593728827256e+002	
  5.6400000000000000e+003	 -1.0527138381785102e+002	  4.5375484010459314e+002	
  5.6700000000000000e+003	 -1.0912865363372302e+002	  4.6995374292091361e+002	
  5.7000000000000000e+003	 -1.1298592344959505e+002	  4.8615264573723408e+002	
  5.7300000000000000e+003	 -1.1684319326546708e+002	  5.0235154855355455e+002	
  5.7600000000000000e+003	 -1.2101390177943456e+002	  5.0303818680065751e+002	
  5.7900000000000000e+003	 -1.1991136093769697e+002	  4.5626274937816015e+002	
  5.8200000000000000e+003	 -1.2487733591153378e+002	  4.4945013633186937e+002	
  5.8500000000000000e+003	 -1.2675968044913898e+002	  4.4367277950478967e+002	
  5.8800000000000000e+003	 -1.1188878330835477e+002	  4.5659669851747492e+002	
  5.9100000000000000e+003	 -1.2111252245783639e+002	  4.5234438791620721e+002	
  5.9400000000000000e+003	 -1.1720432256704771e+002	  4.5038520133574622e+002	
  5.9700000000000000e+003	 -1.1835165773359249e+002	  4.3749468322194042e+002	
  6.0000000000000000e+003	 -1.1751807016141110e+002	  4.5854473443171253e+002	
  6.0300000000000000e+003	 -1.1299131073191715e+002	  4.6136107336587611e+002	
  6.0600000000000000e+003	 -1.1028423271827550e+002	  4.7356142268391130e+002	
  6.0900000000000000e+003	 -1.1202325141652673e+002	  4.6962079369204719e+002	
  6.1200000000000000e+003	 -1.0619681228363103e+002	  4.7102339378002154e+002	
  6.1500000000000000e+003	 -1.1893430449557786e+002	  4.7001041418715431e+002	
  6.1800000000000000e+003	 -1.1361877785276042e+002	  4.6847423154841891e+002	
  6.2100000000000000e+003	 -1.0555139025688933e+002	  4.8297884684134499e+002	
  6.2400000000000000e+003	 -1.0961195423388713e+002	  4.9425526768700422e+002	
  6.2700000000000000e+003	 -1.1422831485064430e+002	  4.8527198158692653e+002	
  6.3000000000000000e+003	 -1.3013006102881459e+002	  4.7009946334509766e+002	
  6.3300000000000000e+003	 -1.0327462315568428e+002	  4.5334624338610882e+002	
  6.3600000000000000e+003	 -8.5651743627692923e+001	  4.1510881259911673e+002	
  6.3900000000000000e+003	 -6.4586886911783623e+001	  3.8038899167275071e+002	
  6.4200000000000000e+003	 -3.8807012117084767e+001	  3.6233337521582081e+002	
  6.4500000000000000e+003	 -2.5173133051671517e+001	  3.6669700934850704e+002	
  6.4800000000000000e+003	 -3.5024327301867821e+001	  3.6010703338526923e+002	
  6.5100000000000000e+003	 -2.6374321381801376e+001	  3.5408477480116159e+002	
  6.5400000000000000e+003	 -3.0793365173152239e+001	  3.5372857071367633e+002	
  6.5700000000000000e+003	 -2.6221872806792668e+001	  3.5198089480646229e+002	
  6.6000000000000000e+003	 -2.3299671323183400e+001	  3.5234823581530782e+002	
  6.6300000000000000e+003	 -2.1157238171231491e+001	  3.5047811669587594e+002	
  6.6600000000000000e+003	 -2.3765989420109982e+001	  3.4554675282919396e+002	
  6.6900000000000000e+003	 -2.8167160899628549e+001	  3.3960242526344780e+002	
  6.7200000000000000e+003	 -2.1103579449525309e+001	  3.5693450938075273e+002	
  6.7500000000000000e+003	 -1.8970012439031755e+001	  3.5042245009084934e+002	
  6.7800000000000000e+003	 -1.9508065558696238e+001	  3.4543543141161615e+002	
  6.8100000000000000e+003	 -1.6388823597367555e+001	  3.4781763030698880e+002	
  6.8400000000000000e+003	 -1.1548164440802056e+001	  3.5508663767112665e+002	
  6.8700000000000000e+003	 -1.3762451013858660e+001	  3.4033710627502751e+002	
  6.9000000000000000e+003	 -3.7313748781386780e+000	  3.5960611582819621e+002	
  6.9300000000000000e+003	 -2.0350711268424725e+001	  3.2745772925144837e+002	
  6.9600000000000000e+003	 -1.3618846254930309e+001	  3.2967293728159837e+002	
  6.9900000000000000e+003	 -1.6056850818664095e+001	  3.2444104115465444e+002	
  7.0200000000000000e+003	 -2.7543520912818455e+000	  3.5824805090263078e+002	
  7.0500000000000000e+003	 -7.9139947488239792e-001	  3.7553559046451181e+002	
  7.0800000000000000e+003	  3.0532795140284064e+000	  3.8461905764265822e+002	
  7.1100000000000000e+003	  2.6673924041579982e+000	  3.7729438332938037e+002	
  7.1400000000000000e+003	  3.2128736272989280e+000	  3.7306435017518413e+002	
  7.1700000000000000e+003	 -3.9716268058431578e-002	  3.4467849071801857e+002	
  7.2000000000000000e+003	  3.8191835369274166e+001	  5.2318658787606068e+002	
  7.2300000000000000e+003	  2.4772917139471804e+001	  4.6699370749662023e+002	
  7.2600000000000000e+003	  2.7139424448440895e+001	  4.4613289804108973e+002	
  7.2900000000000000e+003	 -1.0597817087266238e+001	  3.6793262007894037e+002	
  7.3200000000000000e+003	 -5.8478326059148502e+000	  3.5819238581258378e+002	
  7.3500000000000000e+003	 -9.1395451072939746e+000	  3.5531512106445149e+002	
  7.3800000000000000e+003	 -1.3089600108948925e+001	  3.5186240336669283e+002	
  7.4100000000000000e+003	 -1.7039655110603874e+001	  3.4840968566893412e+002	
  7.4400000000000000e+003	 -2.0989710112258823e+001	  3.4495696797117540e+002	
  7.4700000000000000e+003	 -2.4939765113913772e+001	  3.4150425027341669e+002	
  7.5000000000000000e+003	 -2.8889820115568718e+001	  3.3805153257565803e+002	
  7.5300000000000000e+003	  8.9068542472963519e-001	  3.5565434892012678e+002	
  7.5600000000000000e+003	 -1.4649608504403432e+001	  3.3410335685997944e+002	
  7.5900000000000000e+003	 -6.6175992077568626e+000	  3.7384357210320741e+002	
  7.6200000000000000e+003	 -1.4739291614341031e+001	  3.5407364443073999e+002	
  7.6500000000000000e+003	  4.8934571821574659e-002	  3.7215154116656515e+002	
  7.6800000000000000e+003	 -2.2430145870345747e+001	  3.3007367237886785e+002	
  7.7100000000000000e+003	 -1.1036492416635606e+002	  1.5058598966390224e+002	
  7.7400000000000000e+003	  5.6349823332135189e+000	  4.4996219789709096e+002	
  7.7700000000000000e+003	  1.5031105210822988e+000	  4.2722011630743765e+002	
  7.8000000000000000e+003	 -6.0418657221617011e+001	  2.9599950822985124e+002	
  7.8300000000000000e+003	 -1.7688324245565024e+001	  3.3837793856596352e+002	
  7.8600000000000000e+003	 -4.9330707741926005e+000	  3.6754301411428747e+002	
  7.8900000000000000e+003	 -1.5447171428249211e+001	  3.4298646680443443e+002	
  7.9200000000000000e+003	 -9.8989659722703927e+000	  3.5429627641522399e+002	
  7.9500000000000000e+003	 -2.3511500072648750e+000	  3.9103092811874797e+002	
  7.9800000000000000e+003	  1.5128191475577490e+000	  3.7501238360920496e+002	
  8.0100000000000000e+003	 -1.7296242203936707e-001	  3.6569514937602111e+002	
  8.0400000000000000e+003	 -4.7934880199403179e-001	  3.9400309621986008e+002	
  8.0700000000000000e+003	  1.1353481490782371e+000	  4.0313108829836500e+002	
  8.1000000000000000e+003	 -2.3138252778845491e+001	  3.7109404050021658e+002	
  8.1300000000000000e+003	 -6.4022200617665547e+001	  3.9152071679731063e+002	
  8.1600000000000000e+003	 -8.6234436431483431e+001	  4.3220712562332238e+002	
  8.1900000000000000e+003	 -1.1437177673833659e+002	  4.6926458641850479e+002	
  8.2200000000000000e+003	 -1.4980558455288104e+002	  4.7556512936122289e+002	
  8.2500000000000000e+003	 -1.6015877657956767e+002	  5.2239623501028291e+002	
  8.2800000000000000e+003	 -1.7606948759678252e+002	  5.6150193056031583e+002	
  8.3100000000000000e+003	 -1.9821004343400404e+002	  6.1182839580818938e+002	
  8.3400000000000000e+003	 -2.0642085481406738e+002	  6.5306024750319523e+002	
  8.3700000000000000e+003	 -1.7969085561850358e+002	  6.7887468432877938e+002	
  8.4000000000000000e+003	 -1.4785148929793752e+002	  7.1095627544449030e+002	
  8.4300000000000000e+003	 -1.3641369564754854e+002	  7.3825121898253542e+002	
  8.4600000000000000e+003	 -1.3740868837571824e+002	  7.4420668858423039e+002	
  8.4900000000000000e+003	 -1.3870842190838283e+002	  7.5160927195573424e+002	
  8.5200000000000000e+003	 -1.4202500467764585e+002	  7.5283376393443746e+002	
  8.5500000000000000e+003	 -2.2718754935125347e+001	  7.4009908472138716e+002	
  8.5800000000000000e+003	  2.3408640745226339e+002	  8.4693010322800251e+002	
  8.6100000000000000e+003	  1.8097598304435246e+002	  1.0443621181599253e+003	
  8.6400000000000000e+003	 -1.8714871928510215e+002	  1.1842654422174310e+003	
  8.6700000000000000e+003	 -1.9375503479418856e+002	  1.1889741622580259e+003	
  8.7000000000000000e+003	 -2.1053523404280381e+002	  1.2004509491943274e+003	
  8.7300000000000000e+003	 -4.8674530467455440e+002	  1.4041835064569379e+003	
  8.7600000000000000e+003	 -7.7265418973714964e+002	  1.8483721310670403e+003	
  8.7900000000000000e+003	 -7.9985928321096219e+002	  2.1850284372614624e+003	
  8.8200000000000000e+003	 -3.5984499747992078e+002	  2.1334552221680669e+003	
  8.8500000000000000e+003	  1.6532524575069851e+002	  2.0201900736828989e+003	
  8.8800000000000000e+003	  6.8704438983513353e+002	  2.1540822826049598e+003	
  8.9100000000000000e+003	  1.1903519441889698e+003	  2.2043085584913274e+003	
  8.9400000000000000e+003	  1.2682024161207023e+003	  2.2034402846676248e+003	
  8.9700000000000000e+003	  1.2725767462620677e+003	  2.2055330461756253e+003	
  9.0000000000000000e+003	  1.2687940288837945e+003	  2.2016146830469834e+003	
  9.0300000000000000e+003	  1.2837814744378725e+003	  2.2064235836444218e+003	
  9.0600000000000000e+003	  1.3283314839229938e+003	  2.4320522119130501e+003	
  9.0900000000000000e+003	  1.3521930792519856e+003	  2.5307793482055067e+003	
  9.1200000000000000e+003	  1.3512249947327787e+003	  2.5299222053562385e+003	
  9.1500000000000000e+003	  1.3488406253078781e+003	  2.5558924851965467e+003	
  9.1800000000000000e+003	  1.3457301909019368e+003	  2.5757959819752318e+003	
  9.2100000000000000e+003	  1.3458915381746447e+003	  2.5744045216277555e+003	
  9.2400000000000000e+003	  1.3458915381746447e+003	  2.5744045216277555e+003	
  9.2700000000000000e+003	  1.3458915381746447e+003	  2.5744045216277555e+003	
  9.3000000000000000e+003	  1.3458915381746447e+003	  2.5744045216277555e+003	
  9.3300000000000000e+003	  1.3458915381746447e+003	  2.5744045216277555e+003	
  9.3600000000000000e+003	  1.3458915381746447e+003	  2.5744045216277555e+003	
  9.3900000000000000e+003	  1.3458915381746447e+003	  2.5744045216277555e+003	
  9.4200000000000000e+003	  1.3458915381746447e+003	  2.5744045216277555e+003	
  9.4500000000000000e+003	  1.3458915381746447e+003	  2.5744045216277555e+003	
  9.4800000000000000e+003	  1.3458915381746447e+003	  2.5744045216277555e+003	
  9.5100000000000000e+003	  1.3458915381746447e+003	  2.5744045216277555e+003	
  9.5400000000000000e+003	  1.3458915381746447e+003	  2.5744045216277555e+003	
  9.5700000000000000e+003	  1.3458915381746447e+003	  2.5744045216277555e+003	
  9.6000000000000000e+003	  1.3458915381746447e+003	  2.5744045216277555e+003	
  9.6300000000000000e+003	  1.3458915381746447e+003	  2.5744045216277555e+003	
  9.6600000000000000e+003	  1.3458915381746447e+003	  2.5744045216277555e+003	
  9.6900000000000000e+003	  1.3458915381746447e+003	  2.5744045216277555e+003	
  9.7200000000000000e+003	  1.3458915381746447e+003	  2.5744045216277555e+003	
  9.7500000000000000e+003	  1.3458915381746447e+003	  2.5744045216277555e+003	
  9.7800000000000000e+003	  1.3458915381746447e+003	  2.5744045216277555e+003	
  9.8100000000000000e+003	  1.3458915381746447e+003	  2.5744045216277555e+003	
  9.8400000000000000e+003	  1.3458915381746447e+003	  2.5744045216277555e+003	
  9.8700000000000000e+003	  1.3458915381746447e+003	  2.5744045216277555e+003	
  9.9000000000000000e+003	  1.3458915381746447e+003	  2.5744045216277555e+003	
  9.9300000000000000e+003	  1.3458915381746447e+003	  2.5744045216277555e+003	
  9.9600000000000000e+003	  1.3458915381746447e+003	  2.5744045216277555e+003	
  9.9900000000000000e+003	  1.3458915381746447e+003	  2.5744045216277555e+003	
  1.0020000000000000e+004	  1.3458915381746447e+003	  2.5744045216277555e+003	
  1.0050000000000000e+004	  1.3458915381746447e+003	  2.5744045216277555e+003	
  1.0080000000000000e+004	  1.3458915381746447e+003	  2.5744045216277555e+003	
  1.0110000000000000e+004	  1.3458915381746447e+003	  2.5744045216277555e+003	
  1.0140000000000000e+004	  1.3458915381746447e+003	  2.5744045216277555e+003	
  1.0170000000000000e+004	  1.3458915381746447e+003	  2.5744045216277555e+003	
  1.0200000000000000e+004	  1.3458915381746447e+003	  2.5744045216277555e+003	
  1.0230000000000000e+004	  1.3458915381746447e+003	  2.5744045216277555e+003	
  1.0260000000000000e+004	  1.3458915381746447e+003	  2.5744045216277555e+003	
  1.0290000000000000e+004	  1.3458915381746447e+003	  2.5744045216277555e+003	
  1.0320000000000000e+004	  1.3458915381746447e+003	  2.5744045216277555e+003	
  1.0350000000000000e+004	  1.3458915381746447e+003	  2.5744045216277555e+003	
  1.0380000000000000e+004	  1.3458915381746447e+003	  2.5744045216277555e+003	
  1.0410000000000000e+004	  1.3458915381746447e+003	  2.5744045216277555e+003	
  1.0440000000000000e+004	  1.3458915381746447e+003	  2.5744045216277555e+003	
  1.0470000000000000e+004	  1.3458915381746447e+003	  2.5744045216277555e+003	
  1.0500000000000000e+004	  1.3458915381746447e+003	  2.5744045216277555e+003	
  1.0530000000000000e+004	  1.3458915381746447e+003	  2.5744045216277555e+003	
  1.0560000000000000e+004	  1.3458915381746447e+003	  2.5744045216277555e+003	
  1.0590000000000000e+004	  1.3458915381746447e+003	  2.5744045216277555e+003	
  1.0620000000000000e+004	  1.3458915381746447e+003	  2.5744045216277555e+003	
  1.0650000000000000e+004	  1.3458915381746447e+003	  2.5744045216277555e+003	
  1.0680000000000000e+004	  1.3458915381746447e+003	  2.5744045216277555e+003	
  1.0710000000000000e+004	  1.3458915381746447e+003	  2.5744045216277555e+003	
  1.0740000000000000e+004	  1.3458915381746447e+003	  2.5744045216277555e+003	
  1.0770000000000000e+004	  1.3458915381746447e+003	  2.5744045216277555e+003	
  1.0800000000000000e+004	  1.3458915381746447e+003	  2.5744045216277555e+003	
  1.0830000000000000e+004	  1.3458915381746447e+003	  2.5744045216277555e+003	
  1.0860000000000000e+004	  1.3458915381746447e+003	  2.5744045216277555e+003	
  1.0890000000000000e+004	  1.3458915381746447e+003	  2.5744045216277555e+003	
  1.0920000000000000e+004	  1.3458915381746447e+003	  2.5744045216277555e+003	
  1.0950000000000000e+004	  1.3458915381746447e+003	  2.5744045216277555e+003	
  1.0980000000000000e+004	  1.3458915381746447e+003	  2.5744045216277555e+003	
  1.1010000000000000e+004	  1.3458915381746447e+003	  2.5744045216277555e+003	
  1.1040000000000000e+004	  1.3458915381746447e+003	  2.5744045216277555e+003	
  1.1070000000000000e+004	  1.3458915381746447e+003	  2.5744045216277555e+003	
  1.1100000000000000e+004	  1.3458915381746447e+003	  2.5744045216277555e+003	
  1.1130000000000000e+004	  1.3458915381746447e+003	  2.5744045216277555e+003	
  1.1160000000000000e+004	  1.3458915381746447e+003	  2.5744045216277555e+003	
  1.1190000000000000e+004	  1.3458915381746447e+003	  2.5744045216277555e+003	
  1.1220000000000000e+004	  1.3458915381746447e+003	  2.5744045216277555e+003	
  1.1250000000000000e+004	  1.3458915381746447e+003	  2.5744045216277555e+003	
  1.1280000000000000e+004	  1.3458915381746447e+003	  2.5744045216277555e+003	
  1.1310000000000000e+004	  1.3458915381746447e+003	  2.5744045216277555e+003	
  1.1340000000000000e+004	  1.3458915381746447e+003	  2.5744045216277555e+003	
  1.1370000000000000e+004	  1.3458915381746447e+003	  2.5744045216277555e+003	
  1.1400000000000000e+004	  1.3458915381746447e+003	  2.5744045216277555e+003	
  1.1430000000000000e+004	  1.3458915381746447e+003	  2.5744045216277555e+003	
  1.1460000000000000e+004	  1.3458915381746447e+003	  2.5744045216277555e+003	
  1.1490000000000000e+004	  1.3458915381746447e+003	  2.5744045216277555e+003	
  1.1520000000000000e+004	  1.3458915381746447e+003	  2.5744045216277555e+003	
  1.1550000000000000e+004	  1.3458915381746447e+003	  2.5744045216277555e+003	
  1.1580000000000000e+004	  1.3458915381746447e+003	  2.5744045216277555e+003	
  1.1610000000000000e+004	  1.3458915381746447e+003	  2.5744045216277555e+003	
  1.1640000000000000e+004	  1.3458915381746447e+003	  2.5744045216277555e+003	
  1.1670000000000000e+004	  1.3458915381746447e+003	  2.5744045216277555e+003	
  1.1700000000000000e+004	  1.3458915381746447e+003	  2.5744045216277555e+003	
  1.1730000000000000e+004	  1.3458915381746447e+003	  2.5744045216277555e+003	
  1.1760000000000000e+004	  1.3458915381746447e+003	  2.5744045216277555e+003	
  1.1790000000000000e+004	  1.3458915381746447e+003	  2.5744045216277555e+003	
  1.1820000000000000e+004	  1.3458915381746447e+003	  2.5744045216277555e+003	
  1.1850000000000000e+004	  1.3458915381746447e+003	  2.5744045216277555e+003	
  1.1880000000000000e+004	  1.3458915381746447e+003	  2.5744045216277555e+003	
  1.1910000000000000e+004	  1.3458915381746447e+003	  2.5744045216277555e+003	
  1.1940000000000000e+004	  1.3458915381746447e+003	  2.5744045216277555e+003	
  1.1970000000000000e+004	  1.3458915381746447e+003	  2.5744045216277555e+003	
  1.2000000000000000e+004	  1.3458915381746447e+003	  2.5744045216277555e+003	
  1.2030000000000000e+004	  1.3458915381746447e+003	  2.5744045216277555e+003	
  1.2060000000000000e+004	  1.3458915381746447e+003	  2.5744045216277555e+003	
  1.2090000000000000e+004	  1.3458915381746447e+003	  2.5744045216277555e+003	
  1.2120000000000000e+004	  1.3458915381746447e+003	  2.5744045216277555e+003	
  1.2150000000000000e+004	  1.3458915381746447e+003	  2.5744045216277555e+003	
  1.2180000000000000e+004	  1.3458915381746447e+003	  2.5744045216277555e+003	
  1.2210000000000000e+004	  1.3458915381746447e+003	  2.5744045216277555e+003	
  1.2240000000000000e+004	  1.3458915381746447e+003	  2.5744045216277555e+003	
  1.2270000000000000e+004	  1.3458915381746447e+003	  2.5744045216277555e+003	
  1.2300000000000000e+004	  1.3458915381746447e+003	  2.5744045216277555e+003	
  1.2330000000000000e+004	  1.3458915381746447e+003	  2.5744045216277555e+003	
  1.2360000000000000e+004	  1.3458915381746447e+003	  2.5744045216277555e+003	
  1.2390000000000000e+004	  1.3458915381746447e+003	  2.5744045216277555e+003	
  1.2420000000000000e+004	  1.3458915381746447e+003	  2.5744045216277555e+003	
  1.2450000000000000e+004	  1.3458915381746447e+003	  2.5744045216277555e+003	
  1.2480000000000000e+004	  1.3458915381746447e+003	  2.5744045216277555e+003	
  1.2510000000000000e+004	  1.3458915381746447e+003	  2.5744045216277555e+003	
  1.2540000000000000e+004	  1.3458915381746447e+003	  2.5744045216277555e+003	
  1.2570000000000000e+004	  1.3458915381746447e+003	  2.5744045216277555e+003	
  1.2600000000000000e+004	  1.3458915381746447e+003	  2.5744045216277555e+003	
  1.2630000000000000e+004	  1.3458915381746447e+003	  2.5744045216277555e+003	
  1.2660000000000000e+004	  1.3458915381746447e+003	  2.5744045216277555e+003	
  1.2690000000000000e+004	  1.3458915381746447e+003	  2.5744045216277555e+003	
  1.2720000000000000e+004	  1.3458915381746447e+003	  2.5744045216277555e+003	
  1.2750000000000000e+004	  1.3458915381746447e+003	  2.5744045216277555e+003	
  1.2780000000000000e+004	  1.3458915381746447e+003	  2.5744045216277555e+003	
  1.2810000000000000e+004	  1.3458915381746447e+003	  2.5744045216277555e+003	
  1.2840000000000000e+004	  1.3458915381746447e+003	  2.5744045216277555e+003	
  1.2870000000000000e+004	  1.3458915381746447e+003	  2.5744045216277555e+003	
  1.2900000000000000e+004	  1.3458915381746447e+003	  2.5744045216277555e+003	
  1.2930000000000000e+004	  1.3458915381746447e+003	  2.5744045216277555e+003	
  1.2960000000000000e+004	  1.3458915381746447e+003	  2.5744045216277555e+003	
  1.2990000000000000e+004	  1.3458915381746447e+003	  2.5744045216277555e+003	
  1.3020000000000000e+004	  1.3458915381746447e+003	  2.5744045216277555e+003	
  1.3050000000000000e+004	  1.3458915381746447e+003	  2.5744045216277555e+003	
  1.3080000000000000e+004	  1.3458915381746447e+003	  2.5744045216277555e+003	
  1.3110000000000000e+004	  1.3458915381746447e+003	  2.5744045216277555e+003	
  1.3140000000000000e+004	  1.3458915381746447e+003	  2.5744045216277555e+003	
  1.3170000000000000e+004	  1.3458915381746447e+003	  2.5744045216277555e+003	
  1.3200000000000000e+004	  1.3458915381746447e+003	  2.5744045216277555e+003	
  1.3230000000000000e+004	  1.3458915381746447e+003	  2.5744045216277555e+003	
  1.3260000000000000e+004	  1.3458915381746447e+003	  2.5744045216277555e+003	
  1.3290000000000000e+004	  1.3458915381746447e+003	  2.5744045216277555e+003	
  1.3320000000000000e+004	  1.3458915381746447e+003	  2.5744045216277555e+003	
  1.3350000000000000e+004	  1.3458915381746447e+003	  2.5744045216277555e+003	
  1.3380000000000000e+004	  1.3458915381746447e+003	  2.5744045216277555e+003	
  1.3410000000000000e+004	  1.3458915381746447e+003	  2.5744045216277555e+003	
  1.3440000000000000e+004	  1.3458915381746447e+003	  2.5744045216277555e+003	
  1.3470000000000000e+004	  1.3458915381746447e+003	  2.5744045216277555e+003	
  1.3500000000000000e+004	  1.3458915381746447e+003	  2.5744045216277555e+003	
  1.3530000000000000e+004	  1.3458915381746447e+003	  2.5744045216277555e+003	
  1.3560000000000000e+004	  1.3458915381746447e+003	  2.5744045216277555e+003	
  1.3590000000000000e+004	  1.3458915381746447e+003	  2.5744045216277555e+003	
  1.3620000000000000e+004	  1.3458915381746447e+003	  2.5744045216277555e+003	
  1.3650000000000000e+004	  1.3458915381746447e+003	  2.5744045216277555e+003	
  1.3680000000000000e+004	  1.3458915381746447e+003	  2.5744045216277555e+003	
  1.3710000000000000e+004	  1.3458915381746447e+003	  2.5744045216277555e+003	
  1.3740000000000000e+004	  1.3458915381746447e+003	  2.5744045216277555e+003	
  1.3770000000000000e+004	  1.3458915381746447e+003	  2.5744045216277555e+003	
  1.3800000000000000e+004	  1.3458915381746447e+003	  2.5744045216277555e+003	
  1.3830000000000000e+004	  1.3679424601462024e+003	  2.5443655421686080e+003	
  1.3860000000000000e+004	  1.3401099000183849e+003	  2.5486457439845899e+003	
  1.3890000000000000e+004	  1.2982669522356202e+003	  2.5424787758047796e+003	
  1.3920000000000000e+004	  1.3105025206836981e+003	  2.4925530560551765e+003	
  1.3950000000000000e+004	  1.3216265745224057e+003	  2.4610057892747927e+003	
  1.3980000000000000e+004	  1.3141687050510689e+003	  2.4644120920602300e+003	
  1.4010000000000000e+004	  1.3112196197556163e+003	  2.4598369586924046e+003	
  1.4040000000000000e+004	  1.3140611442135116e+003	  2.4630651576350801e+003	
  1.4070000000000000e+004	  1.3053035247163073e+003	  2.4740632854530359e+003	
  1.4100000000000000e+004	  1.3088083612923115e+003	  2.4728276650992325e+003	
  1.4130000000000000e+004	  1.3090593483403779e+003	  2.4776810905765751e+003	
  1.4160000000000000e+004	  1.3104845926816513e+003	  2.4827905459342146e+003	
  1.4190000000000000e+004	  1.3067377303766957e+003	  2.4849389659535909e+003	
  1.4220000000000000e+004	  1.3053214522859137e+003	  2.4815215304244143e+003	
  1.4250000000000000e+004	  1.3099736587385298e+003	  2.3600857077878436e+003	
  1.4280000000000000e+004	  1.1300256720195659e+003	  2.2316035098576967e+003	
  1.4310000000000000e+004	  6.1802325136003742e+002	  2.1573104790045045e+003	
  1.4340000000000000e+004	  6.5647939654426040e+001	  2.0541529236338624e+003	
  1.4370000000000000e+004	 -4.7953842295630409e+002	  2.1819449524404022e+003	
  1.4400000000000000e+004	 -8.5503137718889616e+002	  2.1631100992411093e+003	
  1.4430000000000000e+004	 -7.3739066029920343e+002	  1.7198676732915687e+003	
  1.4460000000000000e+004	 -3.9761839831001652e+002	  1.3374266419213986e+003	
  1.4490000000000000e+004	  9.2969559533067596e+001	  1.0869520343951565e+003	
  1.4520000000000000e+004	  2.4469953618137430e+002	  8.5862953535280633e+002	
  1.4550000000000000e+004	 -2.3332951060838183e+000	  7.6036993182429342e+002	
  1.4580000000000000e+004	 -1.2631150572770457e+002	  7.4933840533717012e+002	
  1.4610000000000000e+004	 -1.4440041742414957e+002	  7.3928647609839607e+002	
  1.4640000000000000e+004	 -1.6197840722874730e+002	  7.0944235606994448e+002	
  1.4670000000000000e+004	 -1.8429824199515164e+002	  6.7555742679583284e+002	
  1.4700000000000000e+004	 -2.1701605506595700e+002	  6.5339419790638783e+002	
  1.4730000000000000e+004	 -2.0486117901349547e+002	  6.1182839128996386e+002	
  1.4760000000000000e+004	 -1.7914408034372281e+002	  5.9800281271187430e+002	
  1.4790000000000000e+004	 -1.5440400134075261e+002	  5.6085629009884815e+002	
  1.4820000000000000e+004	 -1.3681706636314146e+002	  5.3018842221274610e+002	
  1.4850000000000000e+004	 -1.3528426408654803e+002	  5.2828489802000638e+002	
  1.4880000000000000e+004	 -1.3528426408654803e+002	  5.2828489802000638e+002	
  1.4910000000000000e+004	 -1.3528426408654803e+002	  5.2828489802000638e+002	
  1.4940000000000000e+004	 -1.3528426408654803e+002	  5.2828489802000638e+002	
  1.4970000000000000e+004	 -1.3528426408654803e+002	  5.2828489802000638e+002	
  1.5000000000000000e+004	 -1.3528426408654803e+002	  5.2828489802000638e+002	
  1.5030000000000000e+004	 -1.3528426408654803e+002	  5.2828489802000638e+002	
  1.5060000000000000e+004	 -1.3528426408654803e+002	  5.2828489802000638e+002	
  1.5090000000000000e+004	 -1.3528426408654803e+002	  5.2828489802000638e+002	
  1.5120000000000000e+004	 -1.3528426408654803e+002	  5.2828489802000638e+002	
  1.5150000000000000e+004	 -1.3528426408654803e+002	  5.2828489802000638e+002	
  1.5180000000000000e+004	 -1.3528426408654803e+002	  5.2828489802000638e+002	
  1.5210000000000000e+004	 -1.3528426408654803e+002	  5.2828489802000638e+002	
  1.5240000000000000e+004	 -1.3528426408654803e+002	  5.2828489802000638e+002	
  1.5270000000000000e+004	 -1.3528426408654803e+002	  5.2828489802000638e+002	
  1.5300000000000000e+004	 -1.3528426408654803e+002	  5.2828489802000638e+002	
  1.5330000000000000e+004	 -1.3528426408654803e+002	  5.2828489802000638e+002	
  1.5360000000000000e+004	 -1.3528426408654803e+002	  5.2828489802000638e+002	
  1.5390000000000000e+004	 -1.3528426408654803e+002	  5.2828489802000638e+002	
  1.5420000000000000e+004	 -1.3528426408654803e+002	  5.2828489802000638e+002	
  1.5450000000000000e+004	 -1.3528426408654803e+002	  5.2828489802000638e+002	
  1.5480000000000000e+004	 -1.3528426408654803e+002	  5.2828489802000638e+002	
  1.5510000000000000e+004	 -1.3528426408654803e+002	  5.2828489802000638e+002	
  1.5540000000000000e+004	 -1.3528426408654803e+002	  5.2828489802000638e+002	
  1.5570000000000000e+004	 -1.3528426408654803e+002	  5.2828489802000638e+002	
  1.5600000000000000e+004	 -1.3528426408654803e+002	  5.2828489802000638e+002	
  1.5630000000000000e+004	 -1.3528426408654803e+002	  5.2828489802000638e+002	
  1.5660000000000000e+004	 -1.3528426408654803e+002	  5.2828489802000638e+002	
  1.5690000000000000e+004	 -1.3528426408654803e+002	  5.2828489802000638e+002	
  1.5720000000000000e+004	 -1.3528426408654803e+002	  5.2828489802000638e+002	
  1.5750000000000000e+004	 -1.3528426408654803e+002	  5.2828489802000638e+002	
  1.5780000000000000e+004	 -1.3528426408654803e+002	  5.2828489802000638e+002	
  1.5810000000000000e+004	 -1.3528426408654803e+002	  5.2828489802000638e+002	
  1.5840000000000000e+004	 -1.3528426408654803e+002	  5.2828489802000638e+002	
  1.5870000000000000e+004	 -1.3528426408654803e+002	  5.2828489802000638e+002	
  1.5900000000000000e+004	 -1.3528426408654803e+002	  5.2828489802000638e+002	
  1.5930000000000000e+004	 -1.3528426408654803e+002	  5.2828489802000638e+002	
  1.5960000000000000e+004	 -1.3528426408654803e+002	  5.2828489802000638e+002	
  1.5990000000000000e+004	 -1.3528426408654803e+002	  5.2828489802000638e+002	
  1.6020000000000000e+004	 -1.3528426408654803e+002	  5.2828489802000638e+002	
  1.6050000000000000e+004	 -1.3528426408654803e+002	  5.2828489802000638e+002	
  1.6080000000000000e+004	 -1.3528426408654803e+002	  5.2828489802000638e+002	
  1.6110000000000000e+004	 -1.3528426408654803e+002	  5.2828489802000638e+002	
  1.6140000000000000e+004	 -1.3528426408654803e+002	  5.2828489802000638e+002	
  1.6170000000000000e+004	 -1.3528426408654803e+002	  5.2828489802000638e+002	
  1.6200000000000000e+004	 -1.3528426408654803e+002	  5.2828489802000638e+002	
  1.6230000000000000e+004	 -1.3528426408654803e+002	  5.2828489802000638e+002	
  1.6260000000000000e+004	 -1.3528426408654803e+002	  5.2828489802000638e+002	
  1.6290000000000000e+004	 -1.3528426408654803e+002	  5.2828489802000638e+002	
  1.6320000000000000e+004	 -1.3528426408654803e+002	  5.2828489802000638e+002	
  1.6350000000000000e+004	 -1.3528426408654803e+002	  5.2828489802000638e+002	
  1.6380000000000000e+004	 -1.3528426408654803e+002	  5.2828489802000638e+002	
  1.6410000000000000e+004	 -1.3528426408654803e+002	  5.2828489802000638e+002	
  1.6440000000000000e+004	 -1.3528426408654803e+002	  5.2828489802000638e+002	
  1.6470000000000000e+004	 -1.3528426408654803e+002	  5.2828489802000638e+002	
  1.6500000000000000e+004	 -1.3528426408654803e+002	  5.2828489802000638e+002	
  1.6530000000000000e+004	 -1.3528426408654803e+002	  5.2828489802000638e+002	
  1.6560000000000000e+004	 -1.3528426408654803e+002	  5.2828489802000638e+002	
  1.6590000000000000e+004	 -1.3528426408654803e+002	  5.2828489802000638e+002	
  1.6620000000000000e+004	 -1.3528426408654803e+002	  5.2828489802000638e+002	
  1.6650000000000000e+004	 -1.3528426408654803e+002	  5.2828489802000638e+002	
  1.6680000000000000e+004	 -1.3528426408654803e+002	  5.2828489802000638e+002	
  1.6710000000000000e+004	 -1.3528426408654803e+002	  5.2828489802000638e+002	
  1.6740000000000000e+004	 -1.3528426408654803e+002	  5.2828489802000638e+002	
  1.6770000000000000e+004	 -1.3528426408654803e+002	  5.2828489802000638e+002	
  1.6800000000000000e+004	 -1.3528426408654803e+002	  5.2828489802000638e+002	
  1.6830000000000000e+004	 -1.3528426408654803e+002	  5.2828489802000638e+002	
  1.6860000000000000e+004	 -1.3528426408654803e+002	  5.2828489802000638e+002	
  1.6890000000000000e+004	 -1.3528426408654803e+002	  5.2828489802000638e+002	
  1.6920000000000000e+004	 -1.3528426408654803e+002	  5.2828489802000638e+002	
  1.6950000000000000e+004	 -1.3528426408654803e+002	  5.2828489802000638e+002	
  1.6980000000000000e+004	 -1.3528426408654803e+002	  5.2828489802000638e+002	
  1.7010000000000000e+004	 -1.3528426408654803e+002	  5.2828489802000638e+002	
  1.7040000000000000e+004	 -1.3528426408654803e+002	  5.2828489802000638e+002	
  1.7070000000000000e+004	 -1.3528426408654803e+002	  5.2828489802000638e+002	
  1.7100000000000000e+004	 -1.3528426408654803e+002	  5.2828489802000638e+002	
  1.7130000000000000e+004	 -1.3528426408654803e+002	  5.2828489802000638e+002	
  1.7160000000000000e+004	 -1.3528426408654803e+002	  5.2828489802000638e+002	
  1.7190000000000000e+004	 -1.3528426408654803e+002	  5.2828489802000638e+002	
  1.7220000000000000e+004	 -1.3528426408654803e+002	  5.2828489802000638e+002	
  1.7250000000000000e+004	 -1.3528426408654803e+002	  5.2828489802000638e+002	
  1.7280000000000000e+004	 -1.3528426408654803e+002	  5.2828489802000638e+002	
  1.7310000000000000e+004	 -1.3528426408654803e+002	  5.2828489802000638e+002	
  1.7340000000000000e+004	 -1.3528426408654803e+002	  5.2828489802000638e+002	
  1.7370000000000000e+004	 -1.3528426408654803e+002	  5.2828489802000638e+002	
  1.7400000000000000e+004	 -1.3528426408654803e+002	  5.2828489802000638e+002	
  1.7430000000000000e+004	 -1.3528426408654803e+002	  5.2828489802000638e+002	
  1.7460000000000000e+004	 -1.3528426408654803e+002	  5.2828489802000638e+002	
  1.7490000000000000e+004	 -1.3528426408654803e+002	  5.2828489802000638e+002	
  1.7520000000000000e+004	 -1.3528426408654803e+002	  5.2828489802000638e+002	
  1.7550000000000000e+004	 -1.3528426408654803e+002	  5.2828489802000638e+002	
  1.7580000000000000e+004	 -1.3528426408654803e+002	  5.2828489802000638e+002	
  1.7610000000000000e+004	 -1.3528426408654803e+002	  5.2828489802000638e+002	
  1.7640000000000000e+004	 -1.3528426408654803e+002	  5.2828489802000638e+002	
  1.7670000000000000e+004	 -1.3528426408654803e+002	  5.2828489802000638e+002	
  1.7700000000000000e+004	 -1.3528426408654803e+002	  5.2828489802000638e+002	
  1.7730000000000000e+004	 -1.3528426408654803e+002	  5.2828489802000638e+002	
  1.7760000000000000e+004	 -1.3528426408654803e+002	  5.2828489802000638e+002	
  1.7790000000000000e+004	 -1.3528426408654803e+002	  5.2828489802000638e+002	
  1.7820000000000000e+004	 -1.3528426408654803e+002	  5.2828489802000638e+002	
  1.7850000000000000e+004	 -1.3528426408654803e+002	  5.2828489802000638e+002	
  1.7880000000000000e+004	 -1.3528426408654803e+002	  5.2828489802000638e+002	
  1.7910000000000000e+004	 -1.3528426408654803e+002	  5.2828489802000638e+002	
  1.7940000000000000e+004	 -1.3528426408654803e+002	  5.2828489802000638e+002	
  1.7970000000000000e+004	 -1.3528426408654803e+002	  5.2828489802000638e+002	
  1.8000000000000000e+004	 -1.3528426408654803e+002	  5.2828489802000638e+002	
  1.8030000000000000e+004	 -1.3528426408654803e+002	  5.2828489802000638e+002	
  1.8060000000000000e+004	 -1.3528426408654803e+002	  5.2828489802000638e+002	
  1.8090000000000000e+004	 -1.3528426408654803e+002	  5.2828489802000638e+002	
  1.8120000000000000e+004	 -1.3528426408654803e+002	  5.2828489802000638e+002	
  1.8150000000000000e+004	 -1.3528426408654803e+002	  5.2828489802000638e+002	
  1.8180000000000000e+004	 -1.3528426408654803e+002	  5.2828489802000638e+002	
  1.8210000000000000e+004	 -1.3528426408654803e+002	  5.2828489802000638e+002	
  1.8240000000000000e+004	 -1.3528426408654803e+002	  5.2828489802000638e+002	
  1.8270000000000000e+004	 -1.3528426408654803e+002	  5.2828489802000638e+002	
  1.8300000000000000e+004	 -1.3528426408654803e+002	  5.2828489802000638e+002	
  1.8330000000000000e+004	 -1.3528426408654803e+002	  5.2828489802000638e+002	
  1.8360000000000000e+004	 -1.3528426408654803e+002	  5.2828489802000638e+002	
  1.8390000000000000e+004	 -1.3528426408654803e+002	  5.2828489802000638e+002	
  1.8420000000000000e+004	 -1.3528426408654803e+002	  5.2828489802000638e+002	
  1.8450000000000000e+004	 -1.3528426408654803e+002	  5.2828489802000638e+002	
  1.8480000000000000e+004	 -1.3528426408654803e+002	  5.2828489802000638e+002	
  1.8510000000000000e+004	 -1.3528426408654803e+002	  5.2828489802000638e+002	
  1.8540000000000000e+004	 -1.3528426408654803e+002	  5.2828489802000638e+002	
  1.8570000000000000e+004	 -1.3528426408654803e+002	  5.2828489802000638e+002	
  1.8600000000000000e+004	 -1.3528426408654803e+002	  5.2828489802000638e+002	
  1.8630000000000000e+004	 -1.3528426408654803e+002	  5.2828489802000638e+002	
  1.8660000000000000e+004	 -1.3528426408654803e+002	  5.2828489802000638e+002	
  1.8690000000000000e+004	 -1.3528426408654803e+002	  5.2828489802000638e+002	
  1.8720000000000000e+004	 -1.3528426408654803e+002	  5.2828489802000638e+002	
  1.8750000000000000e+004	 -1.3528426408654803e+002	  5.2828489802000638e+002	
  1.8780000000000000e+004	 -1.3528426408654803e+002	  5.2828489802000638e+002	
  1.8810000000000000e+004	 -1.3528426408654803e+002	  5.2828489802000638e+002	
  1.8840000000000000e+004	 -1.3528426408654803e+002	  5.2828489802000638e+002	
  1.8870000000000000e+004	 -1.3528426408654803e+002	  5.2828489802000638e+002	
  1.8900000000000000e+004	 -1.3528426408654803e+002	  5.2828489802000638e+002	
  1.8930000000000000e+004	 -1.3528426408654803e+002	  5.2828489802000638e+002	
  1.8960000000000000e+004	 -1.3528426408654803e+002	  5.2828489802000638e+002	
  1.8990000000000000e+004	 -1.3528426408654803e+002	  5.2828489802000638e+002	
  1.9020000000000000e+004	 -1.3528426408654803e+002	  5.2828489802000638e+002	
  1.9050000000000000e+004	 -1.3528426408654803e+002	  5.2828489802000638e+002	
  1.9080000000000000e+004	 -1.3528426408654803e+002	  5.2828489802000638e+002	
  1.9110000000000000e+004	 -1.3528426408654803e+002	  5.2828489802000638e+002	
  1.9140000000000000e+004	 -1.3528426408654803e+002	  5.2828489802000638e+002	
  1.9170000000000000e+004	 -1.3528426408654803e+002	  5.2828489802000638e+002	
  1.9200000000000000e+004	 -1.3528426408654803e+002	  5.2828489802000638e+002	
  1.9230000000000000e+004	 -1.3528426408654803e+002	  5.2828489802000638e+002	
  1.9260000000000000e+004	 -1.3528426408654803e+002	  5.2828489802000638e+002	
  1.9290000000000000e+004	 -1.3528426408654803e+002	  5.2828489802000638e+002	
  1.9320000000000000e+004	 -1.3528426408654803e+002	  5.2828489802000638e+002	
  1.9350000000000000e+004	 -1.3528426408654803e+002	  5.2828489802000638e+002	
  1.9380000000000000e+004	 -1.3528426408654803e+002	  5.2828489802000638e+002	
  1.9410000000000000e+004	 -1.3528426408654803e+002	  5.2828489802000638e+002	
  1.9440000000000000e+004	 -1.3528426408654803e+002	  5.2828489802000638e+002	
  1.9470000000000000e+004	 -1.3528426408654803e+002	  5.2828489802000638e+002	
  1.9500000000000000e+004	 -1.3528426408654803e+002	  5.2828489802000638e+002	
  1.9530000000000000e+004	 -1.3528426408654803e+002	  5.2828489802000638e+002	
  1.9560000000000000e+004	 -1.3528426408654803e+002	  5.2828489802000638e+002	
  1.9590000000000000e+004	 -1.3528426408654803e+002	  5.2828489802000638e+002	
  1.9620000000000000e+004	 -1.3528426408654803e+002	  5.2828489802000638e+002	
  1.9650000000000000e+004	 -1.3528426408654803e+002	  5.2828489802000638e+002	
  1.9680000000000000e+004	 -1.3528426408654803e+002	  5.2828489802000638e+002	
  1.9710000000000000e+004	 -1.3528426408654803e+002	  5.2828489802000638e+002	
  1.9740000000000000e+004	 -1.3528426408654803e+002	  5.2828489802000638e+002	
  1.9770000000000000e+004	 -1.3528426408654803e+002	  5.2828489802000638e+002	
  1.9800000000000000e+004	 -1.3528426408654803e+002	  5.2828489802000638e+002	
  1.9830000000000000e+004	 -1.3528426408654803e+002	  5.2828489802000638e+002	
  1.9860000000000000e+004	 -1.3528426408654803e+002	  5.2828489802000638e+002	
  1.9890000000000000e+004	 -1.3528426408654803e+002	  5.2828489802000638e+002	
  1.9920000000000000e+004	 -1.3528426408654803e+002	  5.2828489802000638e+002	
  1.9950000000000000e+004	 -1.3528426408654803e+002	  5.2828489802000638e+002	
  1.9980000000000000e+004	 -1.3528426408654803e+002	  5.2828489802000638e+002	
  2.0010000000000000e+004	 -1.3528426408654803e+002	  5.2828489802000638e+002	
  2.0040000000000000e+004	 -1.3528426408654803e+002	  5.2828489802000638e+002	
  2.0070000000000000e+004	 -1.3528426408654803e+002	  5.2828489802000638e+002	
  2.0100000000000000e+004	 -1.3528426408654803e+002	  5.2828489802000638e+002	
  2.0130000000000000e+004	 -1.3528426408654803e+002	  5.2828489802000638e+002	
  2.0160000000000000e+004	 -1.3528426408654803e+002	  5.2828489802000638e+002	
  2.0190000000000000e+004	 -1.3528426408654803e+002	  5.2828489802000638e+002	
  2.0220000000000000e+004	 -1.3528426408654803e+002	  5.2828489802000638e+002	
  2.0250000000000000e+004	 -1.3528426408654803e+002	  5.2828489802000638e+002	
  2.0280000000000000e+004	 -1.3528426408654803e+002	  5.2828489802000638e+002	
  2.0310000000000000e+004	 -1.3528426408654803e+002	  5.2828489802000638e+002	
  2.0340000000000000e+004	 -1.3528426408654803e+002	  5.2828489802000638e+002	
  2.0370000000000000e+004	 -1.3528426408654803e+002	  5.2828489802000638e+002	
  2.0400000000000000e+004	 -1.3528426408654803e+002	  5.2828489802000638e+002	
  2.0430000000000000e+004	 -1.3528426408654803e+002	  5.2828489802000638e+002	
  2.0460000000000000e+004	 -1.3528426408654803e+002	  5.2828489802000638e+002	
  2.0490000000000000e+004	 -1.3528426408654803e+002	  5.2828489802000638e+002	
  2.0520000000000000e+004	 -1.3528426408654803e+002	  5.2828489802000638e+002	
  2.0550000000000000e+004	 -1.3528426408654803e+002	  5.2828489802000638e+002	
  2.0580000000000000e+004	 -1.3528426408654803e+002	  5.2828489802000638e+002	
  2.0610000000000000e+004	 -1.3528426408654803e+002	  5.2828489802000638e+002	
  2.0640000000000000e+004	 -1.3528426408654803e+002	  5.2828489802000638e+002	
  2.0670000000000000e+004	 -1.3528426408654803e+002	  5.2828489802000638e+002	
  2.0700000000000000e+004	 -1.3528426408654803e+002	  5.2828489802000638e+002	
  2.0730000000000000e+004	 -1.3528426408654803e+002	  5.2828489802000638e+002	
  2.0760000000000000e+004	 -1.3528426408654803e+002	  5.2828489802000638e+002	
  2.0790000000000000e+004	 -1.7711826379789221e+002	  5.8682656534133264e+002	
  2.0820000000000000e+004	 -2.0158936870091122e+002	  6.1354267314630636e+002	
  2.0850000000000000e+004	 -2.3960478824550864e+002	  6.6526059596777645e+002	
  2.0880000000000000e+004	 -2.4904367016946927e+002	  6.7602496320555099e+002	
  2.0910000000000000e+004	 -2.3897734705410681e+002	  6.8965018013240092e+002	
  2.0940000000000000e+004	 -2.3684392657857916e+002	  7.2497108977902974e+002	
  2.0970000000000000e+004	 -2.3809888771498080e+002	  7.6516769310786412e+002	
  2.1000000000000000e+004	 -2.4996693708228523e+002	  8.0180214903318210e+002	
  2.1030000000000000e+004	 -2.6231902956367509e+002	  8.3422882236931400e+002	
  2.1060000000000000e+004	 -2.9570015020954418e+002	  8.5974270773515275e+002	
  2.1090000000000000e+004	 -3.1880878674534796e+002	  8.8354229768489768e+002	
  2.1120000000000000e+004	 -3.3460297872691621e+002	  9.0652928654139464e+002	
  2.1150000000000000e+004	 -3.5158936805386219e+002	  9.0759793013338390e+002	
  2.1180000000000000e+004	 -3.5920792227820471e+002	  9.2559934690532623e+002	
  2.1210000000000000e+004	 -3.6752431883548127e+002	  9.3966859162768230e+002	
  2.1240000000000000e+004	 -3.7584071539275777e+002	  9.5373783635003849e+002	
  2.1270000000000000e+004	 -3.8415711195003422e+002	  9.6780708107239457e+002	
  2.1300000000000000e+004	 -3.7251980959898310e+002	  9.7785014723640086e+002	
  2.1330000000000000e+004	 -3.1859367583983146e+002	  9.7203939655914587e+002	
  2.1360000000000000e+004	 -2.7938607782611081e+002	  9.8653288440514075e+002	
  2.1390000000000000e+004	 -2.4082387139123293e+002	  1.0094308103596006e+003	
  2.1420000000000000e+004	 -2.2208955742259059e+002	  1.0398203797090468e+003	
  2.1450000000000000e+004	 -2.1055316152252817e+002	  1.0531005100264861e+003	
  2.1480000000000000e+004	 -2.1237279965481065e+002	  1.0470225928710236e+003	
  2.1510000000000000e+004	 -2.1235590212733266e+002	  1.0428673632741143e+003	
  2.1540000000000000e+004	 -2.1233386187410042e+002	  1.0374474985824936e+003	
  2.1570000000000000e+004	 -2.1231182162086822e+002	  1.0320276338908727e+003	
  2.1600000000000000e+004	 -2.1228978136763598e+002	  1.0266077691992521e+003	
  2.1630000000000000e+004	 -2.1226774111440378e+002	  1.0211879045076313e+003	
  2.1660000000000000e+004	 -2.1224570086117157e+002	  1.0157680398160105e+003	
  2.1690000000000000e+004	 -2.1222366060793937e+002	  1.0103481751243897e+003	
  2.1720000000000000e+004	 -2.1220162035470713e+002	  1.0049283104327690e+003	
  2.1750000000000000e+004	 -1.8860087556737989e+002	  9.6952363256590365e+002	
  2.1780000000000000e+004	 -1.7499385391390507e+002	  9.5017671836396687e+002	
  2.1810000000000000e+004	 -1.7499385391390507e+002	  9.5017671836396687e+002	
  2.1840000000000000e+004	 -1.7499385391390507e+002	  9.5017671836396687e+002	
  2.1870000000000000e+004	 -1.7499385391390507e+002	  9.5017671836396687e+002	
  2.1900000000000000e+004	 -1.7499385391390507e+002	  9.5017671836396687e+002	
  2.1930000000000000e+004	 -1.7499385391390507e+002	  9.5017671836396687e+002	
  2.1960000000000000e+004	 -1.7499385391390507e+002	  9.5017671836396687e+002	
  2.1990000000000000e+004	 -1.7499385391390507e+002	  9.5017671836396687e+002	
  2.2020000000000000e+004	 -1.7499385391390507e+002	  9.5017671836396687e+002	
  2.2050000000000000e+004	 -1.7499385391390507e+002	  9.5017671836396687e+002	
  2.2080000000000000e+004	 -1.7499385391390507e+002	  9.5017671836396687e+002	
  2.2110000000000000e+004	 -1.7499385391390507e+002	  9.5017671836396687e+002	
  2.2140000000000000e+004	 -1.7499385391390507e+002	  9.5017671836396687e+002	
  2.2170000000000000e+004	 -1.7499385391390507e+002	  9.5017671836396687e+002	
  2.2200000000000000e+004	 -1.7499385391390507e+002	  9.5017671836396687e+002	
  2.2230000000000000e+004	 -1.7499385391390507e+002	  9.5017671836396687e+002	
  2.2260000000000000e+004	 -1.7499385391390507e+002	  9.5017671836396687e+002	
  2.2290000000000000e+004	 -1.7499385391390507e+002	  9.5017671836396687e+002	
  2.2320000000000000e+004	 -1.7499385391390507e+002	  9.5017671836396687e+002	
  2.2350000000000000e+004	 -1.7499385391390507e+002	  9.5017671836396687e+002	
  2.2380000000000000e+004	 -1.7499385391390507e+002	  9.5017671836396687e+002	
  2.2410000000000000e+004	 -1.7499385391390507e+002	  9.5017671836396687e+002	
  2.2440000000000000e+004	 -1.7499385391390507e+002	  9.5017671836396687e+002	
  2.2470000000000000e+004	 -1.7499385391390507e+002	  9.5017671836396687e+002	
  2.2500000000000000e+004	 -1.7499385391390507e+002	  9.5017671836396687e+002	
  2.2530000000000000e+004	 -1.7499385391390507e+002	  9.5017671836396687e+002	
  2.2560000000000000e+004	 -1.7512023944512026e+002	  9.5056873839281138e+002	
  2.2590000000000000e+004	 -1.8745533824335195e+002	  9.8882949292846797e+002	
  2.2620000000000000e+004	 -1.9506371776296456e+002	  1.0009595785970942e+003	
  2.2650000000000000e+004	 -2.1008703733640942e+002	  1.0208630726298568e+003	
  2.2680000000000000e+004	 -2.1629000590044689e+002	  1.0354122200089246e+003	
  2.2710000000000000e+004	 -2.0976435850496688e+002	  1.0453639667699258e+003	
  2.2740000000000000e+004	 -2.0850943886913007e+002	  1.0248482296238337e+003	
  2.2770000000000000e+004	 -2.0878732771602731e+002	  1.0245365468773557e+003	
  2.2800000000000000e+004	 -2.0489303901095730e+002	  1.0261485793757677e+003	
  2.2830000000000000e+004	 -1.9981353200434418e+002	  1.0282512304606526e+003	
  2.2860000000000000e+004	 -2.0322974789386018e+002	  1.0356682486905970e+003	
  2.2890000000000000e+004	 -2.0322974789386018e+002	  1.0356682486905968e+003	
  2.2920000000000000e+004	 -2.0322974789386018e+002	  1.0356682486905968e+003	
  2.2950000000000000e+004	 -2.0322974789386018e+002	  1.0356682486905968e+003	
  2.2980000000000000e+004	 -2.0322974789386018e+002	  1.0356682486905968e+003	
  2.3010000000000000e+004	 -2.0322974789386018e+002	  1.0356682486905968e+003	
  2.3040000000000000e+004	 -2.0322974789386018e+002	  1.0356682486905968e+003	
  2.3070000000000000e+004	 -2.0322974789386018e+002	  1.0356682486905968e+003	
  2.3100000000000000e+004	 -2.0322974789386018e+002	  1.0356682486905968e+003	
  2.3130000000000000e+004	 -2.0322974789386018e+002	  1.0356682486905968e+003	
  2.3160000000000000e+004	 -2.0322974789386018e+002	  1.0356682486905968e+003	
  2.3190000000000000e+004	 -2.0322974789386018e+002	  1.0356682486905968e+003	
  2.3220000000000000e+004	 -2.0322974789386018e+002	  1.0356682486905968e+003	
  2.3250000000000000e+004	 -2.0322974789386018e+002	  1.0356682486905968e+003	
  2.3280000000000000e+004	 -2.0322974789386018e+002	  1.0356682486905968e+003	
  2.3310000000000000e+004	 -2.0322974789386018e+002	  1.0356682486905968e+003	
  2.3340000000000000e+004	 -2.0322974789386018e+002	  1.0356682486905968e+003	
  2.3370000000000000e+004	 -2.0322974789386018e+002	  1.0356682486905968e+003	
  2.3400000000000000e+004	 -2.0322974789386018e+002	  1.0356682486905968e+003	
  2.3430000000000000e+004	 -2.0322974789386018e+002	  1.0356682486905968e+003	
  2.3460000000000000e+004	 -2.0322974789386018e+002	  1.0356682486905968e+003	
  2.3490000000000000e+004	 -2.0322974789386018e+002	  1.0356682486905968e+003	
  2.3520000000000000e+004	 -2.0322974789386018e+002	  1.0356682486905968e+003	
  2.3550000000000000e+004	 -2.0322974789386018e+002	  1.0356682486905968e+003	
  2.3580000000000000e+004	 -2.0322974789386018e+002	  1.0356682486905968e+003	
  2.3610000000000000e+004	 -2.0322974789386018e+002	  1.0356682486905968e+003	
  2.3640000000000000e+004	 -2.0322974789386018e+002	  1.0356682486905968e+003	
  2.3670000000000000e+004	 -2.0322974789386018e+002	  1.0356682486905968e+003	
  2.3700000000000000e+004	 -2.0322974789386018e+002	  1.0356682486905968e+003	
  2.3730000000000000e+004	 -2.0322974789386018e+002	  1.0356682486905968e+003	
  2.3760000000000000e+004	 -2.0322974789386018e+002	  1.0356682486905968e+003	
  2.3790000000000000e+004	 -2.0322974789386018e+002	  1.0356682486905968e+003	
  2.3820000000000000e+004	 -2.2268117307241920e+002	  1.0327294754185739e+003	
  2.3850000000000000e+004	 -2.4414046433237803e+002	  1.0250263342515595e+003	
  2.3880000000000000e+004	 -2.2779053546003871e+002	  1.0470003326300118e+003	
  2.3910000000000000e+004	 -2.4383571059479920e+002	  1.0575531933477000e+003	
  2.3940000000000000e+004	 -2.3139398218126513e+002	  1.0480689757930384e+003	
  2.3970000000000000e+004	 -2.2115732316369753e+002	  1.0377387470396882e+003	
  2.4000000000000000e+004	 -2.0599059311987139e+002	  9.8076665973310264e+002	
  2.4030000000000000e+004	 -2.1287480207186891e+002	  1.0248927522121960e+003	
  2.4060000000000000e+004	 -2.1584828572649511e+002	  1.0262527926194316e+003	
  2.4090000000000000e+004	 -2.2585594059881913e+002	  1.0301841186397210e+003	
  2.4120000000000000e+004	 -2.3586359547114316e+002	  1.0341154446600103e+003	
  2.4150000000000000e+004	 -2.4167542780314142e+002	  1.0356571209523759e+003	
  2.4180000000000000e+004	 -2.1699812932529662e+002	  1.0403992285901068e+003	
  2.4210000000000000e+004	 -2.1207704282320159e+002	  1.0250708607116808e+003	
  2.4240000000000000e+004	 -2.0993466406275542e+002	  1.0097202372421646e+003	
  2.4270000000000000e+004	 -2.0783715794177107e+002	  1.0295012786443351e+003	
  2.4300000000000000e+004	 -2.0726343970568223e+002	  1.0264957218623738e+003	
  2.4330000000000000e+004	 -2.0822259963904585e+002	  1.0240133482150568e+003	
  2.4360000000000000e+004	 -2.0955817464089287e+002	  1.0268741962989097e+003	
  2.4390000000000000e+004	 -2.1091171054696414e+002	  1.0315049873258902e+003	
  2.4420000000000000e+004	 -2.1553702601862202e+002	  1.0421469014657166e+003	
  2.4450000000000000e+004	 -2.1901498348502363e+002	  1.0490262979020667e+003	
  2.4480000000000000e+004	 -2.1907773075029769e+002	  1.0481023700907947e+003	
  2.4510000000000000e+004	 -2.1844130509775269e+002	  1.0433602659095343e+003	
  2.4540000000000000e+004	 -2.1308990598541362e+002	  1.0253491539129741e+003	
  2.4570000000000000e+004	 -2.1463167089697177e+002	  1.0395309475693439e+003	
  2.4600000000000000e+004	 -2.1285685759921313e+002	  1.0448853025918638e+003	
  2.4630000000000000e+004	 -2.0388412072525389e+002	  1.0091079904570845e+003	
  2.4660000000000000e+004	 -2.0508526724788416e+002	  1.0123027938722546e+003	
  2.4690000000000000e+004	 -2.0643830863917842e+002	  1.0165354355174870e+003	
  2.4720000000000000e+004	 -2.1085880187912943e+002	  1.0299392317650734e+003	
  2.4750000000000000e+004	 -2.1527929511908047e+002	  1.0433430280126599e+003	
  2.4780000000000000e+004	 -2.1619139043479998e+002	  1.0433491296918050e+003	
  2.4810000000000000e+004	 -2.1603005350932639e+002	  1.0420578521562982e+003	
  2.4840000000000000e+004	 -2.1190669504848861e+002	  1.0470003304944253e+003	
  2.4870000000000000e+004	 -2.1292857496880416e+002	  1.0444177727559313e+003	
  2.4900000000000000e+004	 -2.1461374075220260e+002	  1.0414790014496041e+003	
  2.4930000000000000e+004	 -2.1522329507434111e+002	  1.0400096125971365e+003	
  2.4960000000000000e+004	 -2.1472132985953391e+002	  1.0395420858143998e+003	
  2.4990000000000000e+004	 -2.1373532894157375e+002	  1.0384957037011009e+003	
  2.5020000000000000e+004	 -2.1274928509213683e+002	  1.0406107249897136e+003	
  2.5050000000000000e+004	 -2.1389667471614248e+002	  1.0413231612096913e+003	
  2.5080000000000000e+004	 -2.1538464910144558e+002	  1.0402767773146072e+003	
  2.5110000000000000e+004	 -2.1601209475114783e+002	  1.0407888333488540e+003	
  2.5140000000000000e+004	 -2.1975895697479032e+002	  1.0343101835249799e+003	
  2.5170000000000000e+004	 -2.1558185998014807e+002	  1.0323732663219562e+003	
  2.5200000000000000e+004	 -2.2216126918504673e+002	  1.0561951198379109e+003	
  2.5230000000000000e+004	 -2.2081669764281179e+002	  1.0362025702698047e+003	
  2.5260000000000000e+004	 -2.1554599319588553e+002	  1.0479131264470946e+003	
  2.5290000000000000e+004	 -2.1937351988289387e+002	  1.0607145969766766e+003	
  2.5320000000000000e+004	 -2.1259692466694841e+002	  1.0581543016320088e+003	
  2.5350000000000000e+004	 -2.1537568770437593e+002	  1.0768778403805959e+003	
  2.5380000000000000e+004	 -2.2748576645628518e+002	  1.0687516873120730e+003	
  2.5410000000000000e+004	 -2.2887516590164154e+002	  1.0587220236196056e+003	
  2.5440000000000000e+004	 -2.2072706731597401e+002	  1.0488704562945591e+003	
  2.5470000000000000e+004	 -2.1608381628308160e+002	  1.0466107193581552e+003	
  2.5500000000000000e+004	 -2.2371200453209627e+002	  1.0362137037959824e+003	
  2.5530000000000000e+004	 -2.1525020474096058e+002	  1.0349780855821969e+003	
  2.5560000000000000e+004	 -2.1278516120107119e+002	  1.0481468961814339e+003	
  2.5590000000000000e+004	 -2.1568940752692933e+002	  1.0550930835925135e+003	
  2.5620000000000000e+004	 -2.1413869760008120e+002	  1.0527331597832722e+003	
  2.5650000000000000e+004	 -2.1494542915390420e+002	  1.0428927316243166e+003	
  2.5680000000000000e+004	 -2.1696227130050812e+002	  1.0383843875301595e+003	
  2.5710000000000000e+004	 -2.1766144798318456e+002	  1.0303250282902668e+003	
  2.5740000000000000e+004	 -2.1766144798318456e+002	  1.0303250282902670e+003	
  2.5770000000000000e+004	 -2.1766144798318456e+002	  1.0303250282902670e+003	
  2.5800000000000000e+004	 -2.1766144798318456e+002	  1.0303250282902670e+003	
  2.5830000000000000e+004	 -2.1766144798318456e+002	  1.0303250282902670e+003	
  2.5860000000000000e+004	 -2.1766144798318456e+002	  1.0303250282902670e+003	
  2.5890000000000000e+004	 -2.1766144798318456e+002	  1.0303250282902670e+003	
  2.5920000000000000e+004	 -2.1766144798318456e+002	  1.0303250282902670e+003	
  2.5950000000000000e+004	 -2.1766144798318456e+002	  1.0303250282902670e+003	
  2.5980000000000000e+004	 -2.1766144798318456e+002	  1.0303250282902670e+003	
  2.6010000000000000e+004	 -2.1766144798318456e+002	  1.0303250282902670e+003	
  2.6040000000000000e+004	 -2.1766144798318456e+002	  1.0303250282902670e+003	
  2.6070000000000000e+004	 -2.1766144798318456e+002	  1.0303250282902670e+003	
  2.6100000000000000e+004	 -2.1766144798318456e+002	  1.0303250282902670e+003	
  2.6130000000000000e+004	 -2.1766144798318456e+002	  1.0303250282902670e+003	
  2.6160000000000000e+004	 -2.1766144798318456e+002	  1.0303250282902670e+003	
  2.6190000000000000e+004	 -2.1766144798318456e+002	  1.0303250282902670e+003	
  2.6220000000000000e+004	 -2.1766144798318456e+002	  1.0303250282902670e+003	
  2.6250000000000000e+004	 -2.5003230609007983e+002	  1.0419175517929573e+003	
  2.6280000000000000e+004	 -2.8787865079055518e+002	  1.0554709348692536e+003	
  2.6310000000000000e+004	 -3.2572499549103043e+002	  1.0690243179455499e+003	
  2.6340000000000000e+004	 -3.6506193595687779e+002	  1.0825104843228194e+003	
  2.6370000000000000e+004	 -3.8257715842122769e+002	  1.0658129207011887e+003	
  2.6400000000000000e+004	 -3.6359186433153684e+002	  1.0032527109648897e+003	
  2.6430000000000000e+004	 -3.7445597813288271e+002	  9.7747167190105517e+002	
  2.6460000000000000e+004	 -4.0167002350781803e+002	  9.8252546568233925e+002	
  2.6490000000000000e+004	 -4.1434920784182924e+002	  9.7282760036608113e+002	
  2.6520000000000000e+004	 -4.1048285292764695e+002	  9.6654988965941834e+002	
  2.6550000000000000e+004	 -4.0661649801346471e+002	  9.6027217895275567e+002	
  2.6580000000000000e+004	 -4.0275014309928230e+002	  9.5399446824609299e+002	
  2.6610000000000000e+004	 -3.9888378818510006e+002	  9.4771675753943043e+002	
  2.6640000000000000e+004	 -3.9501743327091776e+002	  9.4143904683276787e+002	
  2.6670000000000000e+004	 -3.9115107835673552e+002	  9.3516133612610497e+002	
  2.6700000000000000e+004	 -3.8728472344255317e+002	  9.2888362541944241e+002	
  2.6730000000000000e+004	 -3.9521609060323641e+002	  9.4113776419712633e+002	
  2.6760000000000000e+004	 -4.3186005654915806e+002	  9.3517117345492318e+002	
  2.6790000000000000e+004	 -4.5009238467116120e+002	  8.9135676550188361e+002	
  2.6820000000000000e+004	 -4.7429460395572494e+002	  8.5709336302036502e+002	
  2.6850000000000000e+004	 -5.2148894017688667e+002	  8.5619168739843587e+002	
  2.6880000000000000e+004	 -5.6679190554587603e+002	  8.5770560580028541e+002	
  2.6910000000000000e+004	 -6.0755920560233790e+002	  8.6958313415243379e+002	
  2.6940000000000000e+004	 -6.3346454905036080e+002	  8.5512304690296605e+002	
  2.6970000000000000e+004	 -6.3564273391863833e+002	  8.5522323126704521e+002	
  2.7000000000000000e+004	 -6.3564273391863833e+002	  8.5522323126704521e+002	
  2.7030000000000000e+004	 -6.3564273391863833e+002	  8.5522323126704521e+002	
  2.7060000000000000e+004	 -6.3564273391863833e+002	  8.5522323126704521e+002	
  2.7090000000000000e+004	 -6.3564273391863833e+002	  8.5522323126704521e+002	
  2.7120000000000000e+004	 -6.3564273391863833e+002	  8.5522323126704521e+002	
  2.7150000000000000e+004	 -6.3564273391863833e+002	  8.5522323126704521e+002	
  2.7180000000000000e+004	 -6.3564273391863833e+002	  8.5522323126704521e+002	
  2.7210000000000000e+004	 -6.3564273391863833e+002	  8.5522323126704521e+002	
  2.7240000000000000e+004	 -6.3564273391863833e+002	  8.5522323126704521e+002	
  2.7270000000000000e+004	 -6.3564273391863833e+002	  8.5522323126704521e+002	
  2.7300000000000000e+004	 -6.3564273391863833e+002	  8.5522323126704521e+002	
  2.7330000000000000e+004	 -6.3564273391863833e+002	  8.5522323126704521e+002	
  2.7360000000000000e+004	 -6.3564273391863833e+002	  8.5522323126704521e+002	
  2.7390000000000000e+004	 -6.3564273391863833e+002	  8.5522323126704521e+002	
  2.7420000000000000e+004	 -6.3564273391863833e+002	  8.5522323126704521e+002	
  2.7450000000000000e+004	 -6.3564273391863833e+002	  8.5522323126704521e+002	
  2.7480000000000000e+004	 -6.3564273391863833e+002	  8.5522323126704521e+002	
  2.7510000000000000e+004	 -6.3564273391863833e+002	  8.5522323126704521e+002	
  2.7540000000000000e+004	 -6.3564273391863833e+002	  8.5522323126704521e+002	
  2.7570000000000000e+004	 -6.3564273391863833e+002	  8.5522323126704521e+002	
  2.7600000000000000e+004	 -6.3564273391863833e+002	  8.5522323126704521e+002	
  2.7630000000000000e+004	 -6.3564273391863833e+002	  8.5522323126704521e+002	
  2.7660000000000000e+004	 -6.3564273391863833e+002	  8.5522323126704521e+002	
  2.7690000000000000e+004	 -6.3564273391863833e+002	  8.5522323126704521e+002	
  2.7720000000000000e+004	 -6.3564273391863833e+002	  8.5522323126704521e+002	
  2.7750000000000000e+004	 -6.3564273391863833e+002	  8.5522323126704521e+002	
  2.7780000000000000e+004	 -6.3564273391863833e+002	  8.5522323126704521e+002	
  2.7810000000000000e+004	 -6.3564273391863833e+002	  8.5522323126704521e+002	
  2.7840000000000000e+004	 -6.3564273391863833e+002	  8.5522323126704521e+002	
  2.7870000000000000e+004	 -6.3564273391863833e+002	  8.5522323126704521e+002	
  2.7900000000000000e+004	 -6.3564273391863833e+002	  8.5522323126704521e+002	
  2.7930000000000000e+004	 -6.3564273391863833e+002	  8.5522323126704521e+002	
  2.7960000000000000e+004	 -6.3564273391863833e+002	  8.5522323126704521e+002	
  2.7990000000000000e+004	 -6.3564273391863833e+002	  8.5522323126704521e+002	
  2.8020000000000000e+004	 -6.3564273391863833e+002	  8.5522323126704521e+002	
  2.8050000000000000e+004	 -6.3564273391863833e+002	  8.5522323126704521e+002	
  2.8080000000000000e+004	 -6.3564273391863833e+002	  8.5522323126704521e+002	
  2.8110000000000000e+004	 -6.3564273391863833e+002	  8.5522323126704521e+002	
  2.8140000000000000e+004	 -6.3564273391863833e+002	  8.5522323126704521e+002	
  2.8170000000000000e+004	 -6.3564273391863833e+002	  8.5522323126704521e+002	
  2.8200000000000000e+004	 -6.3564273391863833e+002	  8.5522323126704521e+002	
  2.8230000000000000e+004	 -6.3564273391863833e+002	  8.5522323126704521e+002	
  2.8260000000000000e+004	 -6.3564273391863833e+002	  8.5522323126704521e+002	
  2.8290000000000000e+004	 -6.3564273391863833e+002	  8.5522323126704521e+002	
  2.8320000000000000e+004	 -6.3564273391863833e+002	  8.5522323126704521e+002	
  2.8350000000000000e+004	 -6.3564273391863833e+002	  8.5522323126704521e+002	
  2.8380000000000000e+004	 -6.3564273391863833e+002	  8.5522323126704521e+002	
  2.8410000000000000e+004	 -6.3564273391863833e+002	  8.5522323126704521e+002	
  2.8440000000000000e+004	 -6.3564273391863833e+002	  8.5522323126704521e+002	
  2.8470000000000000e+004	 -6.3564273391863833e+002	  8.5522323126704521e+002	
  2.8500000000000000e+004	 -6.3564273391863833e+002	  8.5522323126704521e+002	
  2.8530000000000000e+004	 -6.3564273391863833e+002	  8.5522323126704521e+002	
  2.8560000000000000e+004	 -6.3564273391863833e+002	  8.5522323126704521e+002	
  2.8590000000000000e+004	 -6.3564273391863833e+002	  8.5522323126704521e+002	
  2.8620000000000000e+004	 -6.3564273391863833e+002	  8.5522323126704521e+002	
  2.8650000000000000e+004	 -6.3564273391863833e+002	  8.5522323126704521e+002	
  2.8680000000000000e+004	 -6.3564273391863833e+002	  8.5522323126704521e+002	
  2.8710000000000000e+004	 -6.3564273391863833e+002	  8.5522323126704521e+002	
  2.8740000000000000e+004	 -6.3564273391863833e+002	  8.5522323126704521e+002	
  2.8770000000000000e+004	 -6.3564273391863833e+002	  8.5522323126704521e+002	
  2.8800000000000000e+004	 -6.3564273391863833e+002	  8.5522323126704521e+002	
  2.8830000000000000e+004	 -6.3564273391863833e+002	  8.5522323126704521e+002	
  2.8860000000000000e+004	 -6.3564273391863833e+002	  8.5522323126704521e+002	
  2.8890000000000000e+004	 -6.3564273391863833e+002	  8.5522323126704521e+002	
  2.8920000000000000e+004	 -6.3564273391863833e+002	  8.5522323126704521e+002	
  2.8950000000000000e+004	 -6.3564273391863833e+002	  8.5522323126704521e+002	
  2.8980000000000000e+004	 -6.3564273391863833e+002	  8.5522323126704521e+002	
  2.9010000000000000e+004	 -6.3564273391863833e+002	  8.5522323126704521e+002	
  2.9040000000000000e+004	 -6.3564273391863833e+002	  8.5522323126704521e+002	
  2.9070000000000000e+004	 -6.3564273391863833e+002	  8.5522323126704521e+002	
  2.9100000000000000e+004	 -6.3564273391863833e+002	  8.5522323126704521e+002	
  2.9130000000000000e+004	 -6.3564273391863833e+002	  8.5522323126704521e+002	
  2.9160000000000000e+004	 -6.3564273391863833e+002	  8.5522323126704521e+002	
  2.9190000000000000e+004	 -6.3564273391863833e+002	  8.5522323126704521e+002	
  2.9220000000000000e+004	 -6.3564273391863833e+002	  8.5522323126704521e+002	
  2.9250000000000000e+004	 -6.3564273391863833e+002	  8.5522323126704521e+002	
  2.9280000000000000e+004	 -6.3564273391863833e+002	  8.5522323126704521e+002	
  2.9310000000000000e+004	 -6.3564273391863833e+002	  8.5522323126704521e+002	
  2.9340000000000000e+004	 -6.3564273391863833e+002	  8.5522323126704521e+002	
  2.9370000000000000e+004	 -6.3564273391863833e+002	  8.5522323126704521e+002	
  2.9400000000000000e+004	 -6.3564273391863833e+002	  8.5522323126704521e+002	
  2.9430000000000000e+004	 -6.3564273391863833e+002	  8.5522323126704521e+002	
  2.9460000000000000e+004	 -6.3564273391863833e+002	  8.5522323126704521e+002	
  2.9490000000000000e+004	 -6.3564273391863833e+002	  8.5522323126704521e+002	
  2.9520000000000000e+004	 -6.3564273391863833e+002	  8.5522323126704521e+002	
  2.9550000000000000e+004	 -6.3564273391863833e+002	  8.5522323126704521e+002	
  2.9580000000000000e+004	 -6.3564273391863833e+002	  8.5522323126704521e+002	
  2.9610000000000000e+004	 -6.3564273391863833e+002	  8.5522323126704521e+002	
  2.9640000000000000e+004	 -6.3564273391863833e+002	  8.5522323126704521e+002	
  2.9670000000000000e+004	 -6.3564273391863833e+002	  8.5522323126704521e+002	
  2.9700000000000000e+004	 -6.3564273391863833e+002	  8.5522323126704521e+002	
  2.9730000000000000e+004	 -6.3564273391863833e+002	  8.5522323126704521e+002	
  2.9760000000000000e+004	 -6.3564273391863833e+002	  8.5522323126704521e+002	
  2.9790000000000000e+004	 -6.3564273391863833e+002	  8.5522323126704521e+002	
  2.9820000000000000e+004	 -6.3564273391863833e+002	  8.5522323126704521e+002	
  2.9850000000000000e+004	 -6.3564273391863833e+002	  8.5522323126704521e+002	
  2.9880000000000000e+004	 -6.3564273391863833e+002	  8.5522323126704521e+002	
  2.9910000000000000e+004	 -6.3564273391863833e+002	  8.5522323126704521e+002	
  2.9940000000000000e+004	 -6.3564273391863833e+002	  8.5522323126704521e+002	
  2.9970000000000000e+004	 -6.3564273391863833e+002	  8.5522323126704521e+002	
  3.0000000000000000e+004	 -6.3564273391863833e+002	  8.5522323126704521e+002	
  3.0030000000000000e+004	 -6.3564273391863833e+002	  8.5522323126704521e+002	
  3.0060000000000000e+004	 -6.3564273391863833e+002	  8.5522323126704521e+002	
  3.0090000000000000e+004	 -6.3564273391863833e+002	  8.5522323126704521e+002	
  3.0120000000000000e+004	 -6.3564273391863833e+002	  8.5522323126704521e+002	
  3.0150000000000000e+004	 -6.3564273391863833e+002	  8.5522323126704521e+002	
  3.0180000000000000e+004	 -6.3564273391863833e+002	  8.5522323126704521e+002	
  3.0210000000000000e+004	 -6.3564273391863833e+002	  8.5522323126704521e+002	
  3.0240000000000000e+004	 -6.3564273391863833e+002	  8.5522323126704521e+002	
  3.0270000000000000e+004	 -6.3564273391863833e+002	  8.5522323126704521e+002	
  3.0300000000000000e+004	 -6.3564273391863833e+002	  8.5522323126704521e+002	
  3.0330000000000000e+004	 -6.3564273391863833e+002	  8.5522323126704521e+002	
  3.0360000000000000e+004	 -6.3564273391863833e+002	  8.5522323126704521e+002	
  3.0390000000000000e+004	 -6.3564273391863833e+002	  8.5522323126704521e+002	
  3.0420000000000000e+004	 -6.3564273391863833e+002	  8.5522323126704521e+002	
  3.0450000000000000e+004	 -6.3564273391863833e+002	  8.5522323126704521e+002	
  3.0480000000000000e+004	 -6.3564273391863833e+002	  8.5522323126704521e+002	
  3.0510000000000000e+004	 -6.3564273391863833e+002	  8.5522323126704521e+002	
  3.0540000000000000e+004	 -6.3564273391863833e+002	  8.5522323126704521e+002	
  3.0570000000000000e+004	 -6.3564273391863833e+002	  8.5522323126704521e+002	
  3.0600000000000000e+004	 -6.3564273391863833e+002	  8.5522323126704521e+002	
  3.0630000000000000e+004	 -6.3564273391863833e+002	  8.5522323126704521e+002	
  3.0660000000000000e+004	 -6.3564273391863833e+002	  8.5522323126704521e+002	
  3.0690000000000000e+004	 -6.3564273391863833e+002	  8.5522323126704521e+002	
  3.0720000000000000e+004	 -6.3564273391863833e+002	  8.5522323126704521e+002	
  3.0750000000000000e+004	 -6.3564273391863833e+002	  8.5522323126704521e+002	
  3.0780000000000000e+004	 -6.3564273391863833e+002	  8.5522323126704521e+002	
  3.0810000000000000e+004	 -6.3564273391863833e+002	  8.5522323126704521e+002	
  3.0840000000000000e+004	 -6.3564273391863833e+002	  8.5522323126704521e+002	
  3.0870000000000000e+004	 -6.3564273391863833e+002	  8.5522323126704521e+002	
  3.0900000000000000e+004	 -6.1853983642760318e+002	  8.6762395590690107e+002	
  3.0930000000000000e+004	 -5.7707337393832438e+002	  8.5223993423544414e+002	
  3.0960000000000000e+004	 -5.3503322120752011e+002	  8.5246256834128474e+002	
  3.0990000000000000e+004	 -4.9143336066543981e+002	  8.5497833925221005e+002	
  3.1020000000000000e+004	 -4.5862591118431101e+002	  8.6604325275133669e+002	
  3.1050000000000000e+004	 -4.5660010719529612e+002	  9.0829922193935033e+002	
  3.1080000000000000e+004	 -4.1633477369024888e+002	  9.2695596958846875e+002	
  3.1110000000000000e+004	 -3.7983423802638026e+002	  9.5534183213576637e+002	
  3.1140000000000000e+004	 -3.4005297642644950e+002	  9.7112659765523858e+002	
  3.1170000000000000e+004	 -2.9795904398936671e+002	  9.7947538163931222e+002	
  3.1200000000000000e+004	 -2.6002430616898170e+002	  9.9713027212434156e+002	
  3.1230000000000000e+004	 -2.3390381001632937e+002	  1.0204400714146875e+003	
  3.1260000000000000e+004	 -2.1276721326877524e+002	  1.0463324262035737e+003	
  3.1290000000000000e+004	 -2.2214333504029122e+002	  1.0453528375323099e+003	
  3.1320000000000000e+004	 -2.2502968992551274e+002	  1.0422136948465766e+003	
  3.1350000000000000e+004	 -2.1086691119459806e+002	  1.0365142608254373e+003	
  3.1380000000000000e+004	 -2.0378550717058380e+002	  1.0421246416195959e+003	
  3.1410000000000000e+004	 -2.0287120569007578e+002	  1.0412563669986212e+003	
  3.1440000000000000e+004	 -2.0400066451266122e+002	  1.0439057126898192e+003	
  3.1470000000000000e+004	 -2.0859008915161536e+002	  1.0543027273671642e+003	
  3.1500000000000000e+004	 -2.0195690710354671e+002	  1.0459539517658600e+003	
  3.1530000000000000e+004	 -2.0253057168190293e+002	  1.0454418904250335e+003	
  3.1560000000000000e+004	 -1.9681170071198889e+002	  1.0406552549552252e+003	
  3.1590000000000000e+004	 -2.0059440091445495e+002	  1.0484251895782866e+003	
  3.1620000000000000e+004	 -2.0210032741308376e+002	  1.0429261256812476e+003	
  3.1650000000000000e+004	 -2.0324769317160121e+002	  1.0467109050532695e+003	
  3.1680000000000000e+004	 -2.0197481547959507e+002	  1.0482470839880439e+003	
  3.1710000000000000e+004	 -2.0616987612023522e+002	  1.0625179341732808e+003	
  3.1740000000000000e+004	 -1.8530217873173345e+002	  1.0452415188243742e+003	
  3.1770000000000000e+004	 -1.8530217873173345e+002	  1.0452415188243742e+003	
  3.1800000000000000e+004	 -1.8530217873173345e+002	  1.0452415188243742e+003	
  3.1830000000000000e+004	 -1.8530217873173345e+002	  1.0452415188243742e+003	
  3.1860000000000000e+004	 -1.8530217873173345e+002	  1.0452415188243742e+003	
  3.1890000000000000e+004	 -1.8530217873173345e+002	  1.0452415188243742e+003	
  3.1920000000000000e+004	 -1.8530217873173345e+002	  1.0452415188243742e+003	
  3.1950000000000000e+004	 -1.8530217873173345e+002	  1.0452415188243742e+003	
  3.1980000000000000e+004	 -1.8530217873173345e+002	  1.0452415188243742e+003	
  3.2010000000000000e+004	 -1.8530217873173345e+002	  1.0452415188243742e+003	
  3.2040000000000000e+004	 -1.8530217873173345e+002	  1.0452415188243742e+003	
  3.2070000000000000e+004	 -1.8530217873173345e+002	  1.0452415188243742e+003	
  3.2100000000000000e+004	 -1.8530217873173345e+002	  1.0452415188243742e+003	
  3.2130000000000000e+004	 -1.8530217873173345e+002	  1.0452415188243742e+003	
  3.2160000000000000e+004	 -1.8530217873173345e+002	  1.0452415188243742e+003	
  3.2190000000000000e+004	 -1.8530217873173345e+002	  1.0452415188243742e+003	
  3.2220000000000000e+004	 -1.8530217873173345e+002	  1.0452415188243742e+003	
  3.2250000000000000e+004	 -1.8530217873173345e+002	  1.0452415188243742e+003	
  3.2280000000000000e+004	 -1.8530217873173345e+002	  1.0452415188243742e+003	
  3.2310000000000000e+004	 -1.8530217873173345e+002	  1.0452415188243742e+003	
  3.2340000000000000e+004	 -1.8530217873173345e+002	  1.0452415188243742e+003	
  3.2370000000000000e+004	 -1.8530217873173345e+002	  1.0452415188243742e+003	
  3.2400000000000000e+004	 -1.8530217873173345e+002	  1.0452415188243742e+003	
  3.2430000000000000e+004	 -1.8530217873173345e+002	  1.0452415188243742e+003	
  3.2460000000000000e+004	 -1.8530217873173345e+002	  1.0452415188243742e+003	
  3.2490000000000000e+004	 -1.8530217873173345e+002	  1.0452415188243742e+003	
  3.2520000000000000e+004	 -2.1356901327531432e+002	  1.0636289302752964e+003	
  3.2550000000000000e+004	 -2.1506195942742448e+002	  1.0539242546816317e+003	
  3.2580000000000000e+004	 -2.3603720262330384e+002	  1.0272638093020453e+003	
  3.2610000000000000e+004	 -2.6073243818739894e+002	  1.0032749727769242e+003	
  3.2640000000000000e+004	 -2.9340542512163984e+002	  9.7889653257995246e+002	
  3.2670000000000000e+004	 -3.3038105119788025e+002	  9.6865535985927340e+002	
  3.2700000000000000e+004	 -3.6699811287880220e+002	  9.6086315867075211e+002	
  3.2730000000000000e+004	 -3.9881954193039331e+002	  9.3932330003462778e+002	
  3.2760000000000000e+004	 -4.2956533212896068e+002	  9.2830291051695099e+002	
  3.2790000000000000e+004	 -4.4906154655498847e+002	  9.0164246491855590e+002	
  3.2820000000000000e+004	 -4.5721860263756992e+002	  8.5973157420228017e+002	
  3.2850000000000000e+004	 -4.9405976086189622e+002	  8.4687445193990754e+002	
  3.2880000000000000e+004	 -5.3910277776740293e+002	  8.4765367174186360e+002	
  3.2910000000000000e+004	 -5.7818488168565295e+002	  8.4793196123339476e+002	
  3.2940000000000000e+004	 -6.0978222462737176e+002	  8.5928630357367979e+002	
  3.2970000000000000e+004	 -6.4160365835142250e+002	  8.6908221490704364e+002	
  3.3000000000000000e+004	 -6.4012463246855259e+002	  8.6796903888292491e+002	
  3.3030000000000000e+004	 -6.4980552307640028e+002	  8.7275567529029445e+002	
  3.3060000000000000e+004	 -6.7203570857036561e+002	  9.0080758182251338e+002	
