  0.0000000000000000e+000	 -3.7506551819623388e+002	  8.5700430168788250e+002	
  3.0000000000000000e+001	 -3.5803431618220691e+002	  8.5411005862561910e+002	
  6.0000000000000000e+001	 -3.8727004952457315e+002	  8.4417715010900054e+002	
  9.0000000000000000e+001	 -4.1473026685506795e+002	  8.5550152580313863e+002	
  1.2000000000000000e+002	 -4.2548679477902004e+002	  8.5555718266297629e+002	
  1.5000000000000000e+002	 -4.3642262553788623e+002	  8.6730113413355650e+002	
  1.8000000000000000e+002	 -4.2243911464628962e+002	  8.6668889130275477e+002	
  2.1000000000000000e+002	 -4.3140290444384408e+002	  8.6340503602962929e+002	
  2.4000000000000000e+002	 -4.2718992614201113e+002	  8.5889669378711983e+002	
  2.7000000000000000e+002	 -4.1118956957479878e+002	  8.5516757328700112e+002	
  3.0000000000000000e+002	 -3.7049398064608647e+002	  8.5923064689309763e+002	
  3.3000000000000000e+002	 -3.2724371768510974e+002	  8.5589113140905249e+002	
  3.6000000000000000e+002	 -2.9667721753183071e+002	  8.2839580632154207e+002	
  3.9000000000000000e+002	 -2.6543842884575469e+002	  8.0145706944599954e+002	
  4.2000000000000000e+002	 -2.4401497885010076e+002	  7.6878550288035080e+002	
  4.5000000000000000e+002	 -2.4177402899394718e+002	  7.2542749152907322e+002	
  4.8000000000000000e+002	 -2.4190848943642260e+002	  6.8451845809238034e+002	
  5.1000000000000000e+002	 -2.4692820515541342e+002	  6.4706025174203694e+002	
  5.4000000000000000e+002	 -2.1896120380378366e+002	  6.1839610075570579e+002	
  5.7000000000000000e+002	 -1.9027709041233564e+002	  5.8756125637160562e+002	
  6.0000000000000000e+002	 -1.6620931887403646e+002	  5.5043701339012614e+002	
  6.3000000000000000e+002	 -1.4823693008976653e+002	  5.2539065739275679e+002	
  6.6000000000000000e+002	 -2.0538106438344522e+002	  5.2071534920612100e+002	
  6.9000000000000000e+002	 -1.9914709193219292e+002	  5.1389099065639994e+002	
  7.2000000000000000e+002	 -1.7736012229711363e+002	  5.0730472730415056e+002	
  7.5000000000000000e+002	 -1.5557315266203440e+002	  5.0071846395190119e+002	
  7.8000000000000000e+002	 -1.4206985977631780e+002	  4.9200666595484506e+002	
  8.1000000000000000e+002	 -1.5092606695185108e+002	  4.5211061211414233e+002	
  8.4000000000000000e+002	 -1.4532369878922222e+002	  4.4643344294035677e+002	
  8.7000000000000000e+002	 -1.5340905617262169e+002	  4.3308651822523859e+002	
  9.0000000000000000e+002	 -1.5633126054411588e+002	  4.4593252223783821e+002	
  9.3000000000000000e+002	 -1.6059798117313414e+002	  4.4618853986333488e+002	
  9.6000000000000000e+002	 -1.5273675175106001e+002	  4.3396592765254189e+002	
  9.9000000000000000e+002	 -1.4942012100648012e+002	  4.3618114235047170e+002	
  1.0200000000000000e+003	 -1.4529680065088615e+002	  4.3330915828664882e+002	
  1.0500000000000000e+003	 -1.3771344589214164e+002	  4.2075258367101350e+002	
  1.0800000000000000e+003	 -1.3642267819370699e+002	  4.3104941739581864e+002	
  1.1100000000000000e+003	 -1.3006731294641330e+002	  4.2523867460521524e+002	
  1.1400000000000000e+003	 -1.4138861910584805e+002	  4.2690842869770040e+002	
  1.1700000000000000e+003	 -1.3628821951883856e+002	  4.3265238601676418e+002	
  1.2000000000000000e+003	 -1.3298055127092385e+002	  4.2329061512718135e+002	
  1.2300000000000000e+003	 -1.2647286439181883e+002	  4.0681568599534955e+002	
  1.2600000000000000e+003	 -1.3351839806351023e+002	  4.0915335676122203e+002	
  1.2900000000000000e+003	 -1.1270448897854877e+002	  4.0997709389294960e+002	
  1.3200000000000000e+003	 -1.5593684370743810e+002	  4.3639264444615003e+002	
  1.3500000000000000e+003	 -1.4307379816831144e+002	  4.1470807365953806e+002	
  1.3800000000000000e+003	 -1.3842158921333925e+002	  4.0750584875388358e+002	
  1.4100000000000000e+003	 -1.3546354826325461e+002	  4.0906428760641683e+002	
  1.4400000000000000e+003	 -1.4630970004157408e+002	  4.1696781314274909e+002	
  1.4700000000000000e+003	 -1.4080731845777194e+002	  4.2305600158136281e+002	
  1.5000000000000000e+003	 -1.3530493687396978e+002	  4.2914419001997663e+002	
  1.5300000000000000e+003	 -1.2980255529016765e+002	  4.3523237845859035e+002	
  1.5600000000000000e+003	 -1.2430017370636551e+002	  4.4132056689720406e+002	
  1.5900000000000000e+003	 -1.5966574624401287e+002	  4.0873035363391733e+002	
  1.6200000000000000e+003	 -1.4792321633552339e+002	  3.9960233934427896e+002	
  1.6500000000000000e+003	 -1.5332447284214626e+002	  4.0011611333491891e+002	
  1.6800000000000000e+003	 -1.5872572934876908e+002	  4.0062988732555885e+002	
  1.7100000000000000e+003	 -1.6412698585539195e+002	  4.0114366131619886e+002	
  1.7400000000000000e+003	 -1.7052092010567972e+002	  4.0027024690960235e+002	
  1.7700000000000000e+003	 -1.3954207615585068e+002	  3.9409214974638860e+002	
  1.8000000000000000e+003	 -1.6480200676966518e+002	  3.8503093946267717e+002	
  1.8300000000000000e+003	 -1.6783239096922605e+002	  4.0975605333274638e+002	
  1.8600000000000000e+003	 -1.4509959322961791e+002	  4.0834073578422056e+002	
  1.8900000000000000e+003	 -1.5186725711517221e+002	  3.8958381301245834e+002	
  1.9200000000000000e+003	 -1.3259513468467571e+002	  3.8830366757646846e+002	
  1.9500000000000000e+003	 -1.6338571947979676e+002	  4.2637410299650963e+002	
  1.9800000000000000e+003	 -2.2483249463294004e+002	  4.5770985501160942e+002	
  2.0100000000000000e+003	 -1.1179912721326968e+002	  4.3322011411442907e+002	
  2.0400000000000000e+003	 -1.1404008230260263e+002	  4.0795112984679730e+002	
  2.0700000000000000e+003	 -1.2277081350224964e+002	  4.1155780119367012e+002	
  2.1000000000000000e+003	 -1.3397556632145614e+002	  4.0220716556812306e+002	
  2.1300000000000000e+003	 -1.3537390249316249e+002	  4.0650400497416297e+002	
  2.1600000000000000e+003	 -1.3537390249316249e+002	  4.0650400497416297e+002	
  2.1900000000000000e+003	 -1.3537390249316249e+002	  4.0650400497416297e+002	
  2.2200000000000000e+003	 -1.3537390249316249e+002	  4.0650400497416297e+002	
  2.2500000000000000e+003	 -1.3537390249316249e+002	  4.0650400497416297e+002	
  2.2800000000000000e+003	 -1.3537390249316249e+002	  4.0650400497416297e+002	
  2.3100000000000000e+003	 -1.3537390249316249e+002	  4.0650400497416297e+002	
  2.3400000000000000e+003	 -1.3537390249316249e+002	  4.0650400497416297e+002	
  2.3700000000000000e+003	 -1.3537390249316249e+002	  4.0650400497416297e+002	
  2.4000000000000000e+003	 -1.3537390249316249e+002	  4.0650400497416297e+002	
  2.4300000000000000e+003	 -1.3537390249316249e+002	  4.0650400497416297e+002	
  2.4600000000000000e+003	 -1.3537390249316249e+002	  4.0650400497416297e+002	
  2.4900000000000000e+003	 -1.3537390249316249e+002	  4.0650400497416297e+002	
  2.5200000000000000e+003	 -1.3537390249316249e+002	  4.0650400497416297e+002	
  2.5500000000000000e+003	 -1.3537390249316249e+002	  4.0650400497416297e+002	
  2.5800000000000000e+003	 -1.3537390249316249e+002	  4.0650400497416297e+002	
  2.6100000000000000e+003	 -1.3537390249316249e+002	  4.0650400497416297e+002	
  2.6400000000000000e+003	 -1.3537390249316249e+002	  4.0650400497416297e+002	
  2.6700000000000000e+003	 -1.3537390249316249e+002	  4.0650400497416297e+002	
  2.7000000000000000e+003	 -1.3537390249316249e+002	  4.0650400497416297e+002	
  2.7300000000000000e+003	 -1.3537390249316249e+002	  4.0650400497416297e+002	
  2.7600000000000000e+003	 -1.3537390249316249e+002	  4.0650400497416297e+002	
  2.7900000000000000e+003	 -1.3537390249316249e+002	  4.0650400497416297e+002	
  2.8200000000000000e+003	 -1.3537390249316249e+002	  4.0650400497416297e+002	
  2.8500000000000000e+003	 -1.3537390249316249e+002	  4.0650400497416297e+002	
  2.8800000000000000e+003	 -1.3537390249316249e+002	  4.0650400497416297e+002	
  2.9100000000000000e+003	 -1.3537390249316249e+002	  4.0650400497416297e+002	
  2.9400000000000000e+003	 -1.2839758294523290e+002	  4.0952618062439780e+002	
  2.9700000000000000e+003	 -1.1950798718185492e+002	  4.1785834606342519e+002	
  3.0000000000000000e+003	 -1.4235284236441603e+002	  4.2231103721240220e+002	
  3.0300000000000000e+003	 -1.5845563641198618e+002	  4.1451882662587178e+002	
  3.0600000000000000e+003	 -1.3827432595222257e+002	  4.2095136779094082e+002	
  3.0900000000000000e+003	 -7.7414026904059710e+001	  4.0780641675908720e+002	
  3.1200000000000000e+003	 -6.0526277391259455e+001	  4.1685649683354848e+002	
  3.1500000000000000e+003	 -7.1010929762908106e+001	  4.1875445231926579e+002	
  3.1800000000000000e+003	 -9.9605436231040784e+001	  4.2393069455304033e+002	
  3.2100000000000000e+003	 -1.5498666797862427e+002	  4.3386574026274604e+002	
  3.2400000000000000e+003	 -1.2210753786140118e+002	  4.3544562403459759e+002	
  3.2700000000000000e+003	 -1.2479666403947836e+002	  4.2540234754730602e+002	
  3.3000000000000000e+003	 -1.2748579021755550e+002	  4.1535907106001440e+002	
  3.3300000000000000e+003	 -1.3017491639563269e+002	  4.0531579457272284e+002	
  3.3600000000000000e+003	 -1.3286404257370984e+002	  3.9527251808543127e+002	
  3.3900000000000000e+003	 -1.4772600931550096e+002	  3.8388436660838107e+002	
  3.4200000000000000e+003	 -1.2214333697218490e+002	  3.8657823414517617e+002	
  3.4500000000000000e+003	 -1.0351661575772467e+002	  4.3077113046299098e+002	
  3.4800000000000000e+003	 -1.1355603425129320e+002	  4.2240007820165266e+002	
  3.5100000000000000e+003	 -1.2997772587193413e+002	  3.9759862889903650e+002	
  3.5400000000000000e+003	 -1.4423012398963300e+002	  4.0632589362696854e+002	
  3.5700000000000000e+003	 -1.3383212448583976e+002	  3.9383611317307833e+002	
  3.6000000000000000e+003	 -1.3886975749660374e+002	  4.2834441505994056e+002	
  3.6300000000000000e+003	 -1.5181348959670231e+002	  4.3684905251886011e+002	
  3.6600000000000000e+003	 -1.4898093629864729e+002	  4.2754292751684017e+002	
  3.6900000000000000e+003	 -1.4553883881163756e+002	  4.3611434850850753e+002	
  3.7200000000000000e+003	 -1.4077011275295087e+002	  4.3793995529773002e+002	
  3.7500000000000000e+003	 -1.3245169059186850e+002	  4.3582492092459489e+002	
  3.7800000000000000e+003	 -1.3510499198355515e+002	  4.2115334223298203e+002	
  3.8100000000000000e+003	 -1.5018207469519712e+002	  4.1578785693491392e+002	
  3.8400000000000000e+003	 -1.2823872900947873e+002	  4.1489730920021987e+002	
  3.8700000000000000e+003	 -1.3562485706149874e+002	  4.0768395902591482e+002	
  3.9000000000000000e+003	 -1.4503626538039467e+002	  4.0969914906311965e+002	
  3.9300000000000000e+003	 -1.3866909207449771e+002	  4.1064714210487847e+002	
  3.9600000000000000e+003	 -1.3230191876860076e+002	  4.1159513514663718e+002	
  3.9900000000000000e+003	 -1.2593474546270379e+002	  4.1254312818839594e+002	
  4.0200000000000000e+003	 -1.1956757215680682e+002	  4.1349112123015476e+002	
  4.0500000000000000e+003	 -1.1651410504660021e+002	  4.1493070661662125e+002	
  4.0800000000000000e+003	 -1.4433973162670921e+002	  4.1961597797630077e+002	
  4.1100000000000000e+003	 -1.4171241594665412e+002	  4.1891224831978258e+002	
  4.1400000000000000e+003	 -1.3908510026659906e+002	  4.1820851866326444e+002	
  4.1700000000000000e+003	 -1.3645778458654402e+002	  4.1750478900674625e+002	
  4.2000000000000000e+003	 -1.3383046890648899e+002	  4.1680105935022806e+002	
  4.2300000000000000e+003	 -1.3120315322643390e+002	  4.1609732969370987e+002	
  4.2600000000000000e+003	 -1.2857583754637884e+002	  4.1539360003719173e+002	
  4.2900000000000000e+003	 -1.2594852186632379e+002	  4.1468987038067348e+002	
  4.3200000000000000e+003	 -1.2332120618626874e+002	  4.1398614072415535e+002	
  4.3500000000000000e+003	 -1.3886980927514031e+002	  4.0672663304222448e+002	
  4.3800000000000000e+003	 -1.4801282859778624e+002	  4.1874888331478934e+002	
  4.4100000000000000e+003	 -1.3743555162504816e+002	  4.2776557054389087e+002	
  4.4400000000000000e+003	 -1.3689774855313760e+002	  4.2843347399888796e+002	
  4.4700000000000000e+003	 -1.3940758527042763e+002	  4.1952811770567348e+002	
  4.5000000000000000e+003	 -1.3931794881494582e+002	  4.0884167317075975e+002	
  4.5300000000000000e+003	 -1.3904908250521308e+002	  4.2420343435449718e+002	
  4.5600000000000000e+003	 -1.3967653750016623e+002	  4.1963943563151804e+002	
  4.5900000000000000e+003	 -1.3779412265225048e+002	  4.2353551411283661e+002	
  4.6200000000000000e+003	 -1.3214695897673795e+002	  4.2965794571381628e+002	
  4.6500000000000000e+003	 -1.3089200145550146e+002	  4.2720898130109754e+002	
  4.6800000000000000e+003	 -1.3169876585179892e+002	  4.2019600207885122e+002	
  4.7100000000000000e+003	 -1.3510500942237658e+002	  4.2665239634888735e+002	
  4.7400000000000000e+003	 -1.4200710957756974e+002	  4.1830360875119203e+002	
  4.7700000000000000e+003	 -1.3788376710341674e+002	  4.3778409760156046e+002	
  4.8000000000000000e+003	 -1.3187806150654376e+002	  4.2865610198619379e+002	
  4.8300000000000000e+003	 -1.3537390249316249e+002	  4.2754293306538028e+002	
  4.8600000000000000e+003	 -1.4980563457169171e+002	  4.1963943563151804e+002	
  4.8900000000000000e+003	 -1.5258436348712783e+002	  3.9826652832631669e+002	
  4.9200000000000000e+003	 -1.4146925503238793e+002	  4.0283052493689604e+002	
  4.9500000000000000e+003	 -1.3734594345164601e+002	  4.7618850852670619e+002	
  4.9800000000000000e+003	 -1.3465680141845627e+002	  5.0078958582504691e+002	
  5.0100000000000000e+003	 -1.3833196681155565e+002	  5.0646676546888000e+002	
  5.0400000000000000e+003	 -1.3241585610229325e+002	  5.5733866758724446e+002	
  5.0700000000000000e+003	 -1.2627566586690594e+002	  5.5210677028746227e+002	
  5.1000000000000000e+003	 -1.2694794205074766e+002	  5.4153163924213914e+002	
  5.1300000000000000e+003	 -1.3277444554087742e+002	  5.4965779681853689e+002	
  5.1600000000000000e+003	 -1.3438788497913185e+002	  5.4832197832271515e+002	
  5.1900000000000000e+003	 -1.4057292684359587e+002	  5.4208822640610549e+002	
  5.2200000000000000e+003	 -1.3698738615859051e+002	  5.4364666779933634e+002	
  5.2500000000000000e+003	 -1.3779412265225048e+002	  5.4052978688163762e+002	
  5.2800000000000000e+003	 -1.3752523277001470e+002	  5.3841476941003384e+002	
  5.3100000000000000e+003	 -1.3160909505813805e+002	  5.2360958993905490e+002	
  5.3400000000000000e+003	 -1.3232315889261594e+002	  5.2519444451125980e+002	
  5.3700000000000000e+003	 -1.3446535039604959e+002	  5.2994900822787451e+002	
  5.4000000000000000e+003	 -1.3477332632672196e+002	  5.4747598255131675e+002	
  5.4300000000000000e+003	 -1.3294472303264808e+002	  5.5836279994814583e+002	
  5.4600000000000000e+003	 -1.3934487815799002e+002	  5.7681916305396499e+002	
  5.4900000000000000e+003	 -1.3155535225310751e+002	  5.4480435372742568e+002	
  5.5200000000000000e+003	 -1.3050653149071297e+002	  5.4533869435712234e+002	
  5.5500000000000000e+003	 -1.2993287178896003e+002	  5.4647412099047926e+002	
  5.5800000000000000e+003	 -1.3708599461006264e+002	  5.5800657612444081e+002	
  5.6100000000000000e+003	 -1.2428571263196400e+002	  5.3270419771527463e+002	
  5.6400000000000000e+003	 -1.2337522544787043e+002	  5.3726979143371057e+002	
  5.6700000000000000e+003	 -8.9927526474283738e+001	  4.5995847144052613e+002	
  5.7000000000000000e+003	 -8.8791484760067803e+001	  4.3161622731438069e+002	
  5.7300000000000000e+003	 -1.1590238083192399e+002	  4.9806571930890158e+002	
  5.7600000000000000e+003	 -1.2062845446990522e+002	  5.2416617052195340e+002	
  5.7900000000000000e+003	 -1.2497592126823784e+002	  5.2661514884515577e+002	
  5.8200000000000000e+003	 -1.1023154876265772e+002	  5.2413631386959651e+002	
  5.8500000000000000e+003	 -8.8456161379106334e+001	  4.8455086303077707e+002	
  5.8800000000000000e+003	 -1.2831046639636031e+002	  5.3035540906417475e+002	
  5.9100000000000000e+003	 -8.3617022256350097e+001	  5.6426259635700796e+002	
  5.9400000000000000e+003	 -1.5928926416966738e+002	  5.5878579766285691e+002	
  5.9700000000000000e+003	 -1.2549578828520245e+002	  5.6646667484823013e+002	
  6.0000000000000000e+003	 -1.7234055403611009e+002	  5.3178026737624168e+002	
  6.0300000000000000e+003	 -1.2734235877517600e+002	  5.3151310788002354e+002	
  6.0600000000000000e+003	 -1.2619499259304462e+002	  5.3311607384499985e+002	
  6.0900000000000000e+003	 -1.4107484632141808e+002	  5.3796949478974784e+002	
  6.1200000000000000e+003	 -1.3601931108366148e+002	  5.3745743608816224e+002	
  6.1500000000000000e+003	 -1.3336602120061099e+002	  5.4460399189168709e+002	
  6.1800000000000000e+003	 -1.2933515626159004e+002	  5.1920963148065175e+002	
  6.2100000000000000e+003	 -1.3716663755458902e+002	  5.9290448174338246e+002	
  6.2400000000000000e+003	 -1.3008527411840521e+002	  5.7025145597028654e+002	
  6.2700000000000000e+003	 -1.3913867951642470e+002	  5.7069672888293246e+002	
  6.3000000000000000e+003	 -1.3774929669730085e+002	  5.6585442545075989e+002	
  6.3300000000000000e+003	 -1.1269552768827494e+002	  5.5911974984520998e+002	
  6.3600000000000000e+003	 -1.0565897315175459e+002	  5.6646667255740044e+002	
  6.3900000000000000e+003	 -1.2026991891119357e+002	  5.7069672258734067e+002	
  6.4200000000000000e+003	 -1.1847715821038211e+002	  5.3947228133677925e+002	
  6.4500000000000000e+003	 -7.4823581446452337e+001	  5.3730159859698131e+002	
  6.4800000000000000e+003	 -1.1278516082112235e+002	  5.4514944294983775e+002	
  6.5100000000000000e+003	 -1.2815807457495868e+002	  5.4314574036061185e+002	
  6.5400000000000000e+003	 -1.2282460553073993e+002	  5.3646671299168145e+002	
  6.5700000000000000e+003	 -1.1695330959336320e+002	  5.1687490870527495e+002	
  6.6000000000000000e+003	 -1.2269015553237800e+002	  5.5795090755774049e+002	
  6.6300000000000000e+003	 -1.3891459955539611e+002	  5.6741287040409566e+002	
  6.6600000000000000e+003	 -1.2744096713575614e+002	  5.5127188312014891e+002	
  6.6900000000000000e+003	 -1.1735670572232766e+002	  5.2967636819630422e+002	
  6.7200000000000000e+003	 -1.1498128474289641e+002	  5.2422183663741635e+002	
  6.7500000000000000e+003	 -1.1242657248036286e+002	  5.3084520500653593e+002	
  6.7800000000000000e+003	 -1.1892537725319626e+002	  5.2873017582522709e+002	
  6.8100000000000000e+003	 -1.2260048379207805e+002	  5.3357247322850367e+002	
  6.8400000000000000e+003	 -1.1668439904274437e+002	  5.3986189041450177e+002	
  6.8700000000000000e+003	 -1.1747711185222306e+002	  5.4069676729279274e+002	
  6.9000000000000000e+003	 -1.2095618724660324e+002	  5.3835910770679425e+002	
  6.9300000000000000e+003	 -1.2443526264098341e+002	  5.3602144812079564e+002	
  6.9600000000000000e+003	 -1.2791433803536358e+002	  5.3368378853479715e+002	
  6.9900000000000000e+003	 -1.3139341342974376e+002	  5.3134612894879876e+002	
  7.0200000000000000e+003	 -1.2712723503887362e+002	  5.5834052206994807e+002	
  7.0500000000000000e+003	 -1.3151947619775123e+002	  5.3474129952715009e+002	
  7.0800000000000000e+003	 -1.2493107390228286e+002	  5.1208827511329912e+002	
  7.1100000000000000e+003	 -1.1516055672650732e+002	  5.4258915540791725e+002	
  7.1400000000000000e+003	 -9.4186749922395677e+001	  5.3379330698046647e+002	
  7.1700000000000000e+003	 -1.0525560270191468e+002	  5.0303818980461955e+002	
  7.2000000000000000e+003	 -1.2974466120841555e+002	  5.1877842334158504e+002	
  7.2300000000000000e+003	 -1.3099956539256016e+002	  5.1401405726704184e+002	
  7.2600000000000000e+003	 -1.2553164919985036e+002	  5.2910865319807385e+002	
  7.2900000000000000e+003	 -1.2103188422848682e+002	  5.2928677009004855e+002	
  7.3200000000000000e+003	 -9.7064923618667009e+001	  5.1116990761952769e+002	
  7.3500000000000000e+003	 -6.7106222856392236e+001	  4.8852382953137641e+002	
  7.3800000000000000e+003	 -7.6929967513589304e+001	  4.8442598095524221e+002	
  7.4100000000000000e+003	 -1.0471777603284890e+002	  5.2594723963637784e+002	
  7.4400000000000000e+003	 -1.0471777603284890e+002	  5.2594723963637784e+002	
  7.4700000000000000e+003	 -1.0471777603284890e+002	  5.2594723963637784e+002	
  7.5000000000000000e+003	 -1.0471777603284890e+002	  5.2594723963637784e+002	
  7.5300000000000000e+003	 -1.0471777603284890e+002	  5.2594723963637784e+002	
  7.5600000000000000e+003	 -1.0471777603284890e+002	  5.2594723963637784e+002	
  7.5900000000000000e+003	 -1.0471777603284890e+002	  5.2594723963637784e+002	
  7.6200000000000000e+003	 -1.0471777603284890e+002	  5.2594723963637784e+002	
  7.6500000000000000e+003	 -1.0471777603284890e+002	  5.2594723963637784e+002	
  7.6800000000000000e+003	 -1.0471777603284890e+002	  5.2594723963637784e+002	
  7.7100000000000000e+003	 -1.0471777603284890e+002	  5.2594723963637784e+002	
  7.7400000000000000e+003	 -1.0471777603284890e+002	  5.2594723963637784e+002	
  7.7700000000000000e+003	 -1.0471777603284890e+002	  5.2594723963637784e+002	
  7.8000000000000000e+003	 -1.0471777603284890e+002	  5.2594723963637784e+002	
  7.8300000000000000e+003	 -1.1887695086490885e+002	  5.3752349696788929e+002	
  7.8600000000000000e+003	 -1.3566076189423043e+002	  5.6214757034484751e+002	
  7.8900000000000000e+003	 -1.2802360576262433e+002	  5.6657798817771823e+002	
  7.9200000000000000e+003	 -1.2882821645220497e+002	  5.6319607114075018e+002	
  7.9500000000000000e+003	 -1.2966057233797810e+002	  5.5969753627492105e+002	
  7.9800000000000000e+003	 -1.3049292822375122e+002	  5.5619900140909181e+002	
  8.0100000000000000e+003	 -1.3132528410952429e+002	  5.5270046654326268e+002	
  8.0400000000000000e+003	 -1.6701603943607273e+002	  5.4431456724976795e+002	
  8.0700000000000000e+003	 -1.2741406195542454e+002	  5.5199545151418647e+002	
  8.1000000000000000e+003	 -1.3402935550410842e+002	  5.4993608858196751e+002	
  8.1300000000000000e+003	 -1.3094580650948492e+002	  5.4843329768824287e+002	
  8.1600000000000000e+003	 -1.3253236656650679e+002	  5.5369859287070597e+002	
  8.1900000000000000e+003	 -1.2268118088471715e+002	  5.5299730551669234e+002	
  8.2200000000000000e+003	 -1.3480918937589826e+002	  5.6316055147358179e+002	
  8.2500000000000000e+003	 -1.2999560647914444e+002	  5.5870786498300254e+002	
  8.2800000000000000e+003	 -1.3020178181037173e+002	  5.5773941919534832e+002	
  8.3100000000000000e+003	 -1.2524482136994763e+002	  5.5789525419911263e+002	
  8.3400000000000000e+003	 -1.2524482136994763e+002	  5.5789525419911263e+002	
  8.3700000000000000e+003	 -1.2524482136994763e+002	  5.5789525419911263e+002	
  8.4000000000000000e+003	 -1.2524482136994763e+002	  5.5789525419911263e+002	
  8.4300000000000000e+003	 -1.2524482136994763e+002	  5.5789525419911263e+002	
  8.4600000000000000e+003	 -1.2524482136994763e+002	  5.5789525419911263e+002	
  8.4900000000000000e+003	 -1.2524482136994763e+002	  5.5789525419911263e+002	
  8.5200000000000000e+003	 -1.2524482136994763e+002	  5.5789525419911263e+002	
  8.5500000000000000e+003	 -1.2524482136994763e+002	  5.5789525419911263e+002	
  8.5800000000000000e+003	 -1.2524482136994763e+002	  5.5789525419911263e+002	
  8.6100000000000000e+003	 -1.2524482136994763e+002	  5.5789525419911263e+002	
  8.6400000000000000e+003	 -1.2524482136994763e+002	  5.5789525419911263e+002	
  8.6700000000000000e+003	 -1.2524482136994763e+002	  5.5789525419911263e+002	
  8.7000000000000000e+003	 -1.2524482136994763e+002	  5.5789525419911263e+002	
  8.7300000000000000e+003	 -1.2524482136994763e+002	  5.5789525419911263e+002	
  8.7600000000000000e+003	 -1.5258436348712783e+002	  5.6156872633607179e+002	
  8.7900000000000000e+003	 -1.5258436348712783e+002	  5.6156872633607179e+002	
  8.8200000000000000e+003	 -1.5258436348712783e+002	  5.6156872633607179e+002	
  8.8500000000000000e+003	 -1.5258436348712783e+002	  5.6156872633607179e+002	
  8.8800000000000000e+003	 -1.5258436348712783e+002	  5.6156872633607179e+002	
  8.9100000000000000e+003	 -1.5258436348712783e+002	  5.6156872633607179e+002	
  8.9400000000000000e+003	 -1.5258436348712783e+002	  5.6156872633607179e+002	
  8.9700000000000000e+003	 -1.5258436348712783e+002	  5.6156872633607179e+002	
  9.0000000000000000e+003	 -1.5258436348712783e+002	  5.6156872633607179e+002	
  9.0300000000000000e+003	 -1.5258436348712783e+002	  5.6156872633607179e+002	
  9.0600000000000000e+003	 -1.5258436348712783e+002	  5.6156872633607179e+002	
  9.0900000000000000e+003	 -1.5119147287856944e+002	  5.4674216943350518e+002	
  9.1200000000000000e+003	 -1.4743141381170554e+002	  5.0671840204694229e+002	
  9.1500000000000000e+003	 -1.4367135474484166e+002	  4.6669463466037939e+002	
  9.1800000000000000e+003	 -1.2607846263368690e+002	  4.4132397692758030e+002	
  9.2100000000000000e+003	 -1.0768474854600829e+002	  4.3795108807961344e+002	
  9.2400000000000000e+003	 -1.4544022958621238e+002	  4.3943159736551672e+002	
  9.2700000000000000e+003	 -1.3687087259087775e+002	  4.0002534551237466e+002	
  9.3000000000000000e+003	 -1.3420857720971014e+002	  4.0383240102523604e+002	
  9.3300000000000000e+003	 -1.3420857720971014e+002	  4.0383240102523604e+002	
  9.3600000000000000e+003	 -1.3420857720971014e+002	  4.0383240102523604e+002	
  9.3900000000000000e+003	 -1.3420857720971014e+002	  4.0383240102523604e+002	
  9.4200000000000000e+003	 -1.3420857720971014e+002	  4.0383240102523604e+002	
  9.4500000000000000e+003	 -1.3420857720971014e+002	  4.0383240102523604e+002	
  9.4800000000000000e+003	 -1.3420857720971014e+002	  4.0383240102523604e+002	
  9.5100000000000000e+003	 -1.3420857720971014e+002	  4.0383240102523604e+002	
  9.5400000000000000e+003	 -1.3420857720971014e+002	  4.0383240102523604e+002	
  9.5700000000000000e+003	 -1.3420857720971014e+002	  4.0383240102523604e+002	
  9.6000000000000000e+003	 -1.3420857720971014e+002	  4.0383240102523604e+002	
  9.6300000000000000e+003	 -1.3420857720971014e+002	  4.0383240102523604e+002	
  9.6600000000000000e+003	 -1.3420857720971014e+002	  4.0383240102523604e+002	
  9.6900000000000000e+003	 -1.3420857720971014e+002	  4.0383240102523604e+002	
  9.7200000000000000e+003	 -1.4416740268694232e+002	  4.1471220367806768e+002	
  9.7500000000000000e+003	 -1.7131030709345981e+002	  4.4436524298905067e+002	
  9.7800000000000000e+003	 -1.4880166559776285e+002	  3.9845577125583634e+002	
  9.8100000000000000e+003	 -1.2995975315453640e+002	  3.6627400473632923e+002	
  9.8400000000000000e+003	 -1.3199457098843797e+002	  3.2519797909523641e+002	
  9.8700000000000000e+003	 -1.5431438586335810e+002	  2.9360619546657102e+002	
  9.9000000000000000e+003	 -1.4913333428707932e+002	  2.4745410385279357e+002	
  9.9300000000000000e+003	 -1.3057829613626663e+002	  2.0581042215327534e+002	
  9.9600000000000000e+003	 -1.1263281776637298e+002	  1.6798484511158318e+002	
  9.9900000000000000e+003	 -8.8520168528032542e+001	  1.3000347151130273e+002	
  1.0020000000000000e+004	 -6.6899545865749900e+001	  9.5239050760928080e+001	
  1.0050000000000000e+004	 -4.5243112730345764e+001	  5.5587933308382752e+001	
  1.0080000000000000e+004	 -4.6686241135681037e+001	  1.9910609782746889e+001	
  1.0110000000000000e+004	 -2.5630172589763113e+001	 -1.7090612841948008e+001	
  1.0140000000000000e+004	 -1.5823930493033075e+001	 -3.3020406167336034e+001	
  1.0170000000000000e+004	 -1.4371645129997194e+001	 -3.3855126974074963e+001	
  1.0200000000000000e+004	  1.7126855149439042e+001	 -4.2103854823411289e+001	
  1.0230000000000000e+004	  5.7965988942921889e+001	 -2.2178119793074210e+001	
  1.0260000000000000e+004	  7.6978137074620591e+001	 -1.0178167299394961e+001	
  1.0290000000000000e+004	  8.0303714963637717e+001	 -6.6708316836589265e+000	
  1.0320000000000000e+004	  8.1702032731218281e+001	 -5.1253480781997229e+000	
  1.0350000000000000e+004	  8.0841533173568536e+001	 -9.4099198877903909e+000	
  1.0380000000000000e+004	  7.5185351957825404e+001	 -8.2412578326609243e+000	
  1.0410000000000000e+004	  1.3258050704110340e+002	  3.3647329234890513e+001	
  1.0440000000000000e+004	  5.1841765884347456e+002	  3.4219609921770382e+002	
  1.0470000000000000e+004	  9.3965281375376640e+002	  6.8872624417288830e+002	
  1.0500000000000000e+004	  1.1041920485382782e+003	  8.0558693718842426e+002	
  1.0530000000000000e+004	  1.3332167480339963e+003	  9.5048840516630912e+002	
  1.0560000000000000e+004	  1.3897961587274290e+003	  8.7587255302298877e+002	
  1.0590000000000000e+004	  1.3922253443091422e+003	  4.5430355806641029e+002	
  1.0620000000000000e+004	  1.3878868715299986e+003	  3.0021842702185359e+002	
  1.0650000000000000e+004	  1.3968506566229410e+003	  2.5624819851446790e+002	
  1.0680000000000000e+004	  1.3953537049611091e+003	 -9.1506407046454825e+001	
  1.0710000000000000e+004	  1.3864257751691994e+003	 -3.9767298013325916e+002	
  1.0740000000000000e+004	  1.1889984146674203e+003	 -4.0063402577056928e+002	
  1.0770000000000000e+004	  1.2000059420576852e+003	 -3.8666371979466692e+002	
  1.0800000000000000e+004	  1.1910242319778699e+003	 -3.9218504468598593e+002	
  1.0830000000000000e+004	  1.0857535360603258e+003	 -4.0179172659803231e+002	
  1.0860000000000000e+004	  9.3189913669555608e+002	 -4.8942054262228885e+002	
  1.0890000000000000e+004	  9.3493785981169151e+002	 -6.1879327721730624e+002	
  1.0920000000000000e+004	  9.3084141052331108e+002	 -6.2044075782578386e+002	
  1.0950000000000000e+004	  9.2626988292851217e+002	 -6.2866709263161715e+002	
  1.0980000000000000e+004	  9.1606908948948899e+002	 -6.3334241657073869e+002	
  1.1010000000000000e+004	  9.3135235086556020e+002	 -7.8956484198555268e+002	
  1.1040000000000000e+004	  9.3414008455594899e+002	 -1.0176090407986645e+003	
  1.1070000000000000e+004	  9.2635952164531921e+002	 -1.3420427329773643e+003	
  1.1100000000000000e+004	  9.3182742236762874e+002	 -1.4010964532867572e+003	
  1.1130000000000000e+004	  1.0220748105129230e+003	 -1.4611854266416599e+003	
  1.1160000000000000e+004	  1.1370622443939951e+003	 -1.4759349410783798e+003	
  1.1190000000000000e+004	  1.1875731694906085e+003	 -1.5371482168838897e+003	
  1.1220000000000000e+004	  1.2062357727665762e+003	 -1.5753411129757380e+003	
  1.1250000000000000e+004	  1.2749700748096882e+003	 -1.5703318401865986e+003	
  1.1280000000000000e+004	  1.2838531877851099e+003	 -1.5675823087780238e+003	
  1.1310000000000000e+004	  1.2907194479700897e+003	 -1.5586546775610377e+003	
  1.1340000000000000e+004	  1.2945738698637026e+003	 -1.5562279663347438e+003	
  1.1370000000000000e+004	  1.2974422860555446e+003	 -1.5661463186164017e+003	
  1.1400000000000000e+004	  1.4787169042314517e+003	 -1.5952334780796637e+003	
  1.1430000000000000e+004	  1.6256333383888209e+003	 -1.5852149412752492e+003	
  1.1460000000000000e+004	  1.6392493301128111e+003	 -1.5900461030812107e+003	
  1.1490000000000000e+004	  1.6355472834322709e+003	 -1.5863949044134019e+003	
  1.1520000000000000e+004	  1.7021033868958953e+003	 -1.6969995723969237e+003	
  1.1550000000000000e+004	  1.7198964995125530e+003	 -1.8238342725954110e+003	
  1.1580000000000000e+004	  1.7318183341969084e+003	 -1.8285095891335229e+003	
  1.1610000000000000e+004	  1.7299897215161550e+003	 -1.9349732675700166e+003	
  1.1640000000000000e+004	  1.7753375076765217e+003	 -2.1188357191335240e+003	
  1.1670000000000000e+004	  1.9244411058675353e+003	 -2.1201269990380270e+003	
  1.1700000000000000e+004	  1.9940986783922679e+003	 -2.0901047762389971e+003	
  1.1730000000000000e+004	  2.1266999461999153e+003	 -2.0885129426549292e+003	
  1.1760000000000000e+004	  2.2414632845996375e+003	 -2.0906613613684958e+003	
  1.1790000000000000e+004	  2.2724152323375720e+003	 -2.0520343272636519e+003	
  1.1820000000000000e+004	  2.2687490449015290e+003	 -2.0412143071049309e+003	
  1.1850000000000000e+004	  2.2741004226316272e+003	 -2.0522013024544717e+003	
  1.1880000000000000e+004	  2.4260634676641757e+003	 -2.0816224147087714e+003	
  1.1910000000000000e+004	  2.5716263680447050e+003	 -2.0680862526846367e+003	
  1.1940000000000000e+004	  2.7656474912604349e+003	 -2.0819452331856010e+003	
  1.1970000000000000e+004	  2.7864076160804048e+003	 -1.9944945193062381e+003	
  1.2000000000000000e+004	  2.7862641941798829e+003	 -1.9648953016104588e+003	
  1.2030000000000000e+004	  2.7780533689608628e+003	 -1.9653850991749387e+003	
  1.2060000000000000e+004	  2.7866317106626802e+003	 -1.8394297975418363e+003	
  1.2090000000000000e+004	  2.7947977172227497e+003	 -1.7599605235087929e+003	
  1.2120000000000000e+004	  2.7941971439190020e+003	 -1.6422204252437496e+003	
  1.2150000000000000e+004	  2.8090232449267996e+003	 -1.6236193396835083e+003	
  1.2180000000000000e+004	  2.9417320788600482e+003	 -1.6017232665798381e+003	
  1.2210000000000000e+004	  3.0756330947760625e+003	 -1.5892446176856233e+003	
  1.2240000000000000e+004	  3.2138546565652023e+003	 -1.5978828259825791e+003	
  1.2270000000000000e+004	  3.3721013108788220e+003	 -1.6038494199306394e+003	
  1.2300000000000000e+004	  3.3803390289159993e+003	 -1.7208436943239981e+003	
  1.2330000000000000e+004	  3.3894103793762756e+003	 -1.8252034744919649e+003	
  1.2360000000000000e+004	  3.3902440101959692e+003	 -1.8282424321534334e+003	
  1.2390000000000000e+004	  3.3901633365106109e+003	 -1.8284539316494261e+003	
  1.2420000000000000e+004	  3.3943135691546859e+003	 -1.9248990693099095e+003	
  1.2450000000000000e+004	  3.3921532965159786e+003	 -2.1298338495168109e+003	
  1.2480000000000000e+004	  3.2686950904940777e+003	 -2.4460634671174666e+003	
  1.2510000000000000e+004	  3.1578489286734480e+003	 -2.5610985570341327e+003	
  1.2540000000000000e+004	  3.0537614583898421e+003	 -2.6536921214890408e+003	
  1.2570000000000000e+004	  2.9717517932294259e+003	 -2.7462745533321731e+003	
  1.2600000000000000e+004	  2.8172609621474608e+003	 -2.8914765786922862e+003	
  1.2630000000000000e+004	  2.7180677221350197e+003	 -2.9946118709028933e+003	
  1.2660000000000000e+004	  2.6622323041794643e+003	 -3.0347305534238426e+003	
  1.2690000000000000e+004	  2.6609863399966162e+003	 -3.0303446612691250e+003	
  1.2720000000000000e+004	  2.6521211544576372e+003	 -3.0447379597898421e+003	
  1.2750000000000000e+004	  2.6116407028526132e+003	 -3.0826191689133711e+003	
  1.2780000000000000e+004	  2.5599913758607254e+003	 -3.1428639843522269e+003	
  1.2810000000000000e+004	  2.4514489055805411e+003	 -3.2521996388573380e+003	
  1.2840000000000000e+004	  2.4434083907145209e+003	 -3.2448972364766414e+003	
  1.2870000000000000e+004	  2.3605740560271302e+003	 -3.3275279204440731e+003	
  1.2900000000000000e+004	  2.2629046573877840e+003	 -3.4380101427270492e+003	
  1.2930000000000000e+004	  2.2621337712615677e+003	 -3.4324888151585824e+003	
  1.2960000000000000e+004	  2.1492797196595625e+003	 -3.5208523263979355e+003	
  1.2990000000000000e+004	  1.9879136642707840e+003	 -3.6812825316999028e+003	
  1.3020000000000000e+004	  1.9096329365546626e+003	 -3.7468037762262493e+003	
  1.3050000000000000e+004	  1.8892134322932586e+003	 -3.7857202335906404e+003	
  1.3080000000000000e+004	  1.7352693899521691e+003	 -3.9394602795949095e+003	
  1.3110000000000000e+004	  1.7283134914097914e+003	 -3.9268257900722710e+003	
  1.3140000000000000e+004	  1.7352156078205735e+003	 -3.9055530925107510e+003	
  1.3170000000000000e+004	  1.7454701768210543e+003	 -3.8684844987690135e+003	
  1.3200000000000000e+004	  1.7737778114135385e+003	 -3.8624288478535555e+003	
  1.3230000000000000e+004	  1.7770495896708853e+003	 -3.8605030629832036e+003	
  1.3260000000000000e+004	  1.7770495896708853e+003	 -3.8605030629832036e+003	
  1.3290000000000000e+004	  1.7770495896708853e+003	 -3.8605030629832036e+003	
  1.3320000000000000e+004	  1.7770495896708853e+003	 -3.8605030629832036e+003	
  1.3350000000000000e+004	  1.7770495896708853e+003	 -3.8605030629832036e+003	
  1.3380000000000000e+004	  1.7770495896708853e+003	 -3.8605030629832036e+003	
  1.3410000000000000e+004	  1.7770495896708853e+003	 -3.8605030629832036e+003	
  1.3440000000000000e+004	  1.7770495896708853e+003	 -3.8605030629832036e+003	
  1.3470000000000000e+004	  1.7770495896708853e+003	 -3.8605030629832036e+003	
  1.3500000000000000e+004	  1.7770495896708853e+003	 -3.8605030629832036e+003	
  1.3530000000000000e+004	  1.7770495896708853e+003	 -3.8605030629832036e+003	
  1.3560000000000000e+004	  1.7770495896708853e+003	 -3.8605030629832036e+003	
  1.3590000000000000e+004	  1.7770495896708853e+003	 -3.8605030629832036e+003	
  1.3620000000000000e+004	  1.7770495896708853e+003	 -3.8605030629832036e+003	
  1.3650000000000000e+004	  1.7770495896708853e+003	 -3.8605030629832036e+003	
  1.3680000000000000e+004	  1.7770495896708853e+003	 -3.8605030629832036e+003	
  1.3710000000000000e+004	  1.7770495896708853e+003	 -3.8605030629832036e+003	
  1.3740000000000000e+004	  1.7770495896708853e+003	 -3.8605030629832036e+003	
  1.3770000000000000e+004	  1.7770495896708853e+003	 -3.8605030629832036e+003	
  1.3800000000000000e+004	  1.7770495896708853e+003	 -3.8605030629832036e+003	
  1.3830000000000000e+004	  1.7770495896708853e+003	 -3.8605030629832036e+003	
  1.3860000000000000e+004	  1.7770495896708853e+003	 -3.8605030629832036e+003	
  1.3890000000000000e+004	  1.7770495896708853e+003	 -3.8605030629832036e+003	
  1.3920000000000000e+004	  1.7770495896708853e+003	 -3.8605030629832036e+003	
  1.3950000000000000e+004	  1.7770495896708853e+003	 -3.8605030629832036e+003	
  1.3980000000000000e+004	  1.7770495896708853e+003	 -3.8605030629832036e+003	
  1.4010000000000000e+004	  1.7770495896708853e+003	 -3.8605030629832036e+003	
  1.4040000000000000e+004	  1.7770495896708853e+003	 -3.8605030629832036e+003	
  1.4070000000000000e+004	  1.7770495896708853e+003	 -3.8605030629832036e+003	
  1.4100000000000000e+004	  1.7770495896708853e+003	 -3.8605030629832036e+003	
  1.4130000000000000e+004	  1.7770495896708853e+003	 -3.8605030629832036e+003	
  1.4160000000000000e+004	  1.7770495896708853e+003	 -3.8605030629832036e+003	
  1.4190000000000000e+004	  1.7770495896708853e+003	 -3.8605030629832036e+003	
  1.4220000000000000e+004	  1.7770495896708853e+003	 -3.8605030629832036e+003	
  1.4250000000000000e+004	  1.7770495896708853e+003	 -3.8605030629832036e+003	
  1.4280000000000000e+004	  1.7770495896708853e+003	 -3.8605030629832036e+003	
  1.4310000000000000e+004	  1.7770495896708853e+003	 -3.8605030629832036e+003	
  1.4340000000000000e+004	  1.7770495896708853e+003	 -3.8605030629832036e+003	
  1.4370000000000000e+004	  1.7770495896708853e+003	 -3.8605030629832036e+003	
  1.4400000000000000e+004	  1.7770495896708853e+003	 -3.8605030629832036e+003	
  1.4430000000000000e+004	  1.7770495896708853e+003	 -3.8605030629832036e+003	
  1.4460000000000000e+004	  1.7770495896708853e+003	 -3.8605030629832036e+003	
  1.4490000000000000e+004	  1.7770495896708853e+003	 -3.8605030629832036e+003	
  1.4520000000000000e+004	  1.7770495896708853e+003	 -3.8605030629832036e+003	
  1.4550000000000000e+004	  1.7770495896708853e+003	 -3.8605030629832036e+003	
  1.4580000000000000e+004	  1.7770495896708853e+003	 -3.8605030629832036e+003	
  1.4610000000000000e+004	  1.7770495896708853e+003	 -3.8605030629832036e+003	
  1.4640000000000000e+004	  1.7770495896708853e+003	 -3.8605030629832036e+003	
  1.4670000000000000e+004	  1.7770495896708853e+003	 -3.8605030629832036e+003	
  1.4700000000000000e+004	  1.7770495896708853e+003	 -3.8605030629832036e+003	
  1.4730000000000000e+004	  1.7770495896708853e+003	 -3.8605030629832036e+003	
  1.4760000000000000e+004	  1.7770495896708853e+003	 -3.8605030629832036e+003	
  1.4790000000000000e+004	  1.7770495896708853e+003	 -3.8605030629832036e+003	
  1.4820000000000000e+004	  1.7770495896708853e+003	 -3.8605030629832036e+003	
  1.4850000000000000e+004	  1.7770495896708853e+003	 -3.8605030629832036e+003	
  1.4880000000000000e+004	  1.7770495896708853e+003	 -3.8605030629832036e+003	
  1.4910000000000000e+004	  1.7770495896708853e+003	 -3.8605030629832036e+003	
  1.4940000000000000e+004	  1.7770495896708853e+003	 -3.8605030629832036e+003	
  1.4970000000000000e+004	  1.7770495896708853e+003	 -3.8605030629832036e+003	
  1.5000000000000000e+004	  1.7770495896708853e+003	 -3.8605030629832036e+003	
  1.5030000000000000e+004	  1.7770495896708853e+003	 -3.8605030629832036e+003	
  1.5060000000000000e+004	  1.7770495896708853e+003	 -3.8605030629832036e+003	
  1.5090000000000000e+004	  1.7770495896708853e+003	 -3.8605030629832036e+003	
  1.5120000000000000e+004	  1.7770495896708853e+003	 -3.8605030629832036e+003	
  1.5150000000000000e+004	  1.7770495896708853e+003	 -3.8605030629832036e+003	
  1.5180000000000000e+004	  1.7770495896708853e+003	 -3.8605030629832036e+003	
  1.5210000000000000e+004	  1.7770495896708853e+003	 -3.8605030629832036e+003	
  1.5240000000000000e+004	  1.7770495896708853e+003	 -3.8605030629832036e+003	
  1.5270000000000000e+004	  1.7770495896708853e+003	 -3.8605030629832036e+003	
  1.5300000000000000e+004	  1.7770495896708853e+003	 -3.8605030629832036e+003	
  1.5330000000000000e+004	  1.7770495896708853e+003	 -3.8605030629832036e+003	
  1.5360000000000000e+004	  1.7770495896708853e+003	 -3.8605030629832036e+003	
  1.5390000000000000e+004	  1.7770495896708853e+003	 -3.8605030629832036e+003	
  1.5420000000000000e+004	  1.7770495896708853e+003	 -3.8605030629832036e+003	
  1.5450000000000000e+004	  1.7770495896708853e+003	 -3.8605030629832036e+003	
  1.5480000000000000e+004	  1.7770495896708853e+003	 -3.8605030629832036e+003	
  1.5510000000000000e+004	  1.7770495896708853e+003	 -3.8605030629832036e+003	
  1.5540000000000000e+004	  1.7770495896708853e+003	 -3.8605030629832036e+003	
  1.5570000000000000e+004	  1.7770495896708853e+003	 -3.8605030629832036e+003	
  1.5600000000000000e+004	  1.7770495896708853e+003	 -3.8605030629832036e+003	
  1.5630000000000000e+004	  1.7770495896708853e+003	 -3.8605030629832036e+003	
  1.5660000000000000e+004	  1.7770495896708853e+003	 -3.8605030629832036e+003	
  1.5690000000000000e+004	  1.7770495896708853e+003	 -3.8605030629832036e+003	
  1.5720000000000000e+004	  1.7770495896708853e+003	 -3.8605030629832036e+003	
  1.5750000000000000e+004	  1.7770495896708853e+003	 -3.8605030629832036e+003	
  1.5780000000000000e+004	  1.7770495896708853e+003	 -3.8605030629832036e+003	
  1.5810000000000000e+004	  1.7770495896708853e+003	 -3.8605030629832036e+003	
  1.5840000000000000e+004	  1.7770495896708853e+003	 -3.8605030629832036e+003	
  1.5870000000000000e+004	  1.7770495896708853e+003	 -3.8605030629832036e+003	
  1.5900000000000000e+004	  1.7770495896708853e+003	 -3.8605030629832036e+003	
  1.5930000000000000e+004	  1.7770495896708853e+003	 -3.8605030629832036e+003	
  1.5960000000000000e+004	  1.7770495896708853e+003	 -3.8605030629832036e+003	
  1.5990000000000000e+004	  1.7770495896708853e+003	 -3.8605030629832036e+003	
  1.6020000000000000e+004	  1.7770495896708853e+003	 -3.8605030629832036e+003	
  1.6050000000000000e+004	  1.7770495896708853e+003	 -3.8605030629832036e+003	
  1.6080000000000000e+004	  1.7770495896708853e+003	 -3.8605030629832036e+003	
  1.6110000000000000e+004	  1.7770495896708853e+003	 -3.8605030629832036e+003	
  1.6140000000000000e+004	  1.7770495896708853e+003	 -3.8605030629832036e+003	
  1.6170000000000000e+004	  1.7770495896708853e+003	 -3.8605030629832036e+003	
  1.6200000000000000e+004	  1.7770495896708853e+003	 -3.8605030629832036e+003	
  1.6230000000000000e+004	  1.7770495896708853e+003	 -3.8605030629832036e+003	
  1.6260000000000000e+004	  1.7770495896708853e+003	 -3.8605030629832036e+003	
  1.6290000000000000e+004	  1.7770495896708853e+003	 -3.8605030629832036e+003	
  1.6320000000000000e+004	  1.7770495896708853e+003	 -3.8605030629832036e+003	
  1.6350000000000000e+004	  1.7770495896708853e+003	 -3.8605030629832036e+003	
  1.6380000000000000e+004	  1.7770495896708853e+003	 -3.8605030629832036e+003	
  1.6410000000000000e+004	  1.7770495896708853e+003	 -3.8605030629832036e+003	
  1.6440000000000000e+004	  1.7770495896708853e+003	 -3.8605030629832036e+003	
  1.6470000000000000e+004	  1.7770495896708853e+003	 -3.8605030629832036e+003	
  1.6500000000000000e+004	  1.7770495896708853e+003	 -3.8605030629832036e+003	
  1.6530000000000000e+004	  1.7770495896708853e+003	 -3.8605030629832036e+003	
  1.6560000000000000e+004	  1.7770495896708853e+003	 -3.8605030629832036e+003	
  1.6590000000000000e+004	  1.7770495896708853e+003	 -3.8605030629832036e+003	
  1.6620000000000000e+004	  1.7770495896708853e+003	 -3.8605030629832036e+003	
  1.6650000000000000e+004	  1.7770495896708853e+003	 -3.8605030629832036e+003	
  1.6680000000000000e+004	  1.7770495896708853e+003	 -3.8605030629832036e+003	
  1.6710000000000000e+004	  1.7770495896708853e+003	 -3.8605030629832036e+003	
  1.6740000000000000e+004	  1.7770495896708853e+003	 -3.8605030629832036e+003	
  1.6770000000000000e+004	  1.7770495896708853e+003	 -3.8605030629832036e+003	
  1.6800000000000000e+004	  1.7770495896708853e+003	 -3.8605030629832036e+003	
  1.6830000000000000e+004	  1.7770495896708853e+003	 -3.8605030629832036e+003	
  1.6860000000000000e+004	  1.7770495896708853e+003	 -3.8605030629832036e+003	
  1.6890000000000000e+004	  1.7770495896708853e+003	 -3.8605030629832036e+003	
  1.6920000000000000e+004	  1.7770495896708853e+003	 -3.8605030629832036e+003	
  1.6950000000000000e+004	  1.7770495896708853e+003	 -3.8605030629832036e+003	
  1.6980000000000000e+004	  1.7770495896708853e+003	 -3.8605030629832036e+003	
  1.7010000000000000e+004	  1.7770495896708853e+003	 -3.8605030629832036e+003	
  1.7040000000000000e+004	  1.7770495896708853e+003	 -3.8605030629832036e+003	
  1.7070000000000000e+004	  1.7770495896708853e+003	 -3.8605030629832036e+003	
  1.7100000000000000e+004	  1.7770495896708853e+003	 -3.8605030629832036e+003	
  1.7130000000000000e+004	  1.7770495896708853e+003	 -3.8605030629832036e+003	
  1.7160000000000000e+004	  1.7770495896708853e+003	 -3.8605030629832036e+003	
  1.7190000000000000e+004	  1.7770495896708853e+003	 -3.8605030629832036e+003	
  1.7220000000000000e+004	  1.7770495896708853e+003	 -3.8605030629832036e+003	
  1.7250000000000000e+004	  1.7770495896708853e+003	 -3.8605030629832036e+003	
  1.7280000000000000e+004	  1.7770495896708853e+003	 -3.8605030629832036e+003	
  1.7310000000000000e+004	  1.7770495896708853e+003	 -3.8605030629832036e+003	
  1.7340000000000000e+004	  1.7770495896708853e+003	 -3.8605030629832036e+003	
  1.7370000000000000e+004	  1.7770495896708853e+003	 -3.8605030629832036e+003	
  1.7400000000000000e+004	  1.7770495896708853e+003	 -3.8605030629832036e+003	
  1.7430000000000000e+004	  1.7770495896708853e+003	 -3.8605030629832036e+003	
  1.7460000000000000e+004	  1.7770495896708853e+003	 -3.8605030629832036e+003	
  1.7490000000000000e+004	  1.7770495896708853e+003	 -3.8605030629832036e+003	
  1.7520000000000000e+004	  1.7770495896708853e+003	 -3.8605030629832036e+003	
  1.7550000000000000e+004	  1.7770495896708853e+003	 -3.8605030629832036e+003	
  1.7580000000000000e+004	  1.7770495896708853e+003	 -3.8605030629832036e+003	
  1.7610000000000000e+004	  1.7770495896708853e+003	 -3.8605030629832036e+003	
  1.7640000000000000e+004	  1.7770495896708853e+003	 -3.8605030629832036e+003	
  1.7670000000000000e+004	  1.7770495896708853e+003	 -3.8605030629832036e+003	
  1.7700000000000000e+004	  1.7770495896708853e+003	 -3.8605030629832036e+003	
  1.7730000000000000e+004	  1.7770495896708853e+003	 -3.8605030629832036e+003	
  1.7760000000000000e+004	  1.7770495896708853e+003	 -3.8605030629832036e+003	
  1.7790000000000000e+004	  1.7770495896708853e+003	 -3.8605030629832036e+003	
  1.7820000000000000e+004	  1.7770495896708853e+003	 -3.8605030629832036e+003	
  1.7850000000000000e+004	  1.7770495896708853e+003	 -3.8605030629832036e+003	
  1.7880000000000000e+004	  1.7770495896708853e+003	 -3.8605030629832036e+003	
  1.7910000000000000e+004	  1.7770495896708853e+003	 -3.8605030629832036e+003	
  1.7940000000000000e+004	  1.7770495896708853e+003	 -3.8605030629832036e+003	
  1.7970000000000000e+004	  1.7770495896708853e+003	 -3.8605030629832036e+003	
  1.8000000000000000e+004	  1.7770495896708853e+003	 -3.8605030629832036e+003	
  1.8030000000000000e+004	  1.7770495896708853e+003	 -3.8605030629832036e+003	
  1.8060000000000000e+004	  1.7770495896708853e+003	 -3.8605030629832036e+003	
  1.8090000000000000e+004	  1.7770495896708853e+003	 -3.8605030629832036e+003	
  1.8120000000000000e+004	  1.7770495896708853e+003	 -3.8605030629832036e+003	
  1.8150000000000000e+004	  1.7770495896708853e+003	 -3.8605030629832036e+003	
  1.8180000000000000e+004	  1.7770495896708853e+003	 -3.8605030629832036e+003	
  1.8210000000000000e+004	  1.7770495896708853e+003	 -3.8605030629832036e+003	
  1.8240000000000000e+004	  1.7770495896708853e+003	 -3.8605030629832036e+003	
  1.8270000000000000e+004	  1.7770495896708853e+003	 -3.8605030629832036e+003	
  1.8300000000000000e+004	  1.7770495896708853e+003	 -3.8605030629832036e+003	
  1.8330000000000000e+004	  1.7770495896708853e+003	 -3.8605030629832036e+003	
  1.8360000000000000e+004	  1.7770495896708853e+003	 -3.8605030629832036e+003	
  1.8390000000000000e+004	  1.7770495896708853e+003	 -3.8605030629832036e+003	
  1.8420000000000000e+004	  1.7770495896708853e+003	 -3.8605030629832036e+003	
  1.8450000000000000e+004	  1.7770495896708853e+003	 -3.8605030629832036e+003	
  1.8480000000000000e+004	  1.7770495896708853e+003	 -3.8605030629832036e+003	
  1.8510000000000000e+004	  1.7770495896708853e+003	 -3.8605030629832036e+003	
  1.8540000000000000e+004	  1.7770495896708853e+003	 -3.8605030629832036e+003	
  1.8570000000000000e+004	  1.7770495896708853e+003	 -3.8605030629832036e+003	
  1.8600000000000000e+004	  1.7770495896708853e+003	 -3.8605030629832036e+003	
  1.8630000000000000e+004	  1.7770495896708853e+003	 -3.8605030629832036e+003	
  1.8660000000000000e+004	  1.7770495896708853e+003	 -3.8605030629832036e+003	
  1.8690000000000000e+004	  1.7770495896708853e+003	 -3.8605030629832036e+003	
  1.8720000000000000e+004	  1.7770495896708853e+003	 -3.8605030629832036e+003	
  1.8750000000000000e+004	  1.7770495896708853e+003	 -3.8605030629832036e+003	
  1.8780000000000000e+004	  1.7770495896708853e+003	 -3.8605030629832036e+003	
  1.8810000000000000e+004	  1.7770495896708853e+003	 -3.8605030629832036e+003	
  1.8840000000000000e+004	  1.7770495896708853e+003	 -3.8605030629832036e+003	
  1.8870000000000000e+004	  1.7770495896708853e+003	 -3.8605030629832036e+003	
  1.8900000000000000e+004	  1.7770495896708853e+003	 -3.8605030629832036e+003	
  1.8930000000000000e+004	  1.7770495896708853e+003	 -3.8605030629832036e+003	
  1.8960000000000000e+004	  1.7770495896708853e+003	 -3.8605030629832036e+003	
  1.8990000000000000e+004	  1.7770495896708853e+003	 -3.8605030629832036e+003	
  1.9020000000000000e+004	  1.7770495896708853e+003	 -3.8605030629832036e+003	
  1.9050000000000000e+004	  1.7770495896708853e+003	 -3.8605030629832036e+003	
  1.9080000000000000e+004	  1.7770495896708853e+003	 -3.8605030629832036e+003	
  1.9110000000000000e+004	  1.7770495896708853e+003	 -3.8605030629832036e+003	
  1.9140000000000000e+004	  1.7770495896708853e+003	 -3.8605030629832036e+003	
  1.9170000000000000e+004	  1.7770495896708853e+003	 -3.8605030629832036e+003	
  1.9200000000000000e+004	  1.7770495896708853e+003	 -3.8605030629832036e+003	
  1.9230000000000000e+004	  1.7770495896708853e+003	 -3.8605030629832036e+003	
  1.9260000000000000e+004	  1.7770495896708853e+003	 -3.8605030629832036e+003	
  1.9290000000000000e+004	  1.7770495896708853e+003	 -3.8605030629832036e+003	
  1.9320000000000000e+004	  1.7770495896708853e+003	 -3.8605030629832036e+003	
  1.9350000000000000e+004	  1.7770495896708853e+003	 -3.8605030629832036e+003	
  1.9380000000000000e+004	  1.7770495896708853e+003	 -3.8605030629832036e+003	
  1.9410000000000000e+004	  1.7770495896708853e+003	 -3.8605030629832036e+003	
  1.9440000000000000e+004	  1.7770495896708853e+003	 -3.8605030629832036e+003	
  1.9470000000000000e+004	  1.7770495896708853e+003	 -3.8605030629832036e+003	
  1.9500000000000000e+004	  1.7770495896708853e+003	 -3.8605030629832036e+003	
  1.9530000000000000e+004	  1.7770495896708853e+003	 -3.8605030629832036e+003	
  1.9560000000000000e+004	  1.7770495896708853e+003	 -3.8605030629832036e+003	
  1.9590000000000000e+004	  1.7770495896708853e+003	 -3.8605030629832036e+003	
  1.9620000000000000e+004	  1.7770495896708853e+003	 -3.8605030629832036e+003	
  1.9650000000000000e+004	  1.7770495896708853e+003	 -3.8605030629832036e+003	
  1.9680000000000000e+004	  1.7770495896708853e+003	 -3.8605030629832036e+003	
  1.9710000000000000e+004	  1.7770495896708853e+003	 -3.8605030629832036e+003	
  1.9740000000000000e+004	  1.7770495896708853e+003	 -3.8605030629832036e+003	
  1.9770000000000000e+004	  1.7770495896708853e+003	 -3.8605030629832036e+003	
  1.9800000000000000e+004	  1.7770495896708853e+003	 -3.8605030629832036e+003	
  1.9830000000000000e+004	  1.7770495896708853e+003	 -3.8605030629832036e+003	
  1.9860000000000000e+004	  1.7770495896708853e+003	 -3.8605030629832036e+003	
  1.9890000000000000e+004	  1.7770495896708853e+003	 -3.8605030629832036e+003	
  1.9920000000000000e+004	  1.7770495896708853e+003	 -3.8605030629832036e+003	
  1.9950000000000000e+004	  1.7770495896708853e+003	 -3.8605030629832036e+003	
  1.9980000000000000e+004	  1.7770495896708853e+003	 -3.8605030629832036e+003	
  2.0010000000000000e+004	  1.7770495896708853e+003	 -3.8605030629832036e+003	
  2.0040000000000000e+004	  1.7770495896708853e+003	 -3.8605030629832036e+003	
  2.0070000000000000e+004	  1.7770495896708853e+003	 -3.8605030629832036e+003	
  2.0100000000000000e+004	  1.7770495896708853e+003	 -3.8605030629832036e+003	
  2.0130000000000000e+004	  1.7770495896708853e+003	 -3.8605030629832036e+003	
  2.0160000000000000e+004	  1.7770495896708853e+003	 -3.8605030629832036e+003	
  2.0190000000000000e+004	  1.7770495896708853e+003	 -3.8605030629832036e+003	
  2.0220000000000000e+004	  1.7770495896708853e+003	 -3.8605030629832036e+003	
  2.0250000000000000e+004	  1.7770495896708853e+003	 -3.8605030629832036e+003	
  2.0280000000000000e+004	  1.7770495896708853e+003	 -3.8605030629832036e+003	
  2.0310000000000000e+004	  1.7770495896708853e+003	 -3.8605030629832036e+003	
  2.0340000000000000e+004	  1.7770495896708853e+003	 -3.8605030629832036e+003	
  2.0370000000000000e+004	  1.7770495896708853e+003	 -3.8605030629832036e+003	
  2.0400000000000000e+004	  1.7770495896708853e+003	 -3.8605030629832036e+003	
  2.0430000000000000e+004	  1.7770495896708853e+003	 -3.8605030629832036e+003	
  2.0460000000000000e+004	  1.7770495896708853e+003	 -3.8605030629832036e+003	
  2.0490000000000000e+004	  1.7770495896708853e+003	 -3.8605030629832036e+003	
  2.0520000000000000e+004	  1.7770495896708853e+003	 -3.8605030629832036e+003	
  2.0550000000000000e+004	  1.7770495896708853e+003	 -3.8605030629832036e+003	
  2.0580000000000000e+004	  1.7770495896708853e+003	 -3.8605030629832036e+003	
  2.0610000000000000e+004	  1.7770495896708853e+003	 -3.8605030629832036e+003	
  2.0640000000000000e+004	  1.7770495896708853e+003	 -3.8605030629832036e+003	
  2.0670000000000000e+004	  1.7770495896708853e+003	 -3.8605030629832036e+003	
  2.0700000000000000e+004	  1.7770495896708853e+003	 -3.8605030629832036e+003	
  2.0730000000000000e+004	  1.7770495896708853e+003	 -3.8605030629832036e+003	
  2.0760000000000000e+004	  1.7770495896708853e+003	 -3.8605030629832036e+003	
  2.0790000000000000e+004	  1.7770495896708853e+003	 -3.8605030629832036e+003	
  2.0820000000000000e+004	  1.7770495896708853e+003	 -3.8605030629832036e+003	
  2.0850000000000000e+004	  1.7770495896708853e+003	 -3.8605030629832036e+003	
  2.0880000000000000e+004	  1.7770495896708853e+003	 -3.8605030629832036e+003	
  2.0910000000000000e+004	  1.7770495896708853e+003	 -3.8605030629832036e+003	
  2.0940000000000000e+004	  1.7770495896708853e+003	 -3.8605030629832036e+003	
  2.0970000000000000e+004	  1.7839256461176185e+003	 -3.8593996459088407e+003	
  2.1000000000000000e+004	  1.8236178302879341e+003	 -3.8530301470439636e+003	
  2.1030000000000000e+004	  1.8535465314898993e+003	 -3.8408221981613401e+003	
  2.1060000000000000e+004	  1.8521033638528886e+003	 -3.8228890143021026e+003	
  2.1090000000000000e+004	  1.8842385318261290e+003	 -3.7681432647354463e+003	
  2.1120000000000000e+004	  1.9028473495372277e+003	 -3.7687555094061418e+003	
  2.1150000000000000e+004	  1.9048552353620330e+003	 -3.7765811008576493e+003	
  2.1180000000000000e+004	  1.9026142891448671e+003	 -3.7657833429756006e+003	
  2.1210000000000000e+004	  1.9024887954086116e+003	 -3.7648816744381670e+003	
  2.1240000000000000e+004	  1.9022198842703606e+003	 -3.7659837115696928e+003	
  2.1270000000000000e+004	  1.9086200249748940e+003	 -3.7661395562628663e+003	
  2.1300000000000000e+004	  1.9083959291540818e+003	 -3.7640801907193381e+003	
  2.1330000000000000e+004	  1.8968326492684751e+003	 -3.7658167378889716e+003	
  2.1360000000000000e+004	  1.8893837414874092e+003	 -3.7769929742629765e+003	
  2.1390000000000000e+004	  2.0276501258573746e+003	 -3.6316684995152400e+003	
  2.1420000000000000e+004	  2.0834496835440259e+003	 -3.5714459483930746e+003	
  2.1450000000000000e+004	  2.2356188949849297e+003	 -3.4084109251350010e+003	
  2.1480000000000000e+004	  2.3513234299181959e+003	 -3.3311345945076901e+003	
  2.1510000000000000e+004	  2.4859684409901188e+003	 -3.1766487234876045e+003	
  2.1540000000000000e+004	  2.5378508265478749e+003	 -3.1513240823968531e+003	
  2.1570000000000000e+004	  2.5804646591219694e+003	 -3.1140551176178756e+003	
  2.1600000000000000e+004	  2.5934083666138154e+003	 -3.0945412305153104e+003	
  2.1630000000000000e+004	  2.7532595381444380e+003	 -2.9435952436599887e+003	
  2.1660000000000000e+004	  2.8858428796507014e+003	 -2.8141891140088237e+003	
  2.1690000000000000e+004	  2.9869543727770988e+003	 -2.7188237559948639e+003	
  2.1720000000000000e+004	  3.1553480315051970e+003	 -2.5575586722918015e+003	
  2.1750000000000000e+004	  3.2744139850058800e+003	 -2.4368241487628393e+003	
  2.1780000000000000e+004	  3.2842114027276139e+003	 -2.4357777667739374e+003	
  2.1810000000000000e+004	  3.3050790920083004e+003	 -2.4062230756339077e+003	
  2.1840000000000000e+004	  3.3946452281424936e+003	 -2.1417113832430923e+003	
  2.1870000000000000e+004	  3.3986430777226751e+003	 -1.9256226319462380e+003	
  2.1900000000000000e+004	  3.3985713663220549e+003	 -1.9261569540927223e+003	
  2.1930000000000000e+004	  3.3997187312111282e+003	 -1.9280270796568868e+003	
  2.1960000000000000e+004	  3.4008840221067017e+003	 -1.9170623447128535e+003	
  2.1990000000000000e+004	  3.3683275560060547e+003	 -1.6413744165093965e+003	
  2.2020000000000000e+004	  3.1097402957613103e+003	 -1.5912817220676195e+003	
  2.2050000000000000e+004	  2.9672878291092229e+003	 -1.5850257023201018e+003	
  2.2080000000000000e+004	  2.8250146371289907e+003	 -1.6093262241961361e+003	
  2.2110000000000000e+004	  2.8026320659934395e+003	 -1.7618529140869596e+003	
  2.2140000000000000e+004	  2.8025872469459819e+003	 -1.8390179263950777e+003	
  2.2170000000000000e+004	  2.8000325692459010e+003	 -1.8378490951697900e+003	
  2.2200000000000000e+004	  2.8032684950322373e+003	 -1.9719305431096959e+003	
  2.2230000000000000e+004	  2.6342025493617484e+003	 -2.1156075233577867e+003	
  2.2260000000000000e+004	  2.4492348521417562e+003	 -2.1083719126993615e+003	
  2.2290000000000000e+004	  2.4162301964151393e+003	 -2.1107763605000155e+003	
  2.2320000000000000e+004	  2.2420817850200619e+003	 -2.1023162638563626e+003	
  2.2350000000000000e+004	  2.1381467002249633e+003	 -2.0943793529142490e+003	
  2.2380000000000000e+004	  2.1223166564422036e+003	 -2.1211399838628236e+003	
  2.2410000000000000e+004	  2.0871248370750141e+003	 -2.1125574375480464e+003	
  2.2440000000000000e+004	  1.7874117268774758e+003	 -2.1070361071660509e+003	
  2.2470000000000000e+004	  1.6989839914219460e+003	 -1.9633145985700000e+003	
  2.2500000000000000e+004	  1.7029370203118028e+003	 -1.9186319163595356e+003	
  2.2530000000000000e+004	  1.7031342221096324e+003	 -1.9198675361047431e+003	
  2.2560000000000000e+004	  1.7006602173421750e+003	 -1.7539716613856501e+003	
  2.2590000000000000e+004	  1.5364884990233745e+003	 -1.6055080449246470e+003	
  2.2620000000000000e+004	  1.3494143090211433e+003	 -1.6182761186124453e+003	
  2.2650000000000000e+004	  1.2824189815382520e+003	 -1.6040052656708704e+003	
  2.2680000000000000e+004	  1.1599557474721526e+003	 -1.5599459593794625e+003	
  2.2710000000000000e+004	  1.1248356443401758e+003	 -1.5354784575316924e+003	
  2.2740000000000000e+004	  1.0583691796631440e+003	 -1.5200721717005158e+003	
  2.2770000000000000e+004	  9.4932473141309731e+002	 -1.4749108280644371e+003	
  2.2800000000000000e+004	  9.2742620811269012e+002	 -1.2330966910834209e+003	
  2.2830000000000000e+004	  9.3362018086522858e+002	 -9.9573523692991489e+002	
  2.2860000000000000e+004	  9.3186328549885400e+002	 -9.3851824747867397e+002	
  2.2890000000000000e+004	  9.3253556494315126e+002	 -8.3492655439620808e+002	
  2.2920000000000000e+004	  9.3076073765597835e+002	 -6.9791747106566959e+002	
  2.2950000000000000e+004	  9.3844270315588960e+002	 -6.6040360136319305e+002	
  2.2980000000000000e+004	  9.3366500398827372e+002	 -4.5797346344724940e+002	
  2.3010000000000000e+004	  1.0602874304503280e+003	 -3.9957649911471952e+002	
  2.3040000000000000e+004	  1.1219851582693314e+003	 -3.8117579928771949e+002	
  2.3070000000000000e+004	  1.2162303911669769e+003	 -3.8621845692464137e+002	
  2.3100000000000000e+004	  1.3564867337934481e+003	 -3.9273051146074914e+002	
  2.3130000000000000e+004	  1.3565405196540439e+003	 -3.9848559837008463e+002	
  2.3160000000000000e+004	  1.4015207891616974e+003	 -3.3622594712077051e+002	
  2.3190000000000000e+004	  1.4050794114169871e+003	 -1.8430035625140263e+002	
  2.3220000000000000e+004	  1.4043892031700011e+003	 -8.3903496719640046e+001	
  2.3250000000000000e+004	  1.4029370664051780e+003	  2.3859328706478340e+002	
  2.3280000000000000e+004	  1.3996563230234615e+003	  3.3362469297581146e+002	
  2.3310000000000000e+004	  1.4052586886288500e+003	  7.1511953164691909e+002	
  2.3340000000000000e+004	  1.4075265243116232e+003	  9.6208764769754816e+002	
  2.3370000000000000e+004	  1.4066122202490142e+003	  9.6172030231058852e+002	
  2.3400000000000000e+004	  1.4062805612407903e+003	  9.6554961158831338e+002	
  2.3430000000000000e+004	  1.4053841805401273e+003	  9.7237334345167687e+002	
  2.3460000000000000e+004	  1.1375731782932667e+003	  8.2595796287303494e+002	
  2.3490000000000000e+004	  6.9198343567934114e+002	  4.9387679576725839e+002	
  2.3520000000000000e+004	  2.8504552819444734e+002	  1.5725385964957135e+002	
  2.3550000000000000e+004	  2.0335853706113923e+001	 -1.1079925872052661e+001	
  2.3580000000000000e+004	 -9.5312623523838749e+000	  1.8797608151847335e+001	
  2.3610000000000000e+004	 -3.2371055670975721e+001	  5.3127934095572719e+001	
  2.3640000000000000e+004	 -5.4520577926762805e+001	  8.6522984764954998e+001	
  2.3670000000000000e+004	 -7.4447055630248627e+001	  1.2296820648709244e+002	
  2.3700000000000000e+004	 -9.7232991156026941e+001	  1.5916855080924910e+002	
  2.3730000000000000e+004	 -1.1975002290120010e+002	  1.9866385372667750e+002	
  2.3760000000000000e+004	 -1.4167544910887722e+002	  2.3703484558144845e+002	
  2.3790000000000000e+004	 -1.5876043642356069e+002	  2.7557283107357085e+002	
  2.3820000000000000e+004	 -1.7643697540978297e+002	  3.1751712398626654e+002	
  2.3850000000000000e+004	 -2.0024481819820551e+002	  3.5549849937281544e+002	
  2.3880000000000000e+004	 -2.2324588902338110e+002	  3.9353556782199200e+002	
  2.3910000000000000e+004	 -2.4682961331122047e+002	  4.3079339466085838e+002	
  2.3940000000000000e+004	 -2.7168616907904573e+002	  4.6511245392589865e+002	
  2.3970000000000000e+004	 -3.0253951838888651e+002	  4.9889718857289699e+002	
  2.4000000000000000e+004	 -3.3845741592640036e+002	  5.2860772525809375e+002	
  2.4030000000000000e+004	 -3.6972310275140018e+002	  5.5512346326479349e+002	
  2.4060000000000000e+004	 -3.8734589933033192e+002	  5.8864104379029834e+002	
  2.4090000000000000e+004	 -3.8583101722099883e+002	  6.3115303918275856e+002	
  2.4120000000000000e+004	 -3.8384105875457817e+002	  6.7595817122440644e+002	
  2.4150000000000000e+004	 -3.8437888743332417e+002	  7.1989503379770736e+002	
  2.4180000000000000e+004	 -3.8403825601591382e+002	  7.6277438219521139e+002	
  2.4210000000000000e+004	 -3.8452231337475195e+002	  8.0298211602035246e+002	
  2.4240000000000000e+004	 -3.9276002078145876e+002	  8.4254421539068096e+002	
  2.4270000000000000e+004	 -4.3746242500245279e+002	  8.4696350664420174e+002	
  2.4300000000000000e+004	 -4.8151046150255462e+002	  8.4647370482305814e+002	
  2.4330000000000000e+004	 -5.2480554309986894e+002	  8.4823251602011374e+002	
  2.4360000000000000e+004	 -5.6814544382807344e+002	  8.4804327545398155e+002	
  2.4390000000000000e+004	 -6.0308627467560871e+002	  8.6201357124803872e+002	
  2.4420000000000000e+004	 -6.2738710094780447e+002	  8.5642545963619341e+002	
  2.4450000000000000e+004	 -6.4872986724276507e+002	  8.5989855119506285e+002	
  2.4480000000000000e+004	 -6.3991334220727299e+002	  8.4475942580105232e+002	
  2.4510000000000000e+004	 -6.2829243734308841e+002	  8.2577986030714965e+002	
