  0.0000000000000000e+000	 -4.4946491613012944e+002	  1.0800837754700985e+003	
  3.0000000000000000e+001	 -4.4478582855829580e+002	  1.1125661027171002e+003	
  6.0000000000000000e+001	 -4.4376396128203868e+002	  1.1046069279548926e+003	
  9.0000000000000000e+001	 -4.4162162284992371e+002	  1.1132785354020491e+003	
  1.2000000000000000e+002	 -4.4242836579098559e+002	  1.1065883788290480e+003	
  1.5000000000000000e+002	 -4.4321717080274664e+002	  1.1020021098565987e+003	
  1.8000000000000000e+002	 -4.4427490117670459e+002	  1.1067776096383639e+003	
  2.1000000000000000e+002	 -4.4733154414447216e+002	  1.1068444059711858e+003	
  2.4000000000000000e+002	 -4.4692817815447262e+002	  1.1140688849532512e+003	
  2.7000000000000000e+002	 -4.4644413740699031e+002	  1.1116644336085787e+003	
  3.0000000000000000e+002	 -4.4800382490233113e+002	  1.0964362590130468e+003	
  3.3000000000000000e+002	 -4.4746600075670614e+002	  1.1061431048373665e+003	
  3.6000000000000000e+002	 -4.4768113142454541e+002	  1.0906700297949903e+003	
  3.9000000000000000e+002	 -4.4795900514428041e+002	  1.0885661385027943e+003	
  4.2000000000000000e+002	 -4.4843410002411275e+002	  1.0764882273130972e+003	
  4.5000000000000000e+002	 -4.5111425699149379e+002	  1.0513305681640738e+003	
  4.8000000000000000e+002	 -4.4916912441875240e+002	  1.0679724727544749e+003	
  5.1000000000000000e+002	 -4.4724191471424183e+002	  1.0846923009860711e+003	
  5.4000000000000000e+002	 -4.4685647091418559e+002	  1.0723138404619253e+003	
  5.7000000000000000e+002	 -4.4475893764592439e+002	  1.0977164023002788e+003	
  6.0000000000000000e+002	 -4.4511749551732390e+002	  1.0832563078730948e+003	
  6.3000000000000000e+002	 -4.4706263478029052e+002	  1.0636644984811462e+003	
  6.6000000000000000e+002	 -4.4816518756083985e+002	  1.0711338817473013e+003	
  6.9000000000000000e+002	 -4.4751081532972768e+002	  1.0826774581486300e+003	
  7.2000000000000000e+002	 -4.4607662070888739e+002	  1.0998870816663575e+003	
  7.5000000000000000e+002	 -4.4838030414267826e+002	  1.0773008418836187e+003	
  7.8000000000000000e+002	 -4.4914223172086560e+002	  1.0799167943367909e+003	
  8.1000000000000000e+002	 -4.4994001076973956e+002	  1.0791153157998690e+003	
  8.4000000000000000e+002	 -4.5065710301767820e+002	  1.0711338773158097e+003	
  8.7000000000000000e+002	 -4.5132939543812427e+002	  1.0454418908710802e+003	
  9.0000000000000000e+002	 -4.5056747377224201e+002	  1.0621171937599079e+003	
  9.3000000000000000e+002	 -4.5036129652109605e+002	  1.0669817479553137e+003	
  9.6000000000000000e+002	 -4.4994000271513835e+002	  1.0738388847218453e+003	
  9.9000000000000000e+002	 -4.4827274384689491e+002	  1.0636422443470026e+003	
  1.0200000000000000e+003	 -4.4746600075670614e+002	  1.0588222080223477e+003	
  1.0500000000000000e+003	 -4.4724190077330695e+002	  1.0855828370821669e+003	
  1.0800000000000000e+003	 -4.4799486131224512e+002	  1.0841357140056957e+003	
  1.1100000000000000e+003	 -4.4739429896028270e+002	  1.0935976644288789e+003	
  1.1400000000000000e+003	 -4.4353986616669835e+002	  1.0893564879154947e+003	
  1.1700000000000000e+003	 -4.3757895220272360e+002	  1.0748629957628643e+003	
  1.2000000000000000e+003	 -4.4063559932859033e+002	  1.0879427628429262e+003	
  1.2300000000000000e+003	 -4.4215048202047291e+002	  1.0913490611718566e+003	
  1.2600000000000000e+003	 -4.4080591089702313e+002	  1.0865958209899072e+003	
  1.2900000000000000e+003	 -4.6005115554123830e+002	  1.1147145216595441e+003	
  1.3200000000000000e+003	 -4.5704828505069861e+002	  1.0978054528709795e+003	
  1.3500000000000000e+003	 -4.5841077623219479e+002	  1.0789483384313039e+003	
  1.3800000000000000e+003	 -4.5265604125083235e+002	  1.1011338357389691e+003	
  1.4100000000000000e+003	 -4.6022146429333299e+002	  1.1131672163540766e+003	
  1.4400000000000000e+003	 -4.4799486131224512e+002	  1.1160948559191111e+003	
  1.4700000000000000e+003	 -4.5452049881963012e+002	  1.1263471563719340e+003	
  1.5000000000000000e+003	 -4.4769009181143628e+002	  1.0962136175357700e+003	
  1.5300000000000000e+003	 -4.3016590115539964e+002	  1.0748629962141724e+003	
  1.5600000000000000e+003	 -4.3864562826845997e+002	  1.0895457257356179e+003	
  1.5900000000000000e+003	 -4.4086866432763281e+002	  1.0918722506727556e+003	
  1.6200000000000000e+003	 -4.4841616541112342e+002	  1.0979612994513302e+003	
  1.6500000000000000e+003	 -4.5290702347201324e+002	  1.1061987628152322e+003	
  1.6800000000000000e+003	 -4.5156245293036056e+002	  1.1104622019339226e+003	
  1.7100000000000000e+003	 -4.5238712864762817e+002	  1.1147924465294732e+003	
  1.7400000000000000e+003	 -4.4392530868821376e+002	  1.0971486847798674e+003	
  1.7700000000000000e+003	 -4.5052266202207039e+002	  1.1101059960202667e+003	
  1.8000000000000000e+003	 -4.5612501484628382e+002	  1.1157831678050673e+003	
  1.8300000000000000e+003	 -4.5914581592185198e+002	  1.1069111922653701e+003	
  1.8600000000000000e+003	 -4.4926771580106015e+002	  1.0959687269812612e+003	
  1.8900000000000000e+003	 -4.4128100155082183e+002	  1.0860948987698839e+003	
  1.9200000000000000e+003	 -4.4226700125435156e+002	  1.0997646361543605e+003	
  1.9500000000000000e+003	 -4.4369225864236580e+002	  1.0925846794755889e+003	
  1.9800000000000000e+003	 -4.4663237071227269e+002	  1.1024362422253464e+003	
  2.0100000000000000e+003	 -4.5484320069377355e+002	  1.1156607147062637e+003	
  2.0400000000000000e+003	 -4.4268829765915143e+002	  1.0887887710884261e+003	
  2.0700000000000000e+003	 -4.4054596510642460e+002	  1.0879427630068558e+003	
  2.1000000000000000e+003	 -4.2604254883304293e+002	  1.0645216474187014e+003	
  2.1300000000000000e+003	 -4.4163953477822895e+002	  1.0890781907135035e+003	
  2.1600000000000000e+003	 -4.3681703491253859e+002	  1.0813416583764874e+003	
  2.1900000000000000e+003	 -4.4251799654135414e+002	  1.0891895082522938e+003	
  2.2200000000000000e+003	 -4.5231541533364452e+002	  1.1066885621816059e+003	
  2.2500000000000000e+003	 -4.5283531325854813e+002	  1.1073898537766270e+003	
  2.2800000000000000e+003	 -4.5444880384471725e+002	  1.1161727757703891e+003	
  2.3100000000000000e+003	 -4.5601744351203695e+002	  1.1274380717414547e+003	
  2.3400000000000000e+003	 -4.3998124941476010e+002	  1.0881653974070771e+003	
  2.3700000000000000e+003	 -4.5108736727673477e+002	  1.1074677765224542e+003	
  2.4000000000000000e+003	 -4.4386256352842054e+002	  1.0933082403971157e+003	
  2.4300000000000000e+003	 -4.4164849978468891e+002	  1.0858054713447971e+003	
  2.4600000000000000e+003	 -4.3606407266133158e+002	  1.0713342512520542e+003	
  2.4900000000000000e+003	 -4.3193176462318979e+002	  1.0605364917330633e+003	
  2.5200000000000000e+003	 -4.3146564121140580e+002	  1.0724140233421390e+003	
  2.5500000000000000e+003	 -4.5423366048328580e+002	  1.1136236180106555e+003	
  2.5800000000000000e+003	 -4.5476252601277929e+002	  1.1145475485399725e+003	
  2.6100000000000000e+003	 -4.5694968457162702e+002	  1.1175531041934805e+003	
  2.6400000000000000e+003	 -4.5411714423584715e+002	  1.1117868869068695e+003	
  2.6700000000000000e+003	 -4.3053342226670867e+002	  1.0744622601575179e+003	
  2.7000000000000000e+003	 -4.5077364208337713e+002	  1.1042284523603735e+003	
  2.7300000000000000e+003	 -4.5651943006074328e+002	  1.1167627548879907e+003	
  2.7600000000000000e+003	 -4.5965674436116279e+002	  1.1210484673083288e+003	
  2.7900000000000000e+003	 -4.6469439934901294e+002	  1.1288740567615082e+003	
  2.8200000000000000e+003	 -4.5496869550991653e+002	  1.1089037691040282e+003	
  2.8500000000000000e+003	 -4.5512107423837858e+002	  1.1152488418910784e+003	
  2.8800000000000000e+003	 -4.5389303674964430e+002	  1.0980280932725902e+003	
  2.9100000000000000e+003	 -4.6298231277989879e+002	  1.1173861301554573e+003	
  2.9400000000000000e+003	 -4.6952587903848701e+002	  1.1260243429884904e+003	
  2.9700000000000000e+003	 -4.7331756576280696e+002	  1.1347404697132151e+003	
  3.0000000000000000e+003	 -4.7069117486924688e+002	  1.1286068993799979e+003	
  3.0300000000000000e+003	 -4.5626844530298683e+002	  1.1095160107704644e+003	
  3.0600000000000000e+003	 -4.6230106578444691e+002	  1.1297423314989026e+003	
  3.0900000000000000e+003	 -4.6920318158183710e+002	  1.1374232075248126e+003	
  3.1200000000000000e+003	 -4.6386973050971631e+002	  1.1129557115327202e+003	
  3.1500000000000000e+003	 -4.5158934510154552e+002	  1.0999650106599245e+003	
  3.1800000000000000e+003	 -4.5964779359209672e+002	  1.1069334566365019e+003	
  3.2100000000000000e+003	 -4.5108738377297084e+002	  1.0975160288773936e+003	
  3.2400000000000000e+003	 -4.4445417782593779e+002	  1.0920058322244754e+003	
  3.2700000000000000e+003	 -4.6751798292617076e+002	  1.1246662730237181e+003	
  3.3000000000000000e+003	 -4.9042943454410795e+002	  1.1889518972849032e+003	
  3.3300000000000000e+003	 -4.7716710366591525e+002	  1.1410298845331622e+003	
  3.3600000000000000e+003	 -4.6659471726029608e+002	  1.0954010077503876e+003	
  3.3900000000000000e+003	 -4.3466571155943194e+002	  1.0963249394256241e+003	
  3.4200000000000000e+003	 -4.3175249866530123e+002	  1.0944214173152977e+003	
  3.4500000000000000e+003	 -4.3603717291325836e+002	  1.0954566634694602e+003	
  3.4800000000000000e+003	 -3.9521609944729096e+002	  1.0110449072313428e+003	
  3.5100000000000000e+003	 -2.2733337455369664e+002	  9.6174256576890673e+002	
  3.5400000000000000e+003	 -8.3658172526255326e-001	  9.5981677338569534e+002	
  3.5700000000000000e+003	  2.1107636720924637e+002	  8.4677426442630281e+002	
  3.6000000000000000e+003	  3.8015129611228531e+002	  5.8925327508037594e+002	
  3.6300000000000000e+003	  5.5147610780409116e+002	  3.8867100145659987e+002	
  3.6600000000000000e+003	  2.0202292785868607e+002	  9.4582372001083783e+001	
  3.6900000000000000e+003	 -2.3186008224928810e+002	 -1.7188849664405424e+002	
  3.7200000000000000e+003	 -5.3528420421941701e+002	 -4.0072307053980887e+002	
  3.7500000000000000e+003	 -5.3810779604931872e+002	 -4.0209227337374517e+002	
  3.7800000000000000e+003	 -5.3654809697928397e+002	 -3.9924255861887104e+002	
  3.8100000000000000e+003	 -5.3773131983332928e+002	 -4.0037798259625231e+002	
  3.8400000000000000e+003	 -4.7896474929154618e+002	 -6.0973205895070419e+002	
  3.8700000000000000e+003	 -5.2887509373608032e+002	 -6.8344624678432865e+002	
  3.9000000000000000e+003	 -6.9634549016115454e+002	 -8.1609169863717875e+002	
  3.9300000000000000e+003	 -8.2016225003725265e+002	 -8.4610279245838319e+002	
  3.9600000000000000e+003	 -8.8562476905606741e+002	 -8.8539772622352575e+002	
  3.9900000000000000e+003	 -8.2430351673184248e+002	 -8.3731987534155598e+002	
  4.0200000000000000e+003	 -8.7097794868487142e+002	 -8.4815102987575153e+002	
  4.0500000000000000e+003	 -8.7742291378791720e+002	 -8.4296365301325170e+002	
  4.0800000000000000e+003	 -8.7862405839650819e+002	 -8.4559073002921900e+002	
  4.1100000000000000e+003	 -8.7518196369689872e+002	 -8.4929759126104841e+002	
  4.1400000000000000e+003	 -8.8235299562462933e+002	 -8.5162412126170636e+002	
  4.1700000000000000e+003	 -8.8160003015322036e+002	 -8.4704898662672770e+002	
  4.2000000000000000e+003	 -8.8258605386767738e+002	 -8.4805084373312661e+002	
  4.2300000000000000e+003	 -8.8497041819465994e+002	 -8.4770575940773995e+002	
  4.2600000000000000e+003	 -8.8852007305151824e+002	 -8.4879666595263404e+002	
  4.2900000000000000e+003	 -8.8253226969538741e+002	 -8.3967979647916434e+002	
  4.3200000000000000e+003	 -8.7851649342953101e+002	 -8.3784306584664409e+002	
  4.3500000000000000e+003	 -8.7996862908608909e+002	 -8.4113805107951100e+002	
  4.3800000000000000e+003	 -8.8549928088435604e+002	 -8.4906382906100589e+002	
  4.4100000000000000e+003	 -8.7581839328162755e+002	 -8.4524565270647395e+002	
  4.4400000000000000e+003	 -8.8575026246778089e+002	 -8.5691167814311939e+002	
  4.4700000000000000e+003	 -8.9956345840778033e+002	 -8.5129017096117639e+002	
  4.5000000000000000e+003	 -8.8172552516280371e+002	 -8.4016958692519199e+002	
  4.5300000000000000e+003	 -8.7752151286534229e+002	 -8.3943490140703909e+002	
  4.5600000000000000e+003	 -8.7588114427076812e+002	 -8.4394323982650008e+002	
  4.5900000000000000e+003	 -8.7579150333587427e+002	 -8.4818442458789991e+002	
  4.6200000000000000e+003	 -8.7842685206394833e+002	 -8.4677069395054218e+002	
  4.6500000000000000e+003	 -8.8194961972161798e+002	 -8.4354249650995246e+002	
  4.6800000000000000e+003	 -8.6249820883452810e+002	 -8.6416955808311855e+002	
  4.7100000000000000e+003	 -8.5096181496586871e+002	 -8.5277069168371418e+002	
  4.7400000000000000e+003	 -8.5050466137509943e+002	 -8.3394696124212680e+002	
  4.7700000000000000e+003	 -8.5544371175342008e+002	 -8.3715289448070723e+002	
  4.8000000000000000e+003	 -8.5572158556899262e+002	 -8.4674843050284039e+002	
  4.8300000000000000e+003	 -8.6294639677719829e+002	 -8.3265568420954628e+002	
  4.8600000000000000e+003	 -8.6657673342960084e+002	 -8.2330504962162081e+002	
  4.8900000000000000e+003	 -8.7387325386759710e+002	 -8.2988389118609268e+002	
  4.9200000000000000e+003	 -8.7981624123846325e+002	 -8.2422898276342642e+002	
  4.9500000000000000e+003	 -8.6905969565612156e+002	 -8.2663343260726595e+002	
  4.9800000000000000e+003	 -8.5468179207055380e+002	 -8.3485976565571730e+002	
  5.0100000000000000e+003	 -8.6016762568733498e+002	 -8.2931616827490598e+002	
  5.0400000000000000e+003	 -8.6308981686351103e+002	 -8.3875586420962213e+002	
  5.0700000000000000e+003	 -8.6434475056121028e+002	 -8.2516404528965359e+002	
  5.1000000000000000e+003	 -8.5931606410557220e+002	 -8.2784678935699253e+002	
  5.1300000000000000e+003	 -8.7449175358418324e+002	 -8.4790613061917543e+002	
  5.1600000000000000e+003	 -8.8688866676195414e+002	 -8.5223636685584802e+002	
  5.1900000000000000e+003	 -8.9167532918379243e+002	 -8.5098961525171580e+002	
  5.2200000000000000e+003	 -8.8602814194452162e+002	 -8.5577624649241602e+002	
  5.2500000000000000e+003	 -9.0382125657307006e+002	 -8.7039218275305518e+002	
  5.2800000000000000e+003	 -9.0604427675682405e+002	 -8.6186529134010630e+002	
  5.3100000000000000e+003	 -9.1014968753400137e+002	 -8.5015473698592939e+002	
  5.3400000000000000e+003	 -9.0348063654945031e+002	 -8.4565752914897712e+002	
  5.3700000000000000e+003	 -8.8980189220473471e+002	 -8.5726789621976536e+002	
  5.4000000000000000e+003	 -8.8875313588330607e+002	 -8.5558700946067017e+002	
  5.4300000000000000e+003	 -8.8555305976279942e+002	 -8.6196548142136578e+002	
  5.4600000000000000e+003	 -8.8263086810557252e+002	 -8.6252206662389949e+002	
  5.4900000000000000e+003	 -8.8271154042340731e+002	 -8.6255545566525359e+002	
  5.5200000000000000e+003	 -8.8430709394552252e+002	 -8.6297846942345166e+002	
  5.5500000000000000e+003	 -8.8952401582587731e+002	 -8.5788014218287719e+002	
  5.5800000000000000e+003	 -8.9415829836889975e+002	 -8.6658514073329866e+002	
  5.6100000000000000e+003	 -8.7519092972757369e+002	 -8.6556102261282194e+002	
  5.6400000000000000e+003	 -8.7476962995315296e+002	 -8.6472614336833954e+002	
  5.6700000000000000e+003	 -8.7969971603886222e+002	 -8.5940518381214827e+002	
  5.7000000000000000e+003	 -8.8256812329091701e+002	 -8.5606567284789014e+002	
  5.7300000000000000e+003	 -8.8513176882174469e+002	 -8.6009534551389493e+002	
  5.7600000000000000e+003	 -8.7160541083438841e+002	 -8.5064453189546748e+002	
  5.7900000000000000e+003	 -8.7227769809854601e+002	 -8.5791353748428264e+002	
  5.8200000000000000e+003	 -8.7411527475729440e+002	 -8.5425119927495177e+002	
  5.8500000000000000e+003	 -8.7247490568806575e+002	 -8.5257031590409042e+002	
  5.8800000000000000e+003	 -8.7502061430856452e+002	 -8.5606567471471919e+002	
  5.9100000000000000e+003	 -8.7350573482245818e+002	 -8.6247754177957688e+002	
  5.9400000000000000e+003	 -8.8352724593839571e+002	 -8.5828088400470915e+002	
  5.9700000000000000e+003	 -8.8021064586533043e+002	 -8.5093395588043745e+002	
  6.0000000000000000e+003	 -8.9129884745694358e+002	 -8.4287459476796994e+002	
  6.0300000000000000e+003	 -8.7981624491497382e+002	 -8.4157218580789413e+002	
  6.0600000000000000e+003	 -9.0668966727927580e+002	 -8.4110465690856995e+002	
  6.0900000000000000e+003	 -8.9752868332365108e+002	 -8.3999148249969255e+002	
  6.1200000000000000e+003	 -9.0120383010607543e+002	 -8.3405827954841266e+002	
  6.1500000000000000e+003	 -8.8934474674439605e+002	 -8.4068164828431748e+002	
  6.1800000000000000e+003	 -8.8502420093446347e+002	 -8.4504528294906379e+002	
  6.2100000000000000e+003	 -8.9787826459120697e+002	 -8.4623637069077392e+002	
  6.2400000000000000e+003	 -8.9883739305942288e+002	 -8.4319741677904744e+002	
  6.2700000000000000e+003	 -8.9855055159596600e+002	 -8.4416587616608888e+002	
  6.3000000000000000e+003	 -9.0501344179340811e+002	 -8.4813989762340532e+002	
  6.3300000000000000e+003	 -9.0991662815776726e+002	 -8.5628830465570104e+002	
  6.3600000000000000e+003	 -9.0782806807283089e+002	 -8.6168718651755808e+002	
  6.3900000000000000e+003	 -9.1693526949633610e+002	 -8.7910831055367089e+002	
  6.4200000000000000e+003	 -9.0133828860471772e+002	 -8.5844785928894908e+002	
  6.4500000000000000e+003	 -8.9444513919766268e+002	 -8.6412503052690499e+002	
  6.4800000000000000e+003	 -9.0116797420633156e+002	 -8.6667419055408789e+002	
  6.5100000000000000e+003	 -9.0999730295906488e+002	 -8.6067419947848555e+002	
  6.5400000000000000e+003	 -9.2012637927441028e+002	 -8.5196920756559359e+002	
  6.5700000000000000e+003	 -9.0820455066851684e+002	 -8.6448124372621658e+002	
  6.6000000000000000e+003	 -8.9958138767894673e+002	 -8.5653320479137403e+002	
  6.6300000000000000e+003	 -8.8341072293304364e+002	 -8.4373173802123199e+002	
  6.6600000000000000e+003	 -8.8261293937643882e+002	 -8.3963526524315910e+002	
  6.6900000000000000e+003	 -8.7917981467279446e+002	 -8.5513060603265080e+002	
  6.7200000000000000e+003	 -8.7822965064101356e+002	 -8.5969461178253584e+002	
  6.7500000000000000e+003	 -8.7647275258262448e+002	 -8.5857030783020889e+002	
  6.7800000000000000e+003	 -8.7851649382504752e+002	 -8.6803225661986346e+002	
  6.8100000000000000e+003	 -8.8055126899275092e+002	 -8.5095621961800828e+002	
  6.8400000000000000e+003	 -8.7259142772712039e+002	 -8.4751652188160335e+002	
  6.8700000000000000e+003	 -8.6968716593788781e+002	 -8.5901558026376733e+002	
  6.9000000000000000e+003	 -8.7323682323447906e+002	 -8.6493764436985407e+002	
  6.9300000000000000e+003	 -8.6857565168633266e+002	 -8.6962409613476450e+002	
  6.9600000000000000e+003	 -8.8179724152654524e+002	 -8.5330500833015230e+002	
  6.9900000000000000e+003	 -8.8522140352639622e+002	 -8.4728275269533935e+002	
  7.0200000000000000e+003	 -8.7516403495344161e+002	 -8.4052580239398026e+002	
  7.0500000000000000e+003	 -8.7139924783501260e+002	 -8.4028090717649900e+002	
  7.0800000000000000e+003	 -8.7757529341787836e+002	 -8.5465194776403564e+002	
  7.1100000000000000e+003	 -8.7437522357790385e+002	 -8.6581705058025909e+002	
  7.1400000000000000e+003	 -8.6553693254923178e+002	 -8.5260371126273674e+002	
  7.1700000000000000e+003	 -8.6871011074521994e+002	 -8.5928274016222679e+002	
  7.2000000000000000e+003	 -8.7587217566891582e+002	 -8.6506009321688327e+002	
  7.2300000000000000e+003	 -8.8208407985655538e+002	 -8.6701927486158399e+002	
  7.2600000000000000e+003	 -8.7708228483328571e+002	 -8.6399145094892515e+002	
  7.2900000000000000e+003	 -8.8052438087787664e+002	 -8.5331614112789430e+002	
  7.3200000000000000e+003	 -8.8338382692938126e+002	 -8.5150167350152935e+002	
  7.3500000000000000e+003	 -8.7687612164043639e+002	 -8.4203971591425648e+002	
  7.3800000000000000e+003	 -8.8294460244867389e+002	 -8.4265196273835647e+002	
  7.4100000000000000e+003	 -8.8912960955026540e+002	 -8.3846643175547160e+002	
  7.4400000000000000e+003	 -8.9290336496528164e+002	 -8.6295620046739964e+002	
  7.4700000000000000e+003	 -9.0563194011036626e+002	 -8.6418069332431492e+002	
  7.5000000000000000e+003	 -9.0807009134713064e+002	 -8.3455920592755615e+002	
  7.5300000000000000e+003	 -8.9647095313947011e+002	 -8.4817329284227412e+002	
  7.5600000000000000e+003	 -8.9526084356493152e+002	 -8.3749797691579113e+002	
  7.5900000000000000e+003	 -8.9337845083582670e+002	 -8.4254064230511392e+002	
  7.6200000000000000e+003	 -8.9209662643669913e+002	 -8.3381338466715113e+002	
  7.6500000000000000e+003	 -8.8402025427905460e+002	 -8.2553138937370602e+002	
  7.6800000000000000e+003	 -8.6279401319763622e+002	 -8.3364641002682276e+002	
  7.7100000000000000e+003	 -8.5231535086175541e+002	 -8.3707497407672452e+002	
  7.7400000000000000e+003	 -8.7615902101010852e+002	 -8.1659262893005996e+002	
  7.7700000000000000e+003	 -8.8938956255199446e+002	 -8.2792471271770808e+002	
  7.8000000000000000e+003	 -8.8916547094562452e+002	 -8.3953508635382366e+002	
  7.8300000000000000e+003	 -8.9206973432512746e+002	 -8.3823267521899038e+002	
  7.8600000000000000e+003	 -8.9761831830369590e+002	 -8.4276328002690752e+002	
  7.8900000000000000e+003	 -8.9656059188339896e+002	 -8.4615845352495512e+002	
  7.9200000000000000e+003	 -8.9815614642795117e+002	 -8.4753878144211535e+002	
  7.9500000000000000e+003	 -8.9451684809819710e+002	 -8.4386532025512020e+002	
  7.9800000000000000e+003	 -8.9950967280546979e+002	 -8.3578369761130762e+002	
  8.0100000000000000e+003	 -8.9337844724313777e+002	 -8.4218443557172975e+002	
  8.0400000000000000e+003	 -8.9025904853842837e+002	 -8.3434770387481626e+002	
  8.0700000000000000e+003	 -8.9804857974098798e+002	 -8.3487089522853057e+002	
  8.1000000000000000e+003	 -8.9638131624590710e+002	 -8.4620298085857814e+002	
  8.1300000000000000e+003	 -8.9542218860957109e+002	 -8.4880779443272911e+002	
  8.1600000000000000e+003	 -8.9794997695115637e+002	 -8.4768349784067573e+002	
  8.1900000000000000e+003	 -8.9980548170532859e+002	 -8.5516400695186280e+002	
  8.2200000000000000e+003	 -9.0184922381478168e+002	 -8.5422894264877323e+002	
  8.2500000000000000e+003	 -9.0453835812419095e+002	 -8.5063339758438383e+002	
  8.2800000000000000e+003	 -9.0242290888457069e+002	 -8.4660372156985500e+002	
  8.3100000000000000e+003	 -8.9989511612821877e+002	 -8.4790612999605366e+002	
  8.3400000000000000e+003	 -8.9877464744090321e+002	 -8.4995436709886349e+002	
  8.3700000000000000e+003	 -8.9776174045758376e+002	 -8.5302671981320600e+002	
  8.4000000000000000e+003	 -8.9860433062343691e+002	 -8.4921967244646441e+002	
  8.4300000000000000e+003	 -8.9712530829843604e+002	 -8.5218070666546953e+002	
  8.4600000000000000e+003	 -8.9617514637841975e+002	 -8.5275955333576644e+002	
  8.4900000000000000e+003	 -8.9872982707188567e+002	 -8.5376141306951217e+002	
  8.5200000000000000e+003	 -8.9959034670624465e+002	 -8.5518626934286988e+002	
  8.5500000000000000e+003	 -8.9884635453892770e+002	 -8.5627717443363417e+002	
  8.5800000000000000e+003	 -8.9327984231904770e+002	 -8.6066306415299459e+002	
  8.6100000000000000e+003	 -8.9083273433324212e+002	 -8.5687828980107975e+002	
  8.6400000000000000e+003	 -8.7651757214373140e+002	 -8.5513060952876765e+002	
  8.6700000000000000e+003	 -8.8006722544735271e+002	 -8.4425493305765735e+002	
  8.7000000000000000e+003	 -8.8382305349671583e+002	 -8.4286346515935134e+002	
  8.7300000000000000e+003	 -8.8433398771256213e+002	 -8.2988389353699188e+002	
  8.7600000000000000e+003	 -8.8925510645983491e+002	 -8.2439595493365084e+002	
  8.7900000000000000e+003	 -8.9164843867148579e+002	 -8.1957592563340336e+002	
  8.8200000000000000e+003	 -9.1209482750095469e+002	 -8.5657773281455297e+002	
  8.8500000000000000e+003	 -8.8960469688803073e+002	 -7.7317895923679168e+002	
  8.8800000000000000e+003	 -9.2804140794257057e+002	 -7.6733480712358664e+002	
  8.9100000000000000e+003	 -9.0119128523572374e+002	 -7.9121677929366854e+002	
  8.9400000000000000e+003	 -8.5380871575305264e+002	 -8.3336143606440089e+002	
  8.9700000000000000e+003	 -7.3360794385137410e+002	 -8.3589501370256255e+002	
  9.0000000000000000e+003	 -5.4336953410263504e+002	 -7.4030702364676040e+002	
  9.0300000000000000e+003	 -4.8445954955798788e+002	 -5.2331659387526065e+002	
  9.0600000000000000e+003	 -5.2277973006002867e+002	 -3.8081957691517943e+002	
  9.0900000000000000e+003	 -1.1891640778593708e+002	 -1.0966225359506029e+002	
  9.1200000000000000e+003	 -1.3789250553411327e+001	  8.8458326285384921e+000	
  9.1500000000000000e+003	 -1.6144955963529696e+002	  2.5367674815041087e+002	
  9.1800000000000000e+003	 -3.1717739270220483e+002	  4.9675989803105142e+002	
  9.2100000000000000e+003	 -4.9054594985070418e+002	  6.2750183569631406e+002	
  9.2400000000000000e+003	 -4.9017844242735430e+002	  6.1117162054940570e+002	
  9.2700000000000000e+003	 -3.1994719301966836e+002	  5.8875235983667847e+002	
  9.3000000000000000e+003	 -1.2848971626438637e+002	  7.3336440375390123e+002	
  9.3300000000000000e+003	  1.1802328763994328e+002	  7.9739399860227536e+002	
  9.3600000000000000e+003	  4.0667982257675108e+000	  9.6657372603509771e+002	
  9.3900000000000000e+003	 -2.6955279319959442e+002	  9.5816928913847528e+002	
  9.4200000000000000e+003	 -4.1458684483997769e+002	  1.0393862431980551e+003	
  9.4500000000000000e+003	 -4.3798232249899900e+002	  1.0954677999244552e+003	
  9.4800000000000000e+003	 -4.3269369136502218e+002	  1.0904473979444542e+003	
  9.5100000000000000e+003	 -4.2630250145674580e+002	  1.0833898938152038e+003	
  9.5400000000000000e+003	 -4.3378727489886660e+002	  1.0909371889861698e+003	
  9.5700000000000000e+003	 -4.3110710178893987e+002	  1.0883212374009590e+003	
  9.6000000000000000e+003	 -4.2926056200752356e+002	  1.0830448062985411e+003	
  9.6300000000000000e+003	 -4.3029139855373796e+002	  1.0870076930358500e+003	
  9.6600000000000000e+003	 -4.2965497016035954e+002	  1.0852043566979257e+003	
  9.6900000000000000e+003	 -4.3072165082736228e+002	  1.0894566716518832e+003	
  9.7200000000000000e+003	 -4.4156784071841048e+002	  1.1142469935844467e+003	
  9.7500000000000000e+003	 -4.3484500003889360e+002	  1.0929631613463198e+003	
  9.7800000000000000e+003	 -4.3379623280439012e+002	  1.0892562991959267e+003	
  9.8100000000000000e+003	 -4.3474639691695165e+002	  1.0951004455544339e+003	
  9.8400000000000000e+003	 -4.3474638719152898e+002	  1.0973713194178356e+003	
  9.8700000000000000e+003	 -4.3418167817140022e+002	  1.0921839398801894e+003	
  9.9000000000000000e+003	 -4.3488981693577887e+002	  1.0939650150305160e+003	
  9.9300000000000000e+003	 -4.3318669900618733e+002	  1.0919724361618842e+003	
  9.9600000000000000e+003	 -4.3582204297086173e+002	  1.0969928389235183e+003	
  9.9900000000000000e+003	 -4.3497049504182559e+002	  1.0940985951192629e+003	
  1.0020000000000000e+004	 -4.3604614262464418e+002	  1.0986737277380214e+003	
  1.0050000000000000e+004	 -4.4009776995520252e+002	  1.1020689016766632e+003	
  1.0080000000000000e+004	 -4.3255026378849453e+002	  1.0928184476920756e+003	
  1.0110000000000000e+004	 -4.2966393415423153e+002	  1.0926626027222399e+003	
  1.0140000000000000e+004	 -4.3595651063087359e+002	  1.0947219673110710e+003	
  1.0170000000000000e+004	 -4.3820640683887223e+002	  1.1012896811242549e+003	
  1.0200000000000000e+004	 -4.3394862390089639e+002	  1.0940874595346002e+003	
  1.0230000000000000e+004	 -4.3393068694912108e+002	  1.0916941486724365e+003	
  1.0260000000000000e+004	 -4.3470158228288147e+002	  1.0858388663303958e+003	
  1.0290000000000000e+004	 -4.3233514011666210e+002	  1.0942210458555426e+003	
  1.0320000000000000e+004	 -4.3514976867970711e+002	  1.0916941432147728e+003	
  1.0350000000000000e+004	 -4.3543660794337541e+002	  1.0962247502723787e+003	
  1.0380000000000000e+004	 -4.3540075620712122e+002	  1.0959241929621244e+003	
  1.0410000000000000e+004	 -4.3086507305606557e+002	  1.0892340378026918e+003	
  1.0440000000000000e+004	 -4.3505116887046478e+002	  1.1003100855643565e+003	
  1.0470000000000000e+004	 -4.3853807243740113e+002	  1.0995086048836642e+003	
  1.0500000000000000e+004	 -4.3653019116687136e+002	  1.0997201069269861e+003	
  1.0530000000000000e+004	 -4.3429821160452832e+002	  1.0986959931440315e+003	
  1.0560000000000000e+004	 -4.3324047363265561e+002	  1.0980280900805978e+003	
  1.0590000000000000e+004	 -4.3552623847431187e+002	  1.1007553576289015e+003	
  1.0620000000000000e+004	 -4.3635986630111336e+002	  1.1064547907447329e+003	
  1.0650000000000000e+004	 -4.3156424867607018e+002	  1.0966700158860285e+003	
  1.0680000000000000e+004	 -4.3158216984563143e+002	  1.0908147405471650e+003	
  1.0710000000000000e+004	 -4.3248752724595249e+002	  1.0922618651066073e+003	
  1.0740000000000000e+004	 -4.3623437201174636e+002	  1.0974047140795806e+003	
  1.0770000000000000e+004	 -4.3388586986747111e+002	  1.0960577758506904e+003	
  1.0800000000000000e+004	 -4.3466572037716196e+002	  1.0974826391069093e+003	
  1.0830000000000000e+004	 -4.3155528638965779e+002	  1.0908147406456865e+003	
  1.0860000000000000e+004	 -4.3729210391237746e+002	  1.1062766839088995e+003	
  1.0890000000000000e+004	 -4.3528422619031369e+002	  1.0993193657366637e+003	
  1.0920000000000000e+004	 -4.2925159873021693e+002	  1.0847590908014406e+003	
  1.0950000000000000e+004	 -4.3494360456359317e+002	  1.1012340182222003e+003	
  1.0980000000000000e+004	 -4.3484498534056110e+002	  1.0988295708529065e+003	
  1.1010000000000000e+004	 -4.3970336843384177e+002	  1.1059316029882661e+003	
  1.1040000000000000e+004	 -4.3916553133141167e+002	  1.1126217569146218e+003	
  1.1070000000000000e+004	 -4.3397551105392387e+002	  1.0970151014207554e+003	
  1.1100000000000000e+004	 -4.3389483689595301e+002	  1.0897238343944482e+003	
  1.1130000000000000e+004	 -4.5072881130430085e+002	  1.1270929869561319e+003	
  1.1160000000000000e+004	 -4.4538641024295248e+002	  1.1187108069683427e+003	
  1.1190000000000000e+004	 -4.3687977434660587e+002	  1.0990744710995652e+003	
  1.1220000000000000e+004	 -4.3782097145868886e+002	  1.1058982076449606e+003	
  1.1250000000000000e+004	 -4.3106228829256577e+002	  1.0898462802771589e+003	
  1.1280000000000000e+004	 -4.3401135636951767e+002	  1.0891338531408114e+003	
  1.1310000000000000e+004	 -4.4016052783023963e+002	  1.1079575753188478e+003	
  1.1340000000000000e+004	 -4.4636345808984407e+002	  1.1095716755719757e+003	
  1.1370000000000000e+004	 -4.4160368979046291e+002	  1.1033045242149576e+003	
  1.1400000000000000e+004	 -4.5936990711132438e+002	  1.1269594050441465e+003	
  1.1430000000000000e+004	 -4.5175964751273688e+002	  1.1086922676657705e+003	
  1.1460000000000000e+004	 -4.4293928613279547e+002	  1.1067887411026527e+003	
  1.1490000000000000e+004	 -4.3380520096105755e+002	  1.1003991424647577e+003	
  1.1520000000000000e+004	 -4.4571806755841828e+002	  1.1139464330792382e+003	
  1.1550000000000000e+004	 -4.4426593882528311e+002	  1.1040169474743757e+003	
  1.1580000000000000e+004	 -4.4068042531575202e+002	  1.1007664893422266e+003	
  1.1610000000000000e+004	 -4.5156246084105288e+002	  1.1042729763152606e+003	
  1.1640000000000000e+004	 -4.2667002160315144e+002	  1.0987405214062790e+003	
  1.1670000000000000e+004	 -4.4542227125306073e+002	  1.1196347403302070e+003	
  1.1700000000000000e+004	 -3.4161266432412987e+002	  9.7472213855258474e+002	
  1.1730000000000000e+004	 -2.8788188029769577e+002	  8.5507352965938549e+002	
  1.1760000000000000e+004	 -3.8329982318978142e+002	  1.0233158903579460e+003	
  1.1790000000000000e+004	 -4.4864026720142692e+002	  1.1349742341179115e+003	
  1.1820000000000000e+004	 -4.4973384310899746e+002	  1.1227182226693744e+003	
  1.1850000000000000e+004	 -4.4056944444137991e+002	  1.1142581260004977e+003	
  1.1880000000000000e+004	 -4.4120032453226429e+002	  1.1031264157733062e+003	
  1.1910000000000000e+004	 -4.3901315211769150e+002	  1.0889668743800098e+003	
  1.1940000000000000e+004	 -4.3566070212565830e+002	  1.1116533022739654e+003	
  1.1970000000000000e+004	 -4.2995972750653584e+002	  1.0847590882915192e+003	
  1.2000000000000000e+004	 -4.3410100506906156e+002	  1.0952896861763584e+003	
  1.2030000000000000e+004	 -4.2639215191672838e+002	  1.0868295928458767e+003	
  1.2060000000000000e+004	 -4.3322254863426326e+002	  1.0970262327132548e+003	
  1.2090000000000000e+004	 -4.3272057949009593e+002	  1.0938648319401789e+003	
  1.2120000000000000e+004	 -4.1509778550006678e+002	  1.0727368446714197e+003	
  1.2150000000000000e+004	 -4.1665747516521577e+002	  1.0795939784674481e+003	
  1.2180000000000000e+004	 -4.9408665453847482e+002	  1.1691151925378724e+003	
  1.2210000000000000e+004	 -4.7393606772155692e+002	  1.1403508543893763e+003	
  1.2240000000000000e+004	 -4.9080590131142617e+002	  1.1696717729612587e+003	
  1.2270000000000000e+004	 -4.7110351406982056e+002	  1.1434009395520857e+003	
  1.2300000000000000e+004	 -4.6916731957478316e+002	  1.1382135650926609e+003	
  1.2330000000000000e+004	 -4.6310780226032546e+002	  1.1279055952590729e+003	
  1.2360000000000000e+004	 -4.5106047926746066e+002	  1.1332042958364250e+003	
  1.2390000000000000e+004	 -4.4435558214140411e+002	  1.1195790762154095e+003	
  1.2420000000000000e+004	 -4.4292136845501261e+002	  1.1133898482701297e+003	
  1.2450000000000000e+004	 -4.2961910502885593e+002	  1.0831783874135072e+003	
  1.2480000000000000e+004	 -4.2300383914430631e+002	  1.0726477895844828e+003	
  1.2510000000000000e+004	 -4.3949719999171577e+002	  1.1107405044435400e+003	
  1.2540000000000000e+004	 -4.2795183908821355e+002	  1.0800169808824999e+003	
  1.2570000000000000e+004	 -4.3578618898456034e+002	  1.0982952472431602e+003	
  1.2600000000000000e+004	 -4.3892351416000974e+002	  1.0979612973936339e+003	
  1.2630000000000000e+004	 -4.4068042204444629e+002	  1.1138351205093586e+003	
  1.2660000000000000e+004	 -4.3164492045348641e+002	  1.0902581565989983e+003	
  1.2690000000000000e+004	 -4.1646028080523973e+002	  1.0598685909808173e+003	
  1.2720000000000000e+004	 -3.9512645717430286e+002	  1.0143621567926900e+003	
  1.2750000000000000e+004	 -4.3178834589884775e+002	  1.0956904291649187e+003	
  1.2780000000000000e+004	 -4.3374245381043784e+002	  1.0954677999034641e+003	
  1.2810000000000000e+004	 -4.4146922607634781e+002	  1.0881876568304106e+003	
  1.2840000000000000e+004	 -4.5168794286917057e+002	  1.1125215781103700e+003	
  1.2870000000000000e+004	 -5.1651403712177978e+002	  1.2055381471497276e+003	
  1.2900000000000000e+004	 -5.5489696909202962e+002	  1.2398015471736367e+003	
  1.2930000000000000e+004	 -4.7303967841991442e+002	  1.1372562341978282e+003	
  1.2960000000000000e+004	 -4.7166323892428488e+002	  1.1344955698710789e+003	
  1.2990000000000000e+004	 -4.6213174914810526e+002	  1.1189668345067489e+003	
  1.3020000000000000e+004	 -4.5260025937192552e+002	  1.1034380991424189e+003	
  1.3050000000000000e+004	 -4.4306876959574583e+002	  1.0879093637780884e+003	
  1.3080000000000000e+004	 -4.3353727981956627e+002	  1.0723806284137584e+003	
  1.3110000000000000e+004	 -4.2400579004338653e+002	  1.0568518930494283e+003	
  1.3140000000000000e+004	 -4.2476073050161068e+002	  1.0707553980348180e+003	
  1.3170000000000000e+004	 -4.4319028297908079e+002	  1.1269482741726929e+003	
  1.3200000000000000e+004	 -4.3245167123052778e+002	  1.0960243813152770e+003	
  1.3230000000000000e+004	 -4.2346995372721506e+002	  1.0756088259556500e+003	
  1.3260000000000000e+004	 -4.4336954723422815e+002	  1.1133675838855802e+003	
  1.3290000000000000e+004	 -4.4534158568437078e+002	  1.1158165612805506e+003	
  1.3320000000000000e+004	 -4.3775822982930652e+002	  1.1210707279688620e+003	
  1.3350000000000000e+004	 -4.4146922534107063e+002	  1.1317349083617112e+003	
  1.3380000000000000e+004	 -5.1531289248436394e+002	  1.2585918744235260e+003	
  1.3410000000000000e+004	 -5.7126483446002430e+002	  1.3558607576398340e+003	
  1.3440000000000000e+004	 -5.4367429734469783e+002	  1.3043877293203814e+003	
  1.3470000000000000e+004	 -4.1170947072685630e+002	  1.0683954730894102e+003	
  1.3500000000000000e+004	 -4.3777616082099519e+002	  1.1142135974445459e+003	
  1.3530000000000000e+004	 -4.4286758299414805e+002	  1.1318016972730736e+003	
  1.3560000000000000e+004	 -4.4096726836028972e+002	  1.1128777913226077e+003	
  1.3590000000000000e+004	 -4.4295721111549591e+002	  1.1080021012995135e+003	
  1.3620000000000000e+004	 -4.4297515077705549e+002	  1.1154603452968506e+003	
  1.3650000000000000e+004	 -4.3861874818321746e+002	  1.1078017277377644e+003	
  1.3680000000000000e+004	 -4.3691563503077089e+002	  1.0959575926939826e+003	
  1.3710000000000000e+004	 -4.2581846066331610e+002	  1.0773453688367958e+003	
  1.3740000000000000e+004	 -3.8449541069570898e+002	  1.0035198687929314e+003	
  1.3770000000000000e+004	 -4.6083100415390402e+002	  1.1332933463274892e+003	
  1.3800000000000000e+004	 -4.9381774009798812e+002	  1.1885066279701193e+003	
  1.3830000000000000e+004	 -3.5193896003736518e+002	  9.6195406965781035e+002	
  1.3860000000000000e+004	 -3.0746065067307870e+002	  8.8620649069047363e+002	
  1.3890000000000000e+004	 -3.3193178382660778e+002	  9.2433259704231318e+002	
  1.3920000000000000e+004	 -3.5640291698013681e+002	  9.6245870339415239e+002	
  1.3950000000000000e+004	 -3.8087405013366578e+002	  1.0005848097459919e+003	
  1.3980000000000000e+004	 -4.0534518328719480e+002	  1.0387109160978314e+003	
  1.4010000000000000e+004	 -4.2981631644072388e+002	  1.0768370224496705e+003	
  1.4040000000000000e+004	 -4.4596904975716899e+002	  1.0931301351424927e+003	
  1.4070000000000000e+004	 -4.3386793987507565e+002	  1.0920614944454487e+003	
  1.4100000000000000e+004	 -4.3723831808446994e+002	  1.1021245575482947e+003	
  1.4130000000000000e+004	 -4.5643875246707432e+002	  1.1328926023341901e+003	
  1.4160000000000000e+004	 -4.3603718733088243e+002	  1.0912154785682019e+003	
  1.4190000000000000e+004	 -4.0954023107065785e+002	  1.0380949619761923e+003	
  1.4220000000000000e+004	 -3.7784428609431194e+002	  9.8826942711588015e+002	
  1.4250000000000000e+004	 -3.7008164329806243e+002	  9.9902266130693693e+002	
  1.4280000000000000e+004	 -3.7651765562309367e+002	  1.0027406522516727e+003	
  1.4310000000000000e+004	 -4.1794825443854199e+002	  1.0728926867680159e+003	
  1.4340000000000000e+004	 -4.3395758824503218e+002	  1.0938425664049412e+003	
  1.4370000000000000e+004	 -4.4831757138359927e+002	  1.1184881733764028e+003	
  1.4400000000000000e+004	 -4.4891606025784466e+002	  1.1180810267988832e+003	
  1.4430000000000000e+004	 -4.4652162498228552e+002	  1.1144670328596960e+003	
  1.4460000000000000e+004	 -4.4412718970672631e+002	  1.1108530389205084e+003	
  1.4490000000000000e+004	 -4.4173275443116728e+002	  1.1072390449813211e+003	
  1.4520000000000000e+004	 -4.3933831915560808e+002	  1.1036250510421337e+003	
  1.4550000000000000e+004	 -4.3694388388004893e+002	  1.1000110571029461e+003	
  1.4580000000000000e+004	 -4.3454944860448978e+002	  1.0963970631637587e+003	
  1.4610000000000000e+004	 -4.3215501332893064e+002	  1.0927830692245714e+003	
  1.4640000000000000e+004	 -4.5351657017831195e+002	  1.1048629578839582e+003	
  1.4670000000000000e+004	 -4.7514617378721340e+002	  1.1044956135980601e+003	
  1.4700000000000000e+004	 -4.7653556040084698e+002	  1.1030150934850783e+003	
  1.4730000000000000e+004	 -4.9216424861408768e+002	  1.1295099201827352e+003	
  1.4760000000000000e+004	 -5.0833185711054387e+002	  1.1569183615941045e+003	
  1.4790000000000000e+004	 -5.2505652238423488e+002	  1.1800353972461824e+003	
  1.4820000000000000e+004	 -5.2855240776673736e+002	  1.1927478096202653e+003	
  1.4850000000000000e+004	 -5.2319205320409071e+002	  1.1966439103599128e+003	
  1.4880000000000000e+004	 -5.1547423427569424e+002	  1.1914008745655276e+003	
  1.4910000000000000e+004	 -5.0388406431801286e+002	  1.1866476319491771e+003	
  1.4940000000000000e+004	 -5.0754128953514908e+002	  1.1760391141227472e+003	
  1.4970000000000000e+004	 -5.0006549793639351e+002	  1.1744138831516805e+003	
  1.5000000000000000e+004	 -4.9396116305790275e+002	  1.1714305842376154e+003	
  1.5030000000000000e+004	 -4.9025910869951315e+002	  1.1663656580718739e+003	
  1.5060000000000000e+004	 -4.8573240971413833e+002	  1.1641949736215195e+003	
  1.5090000000000000e+004	 -4.8491669257304022e+002	  1.1643285559148342e+003	
  1.5120000000000000e+004	 -4.8947030346413669e+002	  1.1562580664773636e+003	
  1.5150000000000000e+004	 -4.6252515908087526e+002	  1.1106180523807752e+003	
  1.5180000000000000e+004	 -4.6109096391177326e+002	  1.1071560900350541e+003	
  1.5210000000000000e+004	 -4.5959400006583621e+002	  1.1075457009185066e+003	
  1.5240000000000000e+004	 -4.5334625208638317e+002	  1.0949780014036946e+003	
  1.5270000000000000e+004	 -4.4494718340713268e+002	  1.0822655855437115e+003	
  1.5300000000000000e+004	 -4.4620211770430421e+002	  1.0863063958310036e+003	
  1.5330000000000000e+004	 -4.4505475067341285e+002	  1.0838351599001846e+003	
  1.5360000000000000e+004	 -4.4561946818410195e+002	  1.0858722580565386e+003	
  1.5390000000000000e+004	 -4.4477686458124782e+002	  1.0817646585384400e+003	
  1.5420000000000000e+004	 -4.4450795140431967e+002	  1.0815865565844397e+003	
  1.5450000000000000e+004	 -4.4250007066346632e+002	  1.0770782118281240e+003	
  1.5480000000000000e+004	 -4.4154990417742431e+002	  1.0690522475772157e+003	
  1.5510000000000000e+004	 -4.4483065445453315e+002	  1.0748963969174022e+003	
  1.5540000000000000e+004	 -4.4799487265186929e+002	  1.0830670709663377e+003	
  1.5570000000000000e+004	 -4.4327094435037213e+002	  1.0797386866524987e+003	
  1.5600000000000000e+004	 -4.4660548081639024e+002	  1.0862507386774305e+003	
  1.5630000000000000e+004	 -4.4526091823051428e+002	  1.0849928583696721e+003	
  1.5660000000000000e+004	 -4.4127202755004566e+002	  1.0774121604409424e+003	
  1.5690000000000000e+004	 -4.4596905862778442e+002	  1.0802284826027446e+003	
  1.5720000000000000e+004	 -4.5212718011992166e+002	  1.0824993529072060e+003	
  1.5750000000000000e+004	 -4.4409561551849526e+002	  1.0789817331204024e+003	
  1.5780000000000000e+004	 -4.4720606060945317e+002	  1.0856384949232056e+003	
  1.5810000000000000e+004	 -4.4808450245939355e+002	  1.0893453582586451e+003	
  1.5840000000000000e+004	 -4.4240146512297395e+002	  1.0734158788337390e+003	
  1.5870000000000000e+004	 -4.4524298179507412e+002	  1.0810410982464737e+003	
  1.5900000000000000e+004	 -4.4409562472162588e+002	  1.0806960191264689e+003	
  1.5930000000000000e+004	 -4.4063559788324199e+002	  1.0700207066956721e+003	
  1.5960000000000000e+004	 -4.3740864564082347e+002	  1.0606032846650196e+003	
  1.5990000000000000e+004	 -4.4213255202033241e+002	  1.0733045587289701e+003	
  1.6020000000000000e+004	 -4.3670945652755734e+002	  1.0744065995681387e+003	
  1.6050000000000000e+004	 -4.2952946064240831e+002	  1.0592786075960016e+003	
  1.6080000000000000e+004	 -4.4024118857994000e+002	  1.0595346362563826e+003	
  1.6110000000000000e+004	 -4.4309168009613421e+002	  1.0605364937384361e+003	
  1.6140000000000000e+004	 -4.4366536075730272e+002	  1.0662247914463701e+003	
  1.6170000000000000e+004	 -4.4374603440567807e+002	  1.0625513317040190e+003	
  1.6200000000000000e+004	 -4.4501889110139166e+002	  1.0736051196945725e+003	
  1.6230000000000000e+004	 -4.4698195427105532e+002	  1.0718574392588387e+003	
  1.6260000000000000e+004	 -4.4810243809933365e+002	  1.0615272104432152e+003	
  1.6290000000000000e+004	 -4.4059975196250326e+002	  1.0674826768673879e+003	
  1.6320000000000000e+004	 -4.3626127418149446e+002	  1.0510188755562897e+003	
  1.6350000000000000e+004	 -4.3664671406335435e+002	  1.0346107369198439e+003	
  1.6380000000000000e+004	 -4.4373707694724180e+002	  1.0417684310998975e+003	
  1.6410000000000000e+004	 -4.7113861121416591e+002	  1.0683027133177093e+003	
  1.6440000000000000e+004	 -4.4937527824013267e+002	  1.0578203531979043e+003	
  1.6470000000000000e+004	 -4.6222427734514542e+002	  1.0674667110012376e+003	
  1.6500000000000000e+004	 -4.7898384139516213e+002	  1.0800489168316726e+003	
  1.6530000000000000e+004	 -4.9574340544517872e+002	  1.0926311226621076e+003	
  1.6560000000000000e+004	 -4.6400418779458249e+002	  1.0907034261628482e+003	
  1.6590000000000000e+004	 -4.6165568644485268e+002	  1.0500504209775293e+003	
  1.6620000000000000e+004	 -4.6213972251940379e+002	  1.0101989005576264e+003	
  1.6650000000000000e+004	 -4.6210387277511779e+002	  9.6898930936392412e+002	
  1.6680000000000000e+004	 -4.8487187232963578e+002	  9.6582790517535500e+002	
  1.6710000000000000e+004	 -4.8417270084986268e+002	  9.1008029731379588e+002	
  1.6740000000000000e+004	 -5.1601206747302183e+002	  9.2711181245340197e+002	
  1.6770000000000000e+004	 -5.5426950420732078e+002	  8.8864062248218124e+002	
  1.6800000000000000e+004	 -5.7608735900004501e+002	  8.6343843368539854e+002	
  1.6830000000000000e+004	 -5.9100308730747849e+002	  8.4691897849215457e+002	
  1.6860000000000000e+004	 -5.9193532302348717e+002	  8.4440320914160770e+002	
  1.6890000000000000e+004	 -6.0683313791306796e+002	  8.4478169067906003e+002	
  1.6920000000000000e+004	 -6.4817411608600128e+002	  8.4406926124740926e+002	
  1.6950000000000000e+004	 -6.8227234903859812e+002	  8.3242549168513392e+002	
  1.6980000000000000e+004	 -6.7843585488668612e+002	  7.8656284420923703e+002	
  1.7010000000000000e+004	 -6.6735661256352034e+002	  7.5497105422891696e+002	
  1.7040000000000000e+004	 -6.7020709144560465e+002	  7.1937184448612425e+002	
  1.7070000000000000e+004	 -7.0509414643587752e+002	  7.0006946001717017e+002	
  1.7100000000000000e+004	 -7.4121820186737330e+002	  6.7586911870509039e+002	
  1.7130000000000000e+004	 -7.6382486438287481e+002	  6.5006581021258069e+002	
  1.7160000000000000e+004	 -7.7493996045373069e+002	  6.1827365026824987e+002	
  1.7190000000000000e+004	 -7.7675064568186917e+002	  5.8131638204995875e+002	
  1.7220000000000000e+004	 -7.7696576974790673e+002	  5.4322366653027689e+002	
  1.7250000000000000e+004	 -7.7691198988321764e+002	  5.0495285143939753e+002	
  1.7280000000000000e+004	 -7.7825655495682918e+002	  4.6467831794271086e+002	
  1.7310000000000000e+004	 -7.6940034319343829e+002	  4.2369136375013051e+002	
  1.7340000000000000e+004	 -7.5075566561184746e+002	  3.8717934319608923e+002	
  1.7370000000000000e+004	 -7.3103533544400614e+002	  3.4915343150241409e+002	
  1.7400000000000000e+004	 -7.0984495377870974e+002	  3.1288631504936933e+002	
  1.7430000000000000e+004	 -6.8974814660146671e+002	  2.7713127035963777e+002	
  1.7460000000000000e+004	 -6.7126482015205443e+002	  2.3963966444331214e+002	
  1.7490000000000000e+004	 -6.5107837637740454e+002	  2.0301634535562786e+002	
  1.7520000000000000e+004	 -6.3137598389955133e+002	  1.6784015910986173e+002	
  1.7550000000000000e+004	 -6.1237275262754611e+002	  1.2896819914982072e+002	
  1.7580000000000000e+004	 -5.9116444635979371e+002	  9.0407929878702518e+001	
  1.7610000000000000e+004	 -5.7493998469643498e+002	  5.0623192580921589e+001	
  1.7640000000000000e+004	 -5.5898445076784117e+002	  1.2352350006214092e+001	
  1.7670000000000000e+004	 -5.3487186838038133e+002	 -2.6964758741415473e+001	
  1.7700000000000000e+004	 -5.1457786021303252e+002	 -6.9064959015241996e+001	
  1.7730000000000000e+004	 -4.9444519735449819e+002	 -1.1009638714729954e+002	
  1.7760000000000000e+004	 -4.7481451931245539e+002	 -1.4959170803072044e+002	
  1.7790000000000000e+004	 -4.6283889700617783e+002	 -1.8554712559389662e+002	
  1.7820000000000000e+004	 -4.8388585901504064e+002	 -2.1208510905203065e+002	
  1.7850000000000000e+004	 -4.8487188170423070e+002	 -2.3835595909039756e+002	
  1.7880000000000000e+004	 -4.8286398768971577e+002	 -2.6954699739717336e+002	
  1.7910000000000000e+004	 -5.1093857376703664e+002	 -2.9250059439292573e+002	
  1.7940000000000000e+004	 -5.4297513105514827e+002	 -3.1480854704011404e+002	
  1.7970000000000000e+004	 -5.6715942571947596e+002	 -3.3820739800464298e+002	
  1.8000000000000000e+004	 -5.7137240519916372e+002	 -3.3920925579160723e+002	
  1.8030000000000000e+004	 -5.7137240519916384e+002	 -3.3920925579160718e+002	
  1.8060000000000000e+004	 -5.7137240519916384e+002	 -3.3920925579160718e+002	
  1.8090000000000000e+004	 -5.7137240519916384e+002	 -3.3920925579160718e+002	
  1.8120000000000000e+004	 -5.7137240519916384e+002	 -3.3920925579160718e+002	
  1.8150000000000000e+004	 -5.7137240519916384e+002	 -3.3920925579160718e+002	
  1.8180000000000000e+004	 -5.7137240519916384e+002	 -3.3920925579160718e+002	
  1.8210000000000000e+004	 -5.7137240519916384e+002	 -3.3920925579160718e+002	
  1.8240000000000000e+004	 -5.7137240519916384e+002	 -3.3920925579160718e+002	
  1.8270000000000000e+004	 -5.7137240519916384e+002	 -3.3920925579160718e+002	
  1.8300000000000000e+004	 -5.7137240519916384e+002	 -3.3920925579160718e+002	
  1.8330000000000000e+004	 -5.7137240519916384e+002	 -3.3920925579160718e+002	
  1.8360000000000000e+004	 -5.7137240519916384e+002	 -3.3920925579160718e+002	
  1.8390000000000000e+004	 -5.7137240519916384e+002	 -3.3920925579160718e+002	
  1.8420000000000000e+004	 -5.7137240519916384e+002	 -3.3920925579160718e+002	
  1.8450000000000000e+004	 -5.7137240519916384e+002	 -3.3920925579160718e+002	
  1.8480000000000000e+004	 -5.7137240519916384e+002	 -3.3920925579160718e+002	
  1.8510000000000000e+004	 -5.7137240519916384e+002	 -3.3920925579160718e+002	
  1.8540000000000000e+004	 -5.7137240519916384e+002	 -3.3920925579160718e+002	
  1.8570000000000000e+004	 -5.7137240519916384e+002	 -3.3920925579160718e+002	
  1.8600000000000000e+004	 -5.7137240519916384e+002	 -3.3920925579160718e+002	
  1.8630000000000000e+004	 -5.7137240519916384e+002	 -3.3920925579160718e+002	
  1.8660000000000000e+004	 -5.7137240519916384e+002	 -3.3920925579160718e+002	
  1.8690000000000000e+004	 -5.7137240519916384e+002	 -3.3920925579160718e+002	
  1.8720000000000000e+004	 -5.7137240519916384e+002	 -3.3920925579160718e+002	
  1.8750000000000000e+004	 -5.7137240519916384e+002	 -3.3920925579160718e+002	
  1.8780000000000000e+004	 -5.7137240519916384e+002	 -3.3920925579160718e+002	
  1.8810000000000000e+004	 -5.7137240519916384e+002	 -3.3920925579160718e+002	
  1.8840000000000000e+004	 -5.7137240519916384e+002	 -3.3920925579160718e+002	
  1.8870000000000000e+004	 -5.7137240519916384e+002	 -3.3920925579160718e+002	
  1.8900000000000000e+004	 -5.7137240519916384e+002	 -3.3920925579160718e+002	
  1.8930000000000000e+004	 -5.7137240519916384e+002	 -3.3920925579160718e+002	
  1.8960000000000000e+004	 -5.7137240519916384e+002	 -3.3920925579160718e+002	
  1.8990000000000000e+004	 -5.6923006147494357e+002	 -3.3949867116256030e+002	
  1.9020000000000000e+004	 -5.5328348128162520e+002	 -3.2113135472525056e+002	
  1.9050000000000000e+004	 -5.1448822368242668e+002	 -3.0142821692082975e+002	
  1.9080000000000000e+004	 -4.8247854916099379e+002	 -2.7934291649136804e+002	
  1.9110000000000000e+004	 -4.8255921672237054e+002	 -2.3718712076208726e+002	
  1.9140000000000000e+004	 -4.7737815083110900e+002	 -2.0382540042990982e+002	
  1.9170000000000000e+004	 -4.5959400478602913e+002	 -1.8548035298439223e+002	
  1.9200000000000000e+004	 -4.6362528884809382e+002	 -1.8727946593521071e+002	
  1.9230000000000000e+004	 -4.5869762700130980e+002	 -1.8625953848924331e+002	
  1.9260000000000000e+004	 -4.5835699887865746e+002	 -1.6384028052545912e+002	
  1.9290000000000000e+004	 -4.7649970515958410e+002	 -1.2915383389193227e+002	
  1.9320000000000000e+004	 -4.9263451390737009e+002	 -9.5959149126016612e+001	
  1.9350000000000000e+004	 -5.0912788519484639e+002	 -6.2452685683465987e+001	
  1.9380000000000000e+004	 -5.3022863028808092e+002	 -2.7610337739813282e+001	
  1.9410000000000000e+004	 -5.4173813083395032e+002	 -3.6758427714696595e+000	
  1.9440000000000000e+004	 -5.5441292033916795e+002	  2.6578494291573595e+001	
  1.9470000000000000e+004	 -5.5997046413058126e+002	  3.7131585142882557e+001	
  1.9500000000000000e+004	 -5.7820280736025165e+002	  6.7476607321623959e+001	
  1.9530000000000000e+004	 -5.9559254630547582e+002	  1.0029289562035100e+002	
  1.9560000000000000e+004	 -6.1047242891808560e+002	  1.2656378719277691e+002	
  1.9590000000000000e+004	 -6.2667895934854801e+002	  1.5468245793532790e+002	
  1.9620000000000000e+004	 -6.4267034535324524e+002	  1.8411467594851689e+002	
  1.9650000000000000e+004	 -6.5756815713488936e+002	  2.1305714939338833e+002	
  1.9680000000000000e+004	 -6.7257353320973903e+002	  2.4413688869977983e+002	
  1.9710000000000000e+004	 -6.8964058530193756e+002	  2.7419249884738986e+002	
  1.9740000000000000e+004	 -7.0505829093456339e+002	  3.0680841015945583e+002	
  1.9770000000000000e+004	 -7.2078077087170527e+002	  3.3463768965280656e+002	
  1.9800000000000000e+004	 -7.3571443195373672e+002	  3.6513855770309073e+002	
  1.9830000000000000e+004	 -7.4924974857434097e+002	  3.9786581198972806e+002	
  1.9860000000000000e+004	 -7.6499015973477105e+002	  4.3037039478517363e+002	
  1.9890000000000000e+004	 -7.6832468852025363e+002	  4.6601412352139806e+002	
  1.9920000000000000e+004	 -7.7078076221491744e+002	  5.0261518771094177e+002	
  1.9950000000000000e+004	 -7.7051184935440506e+002	  5.3754649144742314e+002	
  1.9980000000000000e+004	 -7.7164128427130777e+002	  5.7523846241466049e+002	
  2.0010000000000000e+004	 -7.7070905111024990e+002	  6.1028108732826354e+002	
  2.0040000000000000e+004	 -7.5670761683884086e+002	  6.3940163827359777e+002	
  2.0070000000000000e+004	 -7.3395753743764340e+002	  6.6440346155103657e+002	
  2.0100000000000000e+004	 -7.0907406705756455e+002	  6.8579860383414166e+002	
  2.0130000000000000e+004	 -6.8080228695806159e+002	  7.0630321914377214e+002	
  2.0160000000000000e+004	 -6.6029315340557741e+002	  7.3065939562007156e+002	
  2.0190000000000000e+004	 -6.7087041303885030e+002	  7.6721593595592037e+002	
  2.0220000000000000e+004	 -6.8110706143838240e+002	  8.0490790087950722e+002	
  2.0250000000000000e+004	 -6.7813107877382436e+002	  8.4139765079663596e+002	
  2.0280000000000000e+004	 -6.4207873793797353e+002	  8.5357573844912588e+002	
  2.0310000000000000e+004	 -6.0003859376960713e+002	  8.5569076762538862e+002	
  2.0340000000000000e+004	 -5.5891274198754741e+002	  8.5197277031999147e+002	
  2.0370000000000000e+004	 -5.1827093899580268e+002	  8.5306368293116100e+002	
  2.0400000000000000e+004	 -4.7567503664810130e+002	  8.5057017244191195e+002	
  2.0430000000000000e+004	 -4.4819206302012088e+002	  8.6956087186296793e+002	
  2.0460000000000000e+004	 -4.4419422250850300e+002	  9.1562389134031434e+002	
  2.0490000000000000e+004	 -4.0674352437247774e+002	  9.1891887356039604e+002	
  2.0520000000000000e+004	 -3.7836419285614909e+002	  9.4590213890692644e+002	
  2.0550000000000000e+004	 -3.6957968959822483e+002	  9.8459596822858532e+002	
  2.0580000000000000e+004	 -3.9933943828762568e+002	  1.0248482296496445e+003	
  2.0610000000000000e+004	 -4.1943624977230490e+002	  1.0518760182814713e+003	
  2.0640000000000000e+004	 -4.3643157819141231e+002	  1.0860281078227781e+003	
  2.0670000000000000e+004	 -4.6386076593470187e+002	  1.1034380983144906e+003	
  2.0700000000000000e+004	 -5.1352012911172699e+002	  1.1297534651464273e+003	
  2.0730000000000000e+004	 -5.7036129241954086e+002	  1.1713148120888397e+003	
  2.0760000000000000e+004	 -4.8732078820981224e+002	  1.0625357420980442e+003	
  2.0790000000000000e+004	 -4.0428028400008355e+002	  9.5375667210724851e+002	
  2.0820000000000000e+004	 -4.6914940530585181e+002	  1.0912154818808601e+003	
  2.0850000000000000e+004	 -4.7318309444709575e+002	  1.1111746316280307e+003	
  2.0880000000000000e+004	 -4.9033081704984988e+002	  1.1157386385884499e+003	
  2.0910000000000000e+004	 -4.8077542742977511e+002	  1.0976830050137382e+003	
  2.0940000000000000e+004	 -4.7962807304285718e+002	  1.0894678051465182e+003	
  2.0970000000000000e+004	 -4.7440218365246301e+002	  1.0709780331960505e+003	
  2.1000000000000000e+004	 -4.7058359835863058e+002	  1.0736051146354594e+003	
  2.1030000000000000e+004	 -4.8611784924467946e+002	  1.0915716942878141e+003	
  2.1060000000000000e+004	 -4.9257176818748502e+002	  1.0782025170704692e+003	
  2.1090000000000000e+004	 -4.7702857590242309e+002	  1.0961802262426645e+003	
  2.1120000000000000e+004	 -4.7253770957075614e+002	  1.0721802551210708e+003	
  2.1150000000000000e+004	 -4.5418885113731312e+002	  1.0552044026444728e+003	
  2.1180000000000000e+004	 -4.6548322111961551e+002	  1.0562841781203356e+003	
  2.1210000000000000e+004	 -4.7230464421632621e+002	  1.0611821257437571e+003	
  2.1240000000000000e+004	 -4.6667538657485528e+002	  1.0685401897659747e+003	
  2.1270000000000000e+004	 -5.1214868321263384e+002	  1.0847702220214599e+003	
  2.1300000000000000e+004	 -4.9412250827692651e+002	  1.0667368546357645e+003	
