  0.0000000000000000e+000	 -4.0625948900531768e+002	  1.0371153730562323e+003	
  3.0000000000000000e+001	 -3.7990596293034497e+002	  9.9926755324831095e+002	
  6.0000000000000000e+001	 -3.4853271832904812e+002	  9.6965721193697755e+002	
  9.0000000000000000e+001	 -3.1644235737300374e+002	  9.8000970011150514e+002	
  1.2000000000000000e+002	 -3.1393249289084457e+002	  9.8000970011150514e+002	
  1.5000000000000000e+002	 -3.1832474357301885e+002	  9.7377594412524854e+002	
  1.8000000000000000e+002	 -3.1787655397497559e+002	  9.7422120939594072e+002	
  2.1000000000000000e+002	 -3.2029678348023828e+002	  9.7756072067344780e+002	
  2.4000000000000000e+002	 -3.2101388065586360e+002	  9.8123418526517128e+002	
  2.7000000000000000e+002	 -3.2056570327750615e+002	  9.7978706210832991e+002	
  3.0000000000000000e+002	 -3.2011751919106786e+002	  9.7789467542441696e+002	
  3.3000000000000000e+002	 -3.1922113078093099e+002	  9.7511174596694264e+002	
  3.6000000000000000e+002	 -3.2101388065586360e+002	  9.7956442882917293e+002	
  3.9000000000000000e+002	 -3.2056570327750615e+002	  9.7433252636589384e+002	
  4.2000000000000000e+002	 -3.2065534942974870e+002	  9.7199486913215537e+002	
  4.5000000000000000e+002	 -3.2271702723636014e+002	  9.7845125955490630e+002	
  4.8000000000000000e+002	 -3.2235845688264635e+002	  9.8134550749994708e+002	
  5.1000000000000000e+002	 -3.2208954758872761e+002	  9.7800598988375134e+002	
  5.4000000000000000e+002	 -3.2002789172703751e+002	  9.6921193747990060e+002	
  5.7000000000000000e+002	 -3.2191027151870003e+002	  9.7410989361406996e+002	
  6.0000000000000000e+002	 -3.2208954758872761e+002	  9.7622491581395172e+002	
  6.3000000000000000e+002	 -3.2056570327750615e+002	  9.7344198677956194e+002	
  6.6000000000000000e+002	 -3.2164135259180938e+002	  9.7266277138453336e+002	
  6.9000000000000000e+002	 -3.2173100785095147e+002	  9.7110433442417900e+002	
  7.2000000000000000e+002	 -3.2199990800472364e+002	  9.7266277138453336e+002	
  7.5000000000000000e+002	 -3.2119315086010556e+002	  9.7043642996354686e+002	
  7.8000000000000000e+002	 -3.2092425021874629e+002	  9.7065906311679157e+002	
  8.1000000000000000e+002	 -3.2101388065586360e+002	  9.6743087227414287e+002	
  8.4000000000000000e+002	 -3.2002789172703751e+002	  9.7566833457875384e+002	
  8.7000000000000000e+002	 -3.1984858969319123e+002	  9.7388725634148875e+002	
  9.0000000000000000e+002	 -3.1940041741658717e+002	  9.7244013718424367e+002	
  9.3000000000000000e+002	 -3.1868331758469043e+002	  9.8179077141477376e+002	
  9.6000000000000000e+002	 -3.1877295473562486e+002	  9.7856257992913027e+002	
  9.9000000000000000e+002	 -3.1966932836833399e+002	  9.8112286881194814e+002	
  1.0200000000000000e+003	 -3.2271702723636014e+002	  9.8457370258218270e+002	
  1.0500000000000000e+003	 -3.2379267116667421e+002	  9.8802453292806683e+002	
  1.0800000000000000e+003	 -3.2199990800472364e+002	  9.7789467542441696e+002	
  1.1100000000000000e+003	 -3.1796619130132979e+002	  9.7099301015860328e+002	
  1.1400000000000000e+003	 -3.1778691978807240e+002	  9.6898929809366166e+002	
  1.1700000000000000e+003	 -3.1778691978807240e+002	  9.6910062884063893e+002	
  1.2000000000000000e+003	 -3.1814547536177656e+002	  9.6898929809366166e+002	
  1.2300000000000000e+003	 -3.1787655397497559e+002	  9.6787613553965843e+002	
  1.2600000000000000e+003	 -3.1796619130132979e+002	  9.6832140394032649e+002	
  1.2900000000000000e+003	 -3.1769728874327751e+002	  9.6921193747990060e+002	
  1.3200000000000000e+003	 -3.1751800764336781e+002	  9.6898929809366166e+002	
  1.3500000000000000e+003	 -3.1760766084325110e+002	  9.6921193747990060e+002	
  1.3800000000000000e+003	 -3.1832474357301885e+002	  9.7177223528051627e+002	
  1.4100000000000000e+003	 -3.1931075839442008e+002	  9.7132696327686699e+002	
  1.4400000000000000e+003	 -3.1957968826238687e+002	  9.7077037915567962e+002	
  1.4700000000000000e+003	 -3.1850402432104283e+002	  9.7188355393438803e+002	
  1.5000000000000000e+003	 -3.2020714977634157e+002	  9.6743087227414287e+002	
  1.5300000000000000e+003	 -3.1868331758469043e+002	  9.7622491581395172e+002	
  1.5600000000000000e+003	 -3.2074497052647041e+002	  9.7410989361406996e+002	
  1.5900000000000000e+003	 -3.2137243348700889e+002	  9.7589097277026929e+002	
  1.6200000000000000e+003	 -3.2047606023343377e+002	  9.7433252636589384e+002	
  1.6500000000000000e+003	 -3.2101388065586360e+002	  9.8346052727619997e+002	
  1.6800000000000000e+003	 -3.1886259501551802e+002	  9.6865535962641229e+002	
  1.7100000000000000e+003	 -3.2074497052647041e+002	  9.7310804477427564e+002	
  1.7400000000000000e+003	 -3.1949005127759534e+002	  9.7065906311679157e+002	
  1.7700000000000000e+003	 -3.2253773587893608e+002	  9.6164238028017940e+002	
  1.8000000000000000e+003	 -3.1698018284735593e+002	  9.6809876968167691e+002	
  1.8300000000000000e+003	 -3.2065534942974870e+002	  9.6253291848653089e+002	
  1.8600000000000000e+003	 -3.1913147799565752e+002	  9.7711545192462575e+002	
  1.8900000000000000e+003	 -3.1438067393846211e+002	  9.8190209034067630e+002	
  1.9200000000000000e+003	 -3.1240864433964265e+002	  9.8312657972132160e+002	
  1.9500000000000000e+003	 -3.1733873911171321e+002	  9.7733808855180393e+002	
  1.9800000000000000e+003	 -3.1778691978807240e+002	  9.7266277138453336e+002	
  2.0100000000000000e+003	 -3.1455996282060727e+002	  9.7533438155679266e+002	
  2.0400000000000000e+003	 -3.1608381302850700e+002	  9.7744940633073952e+002	
  2.0700000000000000e+003	 -3.1545633904857601e+002	  9.7923048085694040e+002	
  2.1000000000000000e+003	 -3.2917093456738820e+002	  9.5262569396722847e+002	
  2.1300000000000000e+003	 -3.3078441721941016e+002	  9.5418413786229917e+002	
  2.1600000000000000e+003	 -3.2056570327750615e+002	  9.9180931501460759e+002	
  2.1900000000000000e+003	 -3.1940041741658717e+002	  9.7633623561760419e+002	
  2.2200000000000000e+003	 -3.2253773587893608e+002	  9.6921193747990060e+002	
  2.2500000000000000e+003	 -3.2119315086010556e+002	  9.8123418526517128e+002	
  2.2800000000000000e+003	 -3.2146207945246334e+002	  9.7833994036285276e+002	
  2.3100000000000000e+003	 -3.2119315086010556e+002	  9.7466648440017377e+002	
  2.3400000000000000e+003	 -3.2011751919106786e+002	  9.7577965308172952e+002	
  2.3700000000000000e+003	 -3.1949005127759534e+002	  9.8101154893488592e+002	
  2.4000000000000000e+003	 -3.2074497052647041e+002	  9.7600228438935085e+002	
  2.4300000000000000e+003	 -3.2182063813324550e+002	  9.6876667280719710e+002	
  2.4600000000000000e+003	 -3.2128281873596814e+002	  9.6999115935172563e+002	
  2.4900000000000000e+003	 -3.2155172851579459e+002	  9.7054775292387376e+002	
  2.5200000000000000e+003	 -3.2083462289510680e+002	  9.7232882186944164e+002	
  2.5500000000000000e+003	 -3.2253773587893608e+002	  9.7544570113111774e+002	
  2.5800000000000000e+003	 -3.1805583176448056e+002	  9.8067760098573876e+002	
  2.6100000000000000e+003	 -3.1940041741658717e+002	  9.8056628122262896e+002	
  2.6400000000000000e+003	 -3.1957968826238687e+002	  9.7856257992913027e+002	
  2.6700000000000000e+003	 -3.1957968826238687e+002	  9.7811731014417376e+002	
  2.7000000000000000e+003	 -3.2128281873596814e+002	  9.7633623561760419e+002	
  2.7300000000000000e+003	 -3.2083462289510680e+002	  9.7633623561760419e+002	
  2.7600000000000000e+003	 -3.2101388065586360e+002	  9.7600228438935085e+002	
  2.7900000000000000e+003	 -3.2173100785095147e+002	  9.7544570113111774e+002	
  2.8200000000000000e+003	 -3.2020714977634157e+002	  9.7566833457875384e+002	
  2.8500000000000000e+003	 -3.2038642030014057e+002	  9.7422120939594072e+002	
  2.8800000000000000e+003	 -3.2164135259180938e+002	  9.7355330934546839e+002	
  2.9100000000000000e+003	 -3.1922113078093099e+002	  9.7388725634148875e+002	
  2.9400000000000000e+003	 -3.2029678348023828e+002	  9.7255145833313748e+002	
  2.9700000000000000e+003	 -3.2092425021874629e+002	  9.7143828646468182e+002	
  3.0000000000000000e+003	 -3.2083462289510680e+002	  9.6976853120527846e+002	
  3.0300000000000000e+003	 -3.2083462289510680e+002	  9.6999115935172563e+002	
  3.0600000000000000e+003	 -3.1984858969319123e+002	  9.7377594412524854e+002	
  3.0900000000000000e+003	 -3.2056570327750615e+002	  9.7110433442417900e+002	
  3.1200000000000000e+003	 -3.2065534942974870e+002	  9.7177223528051627e+002	
  3.1500000000000000e+003	 -3.2002789172703751e+002	  9.7221750310009099e+002	
  3.1800000000000000e+003	 -3.2137243348700889e+002	  9.7077037915567962e+002	
  3.2100000000000000e+003	 -3.2038642030014057e+002	  9.7433252636589384e+002	
  3.2400000000000000e+003	 -3.1751800764336781e+002	  9.8045496724557165e+002	
  3.2700000000000000e+003	 -3.1626307889019398e+002	  9.8179077141477376e+002	
  3.3000000000000000e+003	 -3.1536670437539652e+002	  9.8245867505193428e+002	
  3.3300000000000000e+003	 -3.1491852118863545e+002	  9.8435106453951721e+002	
  3.3600000000000000e+003	 -3.1563561788200224e+002	  9.8145682631112550e+002	
  3.3900000000000000e+003	 -3.2038642030014057e+002	  9.7043642996354686e+002	
  3.4200000000000000e+003	 -3.1680092360460321e+002	  9.7655886952893729e+002	
  3.4500000000000000e+003	 -3.1724909532993877e+002	  9.7622491581395172e+002	
  3.4800000000000000e+003	 -3.1832474357301885e+002	  9.7522306779960434e+002	
  3.5100000000000000e+003	 -3.2164135259180938e+002	  9.6798745434569196e+002	
  3.5400000000000000e+003	 -3.2020714977634157e+002	  9.6910062884063893e+002	
  3.5700000000000000e+003	 -3.1393249289084457e+002	  9.8323789439564212e+002	
  3.6000000000000000e+003	 -3.1527707286816911e+002	  9.7878521038002111e+002	
  3.6300000000000000e+003	 -3.1447033115677499e+002	  9.8000970011150514e+002	
  3.6600000000000000e+003	 -3.1904185664021628e+002	  9.7088169173510016e+002	
  3.6900000000000000e+003	 -3.1949005127759534e+002	  9.6631769981797117e+002	
  3.7200000000000000e+003	 -3.2119315086010556e+002	  9.6320081282062586e+002	
  3.7500000000000000e+003	 -3.1545633904857601e+002	  9.7789467542441696e+002	
  3.7800000000000000e+003	 -3.2334446245897266e+002	  9.5819154837405381e+002	
  3.8100000000000000e+003	 -3.1545633904857601e+002	  9.7488911512486845e+002	
  3.8400000000000000e+003	 -3.1957968826238687e+002	  9.7377594412524854e+002	
  3.8700000000000000e+003	 -3.1940041741658717e+002	  9.7288540570088026e+002	
  3.9000000000000000e+003	 -3.2011751919106786e+002	  9.6999115935172563e+002	
  3.9300000000000000e+003	 -3.1922113078093099e+002	  9.6676296658185265e+002	
  3.9600000000000000e+003	 -3.1832474357301885e+002	  9.7166091316935206e+002	
  3.9900000000000000e+003	 -3.1850402432104283e+002	  9.6943457232157061e+002	
  4.0200000000000000e+003	 -3.1823512209056918e+002	  9.6965721193697755e+002	
  4.0500000000000000e+003	 -3.1859365521411218e+002	  9.6910062884063893e+002	
  4.0800000000000000e+003	 -3.1868331758469043e+002	  9.6776482259576926e+002	
  4.1100000000000000e+003	 -3.1922113078093099e+002	  9.6620638495310709e+002	
  4.1400000000000000e+003	 -3.1957968826238687e+002	  9.6564979587501432e+002	
  4.1700000000000000e+003	 -3.1957968826238687e+002	  9.6921193747990060e+002	
  4.2000000000000000e+003	 -3.1850402432104283e+002	  9.7065906311679157e+002	
  4.2300000000000000e+003	 -3.2280663557221874e+002	  9.6654032846870655e+002	
  4.2600000000000000e+003	 -3.1832474357301885e+002	  9.6987984235327849e+002	
  4.2900000000000000e+003	 -3.1966932836833399e+002	  9.6052920428614448e+002	
  4.3200000000000000e+003	 -3.2397193715644067e+002	  9.6654032846870655e+002	
  4.3500000000000000e+003	 -3.1653200134062820e+002	  9.7188355393438803e+002	
  4.3800000000000000e+003	 -3.1187081295709481e+002	  9.7544570113111774e+002	
  4.4100000000000000e+003	 -3.0810603176056202e+002	  9.7700413769870249e+002	
  4.4400000000000000e+003	 -3.1698018284735593e+002	  9.7277408562653955e+002	
  4.4700000000000000e+003	 -3.2038642030014057e+002	  9.6709691871344580e+002	
  4.5000000000000000e+003	 -3.1931075839442008e+002	  9.6821009087790810e+002	
  4.5300000000000000e+003	 -3.1599418483729715e+002	  9.7232882186944164e+002	
  4.5600000000000000e+003	 -3.2110354233349170e+002	  9.6932326129260127e+002	
  4.5900000000000000e+003	 -3.1769728874327751e+002	  9.6865535962641229e+002	
  4.6200000000000000e+003	 -3.2289627498740805e+002	  9.6420267446959599e+002	
  4.6500000000000000e+003	 -3.2379267116667421e+002	  9.6943457232157061e+002	
  4.6800000000000000e+003	 -3.1671127019518838e+002	  9.7366462846030277e+002	
  4.7100000000000000e+003	 -3.1796619130132979e+002	  9.7455515923423786e+002	
  4.7400000000000000e+003	 -3.1796619130132979e+002	  9.7054775292387376e+002	
  4.7700000000000000e+003	 -3.1823512209056918e+002	  9.7143828646468182e+002	
  4.8000000000000000e+003	 -3.1859365521411218e+002	  9.7333067932143649e+002	
  4.8300000000000000e+003	 -3.1438067393846211e+002	  9.7622491581395172e+002	
  4.8600000000000000e+003	 -3.1984858969319123e+002	  9.7444384915823014e+002	
  4.8900000000000000e+003	 -3.2128281873596814e+002	  9.7266277138453336e+002	
  4.9200000000000000e+003	 -3.1411177878404868e+002	  9.7488911512486845e+002	
  4.9500000000000000e+003	 -3.1366358788235658e+002	  9.8290394471696379e+002	
  4.9800000000000000e+003	 -3.1966932836833399e+002	  9.7644755198065036e+002	
  5.0100000000000000e+003	 -3.1931075839442008e+002	  9.7321935449249611e+002	
  5.0400000000000000e+003	 -3.1581488074620063e+002	  9.7589097277026929e+002	
  5.0700000000000000e+003	 -3.1957968826238687e+002	  9.7232882186944164e+002	
  5.1000000000000000e+003	 -3.1984858969319123e+002	  9.7299671768074802e+002	
  5.1300000000000000e+003	 -3.1993823915477998e+002	  9.7299671768074802e+002	
  5.1600000000000000e+003	 -3.1966932836833399e+002	  9.7232882186944164e+002	
  5.1900000000000000e+003	 -3.1895221010235974e+002	  9.7288540570088026e+002	
  5.2200000000000000e+003	 -3.1886259501551802e+002	  9.7299671768074802e+002	
  5.2500000000000000e+003	 -3.1823512209056918e+002	  9.7533438155679266e+002	
  5.2800000000000000e+003	 -3.1787655397497559e+002	  9.7544570113111774e+002	
  5.3100000000000000e+003	 -3.1706981719509378e+002	  9.7555701726174800e+002	
  5.3400000000000000e+003	 -3.1841439656485983e+002	  9.7199486913215537e+002	
  5.3700000000000000e+003	 -3.2020714977634157e+002	  9.7021379692715936e+002	
  5.4000000000000000e+003	 -3.2002789172703751e+002	  9.7077037915567962e+002	
  5.4300000000000000e+003	 -3.1949005127759534e+002	  9.7221750310009099e+002	
  5.4600000000000000e+003	 -3.2244810884053209e+002	  9.6609505726238410e+002	
  5.4900000000000000e+003	 -3.1832474357301885e+002	  9.7644755198065036e+002	
  5.5200000000000000e+003	 -3.1841439656485983e+002	  9.6609505726238410e+002	
  5.5500000000000000e+003	 -3.2029678348023828e+002	  9.6576111877652113e+002	
  5.5800000000000000e+003	 -2.6068762802867707e+002	  9.5173515787990971e+002	
  5.6100000000000000e+003	  7.8295833200292947e+001	  9.0541611310924941e+002	
  5.6400000000000000e+003	 -6.1968114821674245e+000	  7.5206567169052528e+002	
  5.6700000000000000e+003	 -2.6691744351905783e+002	  6.2889330315297957e+002	
  5.7000000000000000e+003	 -2.9342337358632142e+002	  4.6238518688677158e+002	
  5.7300000000000000e+003	 -1.3830502213513427e+002	  2.0703490113880167e+002	
  5.7600000000000000e+003	 -1.9732125874277024e+001	 -2.6964832384959443e+001	
  5.7900000000000000e+003	 -2.1587605862483731e+001	 -3.9554829721354665e+001	
  5.8200000000000000e+003	 -3.0887692995924255e+002	 -2.2700161922875805e+002	
  5.8500000000000000e+003	 -5.2848965336933747e+002	 -3.9523514364883545e+002	
  5.8800000000000000e+003	 -8.3692453044306603e+002	 -5.5267091757133471e+002	
  5.9100000000000000e+003	 -1.2208344723892144e+003	 -5.8328312096859406e+002	
  5.9400000000000000e+003	 -1.3528172429733295e+003	 -5.0964685861580563e+002	
  5.9700000000000000e+003	 -1.3951263034491569e+003	 -4.9560976615389063e+002	
  6.0000000000000000e+003	 -1.4490524361476166e+003	 -4.7143169675832087e+002	
  6.0300000000000000e+003	 -1.4717039187409368e+003	 -4.2537981546144545e+002	
  6.0600000000000000e+003	 -1.4728781780246604e+003	 -4.2545772335697063e+002	
  6.0900000000000000e+003	 -1.4844683483094341e+003	 -4.2293083132086815e+002	
  6.1200000000000000e+003	 -1.4681452976814562e+003	 -4.2030374954413475e+002	
  6.1500000000000000e+003	 -1.4615748444268895e+003	 -4.1453752626363041e+002	
  6.1800000000000000e+003	 -1.4632600323209977e+003	 -4.1373602325382143e+002	
  6.2100000000000000e+003	 -1.4590470571277942e+003	 -4.1701989714893182e+002	
  6.2400000000000000e+003	 -1.4603468049018097e+003	 -4.1946886983642952e+002	
  6.2700000000000000e+003	 -1.4612790375493958e+003	 -4.2183993268524284e+002	
  6.3000000000000000e+003	 -1.4649721196613223e+003	 -4.2332045070518473e+002	
  6.3300000000000000e+003	 -1.4604543699695416e+003	 -4.2155051339694745e+002	
  6.3600000000000000e+003	 -1.4595938482362285e+003	 -4.2148372143296240e+002	
  6.3900000000000000e+003	 -1.4605977916613926e+003	 -4.2238539113909809e+002	
  6.4200000000000000e+003	 -1.4604633338322051e+003	 -4.2208483271875332e+002	
  6.4500000000000000e+003	 -1.4614224582190832e+003	 -4.2024809436822608e+002	
  6.4800000000000000e+003	 -1.4599434330918839e+003	 -4.1923510669678171e+002	
  6.5100000000000000e+003	 -1.4593787144254866e+003	 -4.1846702679719220e+002	
  6.5400000000000000e+003	 -1.4593249320026709e+003	 -4.1825551577865264e+002	
  6.5700000000000000e+003	 -1.4597193390948930e+003	 -4.1941320169478820e+002	
  6.6000000000000000e+003	 -1.4615031322587856e+003	 -4.2107184222760861e+002	
  6.6300000000000000e+003	 -1.4607232828753124e+003	 -4.2176201186212364e+002	
  6.6600000000000000e+003	 -1.4591277315131588e+003	 -4.2157276971455184e+002	
  6.6900000000000000e+003	 -1.4602213130016655e+003	 -4.2139466623661190e+002	
  6.7200000000000000e+003	 -1.4656892181168328e+003	 -4.1866738999919727e+002	
  6.7500000000000000e+003	 -1.4645956392091871e+003	 -4.2494567545450155e+002	
  6.7800000000000000e+003	 -1.4653754866827967e+003	 -4.1986961586891192e+002	
  6.8100000000000000e+003	 -1.4674102670900727e+003	 -4.1570635875914087e+002	
  6.8400000000000000e+003	 -1.4572094801691915e+003	 -4.2041507479870722e+002	
  6.8700000000000000e+003	 -1.4554436120254436e+003	 -4.2377684537876758e+002	
  6.9000000000000000e+003	 -1.4555691065236665e+003	 -4.2339836802364897e+002	
  6.9300000000000000e+003	 -1.4562593168953788e+003	 -4.2325365471360846e+002	
  6.9600000000000000e+003	 -1.4568240358554056e+003	 -4.2284179246556306e+002	
  6.9900000000000000e+003	 -1.4615748443146517e+003	 -4.1786590511823397e+002	
  7.0200000000000000e+003	 -1.4576576676171655e+003	 -4.1986961741793800e+002	
  7.0500000000000000e+003	 -1.4575680297764557e+003	 -4.2206256492382875e+002	
  7.0800000000000000e+003	 -1.4575680297764557e+003	 -4.2244104061682282e+002	
  7.1100000000000000e+003	 -1.4574156446505945e+003	 -4.2333157854670117e+002	
  7.1400000000000000e+003	 -1.4578010863926852e+003	 -4.2254122718592561e+002	
  7.1700000000000000e+003	 -1.4626863529434074e+003	 -4.1916830821733026e+002	
  7.2000000000000000e+003	 -1.4632510704509539e+003	 -4.1817759593779226e+002	
  7.2300000000000000e+003	 -1.4650527893002409e+003	 -4.2093826006537995e+002	
  7.2600000000000000e+003	 -1.4678225997443849e+003	 -4.2357648471798746e+002	
  7.2900000000000000e+003	 -1.4646673456073697e+003	 -4.1887888727082134e+002	
  7.3200000000000000e+003	 -1.4627132428695111e+003	 -4.2069336086592887e+002	
  7.3500000000000000e+003	 -1.4683066448800703e+003	 -4.2131674239162385e+002	
  7.3800000000000000e+003	 -1.4705655181975242e+003	 -4.2064884234324438e+002	
  7.4100000000000000e+003	 -1.4706910097991906e+003	 -4.1864512193872298e+002	
  7.4400000000000000e+003	 -1.4713274398433734e+003	 -4.1709782593604513e+002	
  7.4700000000000000e+003	 -1.4709957816471538e+003	 -4.1552825610344428e+002	
  7.5000000000000000e+003	 -1.4714977536474576e+003	 -4.1434828988062208e+002	
  7.5300000000000000e+003	 -1.4717577045825742e+003	 -4.1474902495718470e+002	
  7.5600000000000000e+003	 -1.4718473405050215e+003	 -4.1363585257159741e+002	
  7.5900000000000000e+003	 -1.4696691421546734e+003	 -4.1317944912689080e+002	
  7.6200000000000000e+003	 -1.4684500662201760e+003	 -4.1133159210094516e+002	
  7.6500000000000000e+003	 -1.4689789270315764e+003	 -4.1142064477224920e+002	
  7.6800000000000000e+003	 -1.4629552674716160e+003	 -4.1319058897376954e+002	
  7.7100000000000000e+003	 -1.4663256485483216e+003	 -4.0979541601858352e+002	
  7.7400000000000000e+003	 -1.4708613255107148e+003	 -4.1914605970478550e+002	
  7.7700000000000000e+003	 -1.4707447967716298e+003	 -4.2234086215635097e+002	
  7.8000000000000000e+003	 -1.4709061417293299e+003	 -4.2581394092277725e+002	
  7.8300000000000000e+003	 -1.4701352552615488e+003	 -4.2146145046701969e+002	
  7.8600000000000000e+003	 -1.4704131329293564e+003	 -4.1881210082799259e+002	
  7.8900000000000000e+003	 -1.4703234955778757e+003	 -4.1778798043036767e+002	
  7.9200000000000000e+003	 -1.4708613237201487e+003	 -4.1683065900906695e+002	
  7.9500000000000000e+003	 -1.4706461932180694e+003	 -4.1657462836455414e+002	
  7.9800000000000000e+003	 -1.4711033468870507e+003	 -4.1760986819896323e+002	
  8.0100000000000000e+003	 -1.4716680674968584e+003	 -4.1758761012862362e+002	
  8.0400000000000000e+003	 -1.4718473405050215e+003	 -4.1748743470566671e+002	
  8.0700000000000000e+003	 -1.4719369771054382e+003	 -4.1645217929647686e+002	
  8.1000000000000000e+003	 -1.4718473405050215e+003	 -4.1732044869850881e+002	
  8.1300000000000000e+003	 -1.4711571306296671e+003	 -4.1804400875918657e+002	
  8.1600000000000000e+003	 -1.4710047441782494e+003	 -4.1788816990198001e+002	
  8.1900000000000000e+003	 -1.4709061417293299e+003	 -4.1862286860315783e+002	
  8.2200000000000000e+003	 -1.4705206992164144e+003	 -4.1832230496173622e+002	
  8.2500000000000000e+003	 -1.4699559793003541e+003	 -4.1827777933838752e+002	
  8.2800000000000000e+003	 -1.4695974312209989e+003	 -4.1678613001768588e+002	
  8.3100000000000000e+003	 -1.4687369038041329e+003	 -4.1799948158325941e+002	
  8.3400000000000000e+003	 -1.4676164316536770e+003	 -4.1815533619657583e+002	
  8.3700000000000000e+003	 -1.4665497442587009e+003	 -4.1828890833473372e+002	
  8.4000000000000000e+003	 -1.4665855953831833e+003	 -4.1791042715058882e+002	
  8.4300000000000000e+003	 -1.4663166862839830e+003	 -4.1750968678874608e+002	
  8.4600000000000000e+003	 -1.4666842016688097e+003	 -4.1782137298644875e+002	
  8.4900000000000000e+003	 -1.4675178327406625e+003	 -4.1591785285304121e+002	
  8.5200000000000000e+003	 -1.4680825494688959e+003	 -4.1482695087837999e+002	
  8.5500000000000000e+003	 -1.4681990799967873e+003	 -4.1490487874996381e+002	
  8.5800000000000000e+003	 -1.4680466941308987e+003	 -4.1482695087837999e+002	
  8.6100000000000000e+003	 -1.4680198026274006e+003	 -4.1419243273352623e+002	
  8.6400000000000000e+003	 -1.4679301649619315e+003	 -4.1484921860287358e+002	
  8.6700000000000000e+003	 -1.4681452967859711e+003	 -4.1520543489363229e+002	
  8.7000000000000000e+003	 -1.4689610009318340e+003	 -4.1452639211735215e+002	
  8.7300000000000000e+003	 -1.4712557325776736e+003	 -4.1369151720546853e+002	
  8.7600000000000000e+003	 -1.4717577045825742e+003	 -4.1372491135138159e+002	
  8.7900000000000000e+003	 -1.4722417471854817e+003	 -4.1319058553059301e+002	
  8.8200000000000000e+003	 -1.4728871403496471e+003	 -4.1385848339973063e+002	
  8.8500000000000000e+003	 -1.4760603195692142e+003	 -4.0418503881867457e+002	
  8.8800000000000000e+003	 -1.4712019456766714e+003	 -4.0660062073912525e+002	
  8.9100000000000000e+003	 -1.4710226737200730e+003	 -4.0858206273185306e+002	
  8.9400000000000000e+003	 -1.4727257910978205e+003	 -4.0971749841576246e+002	
  8.9700000000000000e+003	 -1.4740434675982065e+003	 -4.1906813012203872e+002	
  9.0000000000000000e+003	 -1.4755314558225311e+003	 -4.1689744892825729e+002	
  9.0300000000000000e+003	 -1.4763471572667584e+003	 -4.1491600647025064e+002	
  9.0600000000000000e+003	 -1.4757107318266239e+003	 -4.1488260762946936e+002	
  9.0900000000000000e+003	 -1.4750743011230866e+003	 -4.1361359361626108e+002	
  9.1200000000000000e+003	 -1.4747067871071008e+003	 -4.1418131563905428e+002	
  9.1500000000000000e+003	 -1.4741779215396987e+003	 -4.1433715661950384e+002	
  9.1800000000000000e+003	 -1.4745364749879225e+003	 -4.1391415149113902e+002	
  9.2100000000000000e+003	 -1.4731381254223136e+003	 -4.1057463688586375e+002	
  9.2400000000000000e+003	 -1.4736580236070890e+003	 -4.0762474557768849e+002	
  9.2700000000000000e+003	 -1.4744199461340982e+003	 -4.0506443342077057e+002	
  9.3000000000000000e+003	 -1.4738641929735834e+003	 -4.0635572410406650e+002	
  9.3300000000000000e+003	 -1.4719817963097125e+003	 -4.0997352217454653e+002	
  9.3600000000000000e+003	 -1.4737118064688552e+003	 -4.0783623735934498e+002	
  9.3900000000000000e+003	 -1.4726451161745997e+003	 -4.0961731085951931e+002	
  9.4200000000000000e+003	 -1.4727078614377090e+003	 -4.1091972185853854e+002	
  9.4500000000000000e+003	 -1.4727706114682253e+003	 -4.1168781316166599e+002	
  9.4800000000000000e+003	 -1.4723762046164863e+003	 -4.1202176275145411e+002	
  9.5100000000000000e+003	 -1.4722238175099405e+003	 -4.1247815553810261e+002	
  9.5400000000000000e+003	 -1.4729857427580014e+003	 -4.1373602325382143e+002	
  9.5700000000000000e+003	 -1.4723941312774932e+003	 -4.1773232290802599e+002	
  9.6000000000000000e+003	 -1.4716322111338582e+003	 -4.1597352232601349e+002	
  9.6300000000000000e+003	 -1.4719100862676792e+003	 -4.1380282790491799e+002	
  9.6600000000000000e+003	 -1.4722686386332684e+003	 -4.1173232628561311e+002	
  9.6900000000000000e+003	 -1.4726182233043785e+003	 -4.1077499910140597e+002	
  9.7200000000000000e+003	 -1.4729498870351224e+003	 -4.1041879681202670e+002	
  9.7500000000000000e+003	 -1.4726809685674875e+003	 -4.1077499910140597e+002	
  9.7800000000000000e+003	 -1.4725913324773314e+003	 -4.1086405369892219e+002	
  9.8100000000000000e+003	 -1.4717039181784057e+003	 -4.1740949988199054e+002	
  9.8400000000000000e+003	 -1.4720355792163052e+003	 -4.1355793289780030e+002	
  9.8700000000000000e+003	 -1.4723224221386099e+003	 -4.1202176906502109e+002	
  9.9000000000000000e+003	 -1.4727168277709570e+003	 -4.0920545355579804e+002	
  9.9300000000000000e+003	 -1.4740165729972503e+003	 -4.0457464155677434e+002	
  9.9600000000000000e+003	 -1.4743482365074115e+003	 -4.0941694661984917e+002	
  9.9900000000000000e+003	 -1.4732277638043470e+003	 -4.1388075676138004e+002	
  1.0020000000000000e+004	 -1.4729498870351224e+003	 -4.1616276615689804e+002	
  1.0050000000000000e+004	 -1.4743751270878704e+003	 -4.1015163969754519e+002	
  1.0080000000000000e+004	 -1.4751997958108236e+003	 -4.0903847760941778e+002	
  1.0110000000000000e+004	 -1.4744916570461623e+003	 -4.1332415757281962e+002	
  1.0140000000000000e+004	 -1.4731560512253807e+003	 -4.1754308084161693e+002	
  1.0170000000000000e+004	 -1.4729229955984902e+003	 -4.1438168419142801e+002	
  1.0200000000000000e+004	 -1.4730036686783676e+003	 -4.1455978894072160e+002	
  1.0230000000000000e+004	 -1.4724389484564499e+003	 -4.1467110616897736e+002	
  1.0260000000000000e+004	 -1.4714439723714854e+003	 -4.1906812850329305e+002	
  1.0290000000000000e+004	 -1.4711392025046512e+003	 -4.1568410264829254e+002	
  1.0320000000000000e+004	 -1.4709061417293299e+003	 -4.1954680163818495e+002	
  1.0350000000000000e+004	 -1.4698932315607331e+003	 -4.1909039573496358e+002	
  1.0380000000000000e+004	 -1.4682349329804201e+003	 -4.0557651708189690e+002	
  1.0410000000000000e+004	 -1.4694450458561155e+003	 -4.1227778144488423e+002	
  1.0440000000000000e+004	 -1.4701173276877048e+003	 -4.1766553190117293e+002	
  1.0470000000000000e+004	 -1.4698932315607331e+003	 -4.3935010812654491e+002	
  1.0500000000000000e+004	 -1.4696422504920206e+003	 -4.2251896392514357e+002	
  1.0530000000000000e+004	 -1.4694988280148459e+003	 -4.2072675524703664e+002	
  1.0560000000000000e+004	 -1.4687548324165759e+003	 -4.3206996865375493e+002	
  1.0590000000000000e+004	 -1.4693195537030206e+003	 -4.1958018489644257e+002	
  1.0620000000000000e+004	 -1.4701083644021987e+003	 -4.1406999965987086e+002	
  1.0650000000000000e+004	 -1.4700994021323727e+003	 -4.1390302712729499e+002	
  1.0680000000000000e+004	 -1.4695257174449393e+003	 -4.3673415480128676e+002	
  1.0710000000000000e+004	 -1.4687010492281383e+003	 -4.5550222187080664e+002	
  1.0740000000000000e+004	 -1.4694898611310080e+003	 -4.3755790552186562e+002	
  1.0770000000000000e+004	 -1.4706013723833923e+003	 -4.3485290498772230e+002	
  1.0800000000000000e+004	 -1.4697587758059769e+003	 -4.1659687867016726e+002	
  1.0830000000000000e+004	 -1.4699559793003541e+003	 -4.2010338938081725e+002	
  1.0860000000000000e+004	 -1.4701800759538426e+003	 -4.3441876403113520e+002	
  1.0890000000000000e+004	 -1.4699380530823732e+003	 -4.2999947555247599e+002	
  1.0920000000000000e+004	 -1.4703862418664062e+003	 -4.2286404825368970e+002	
  1.0950000000000000e+004	 -1.4707985750577568e+003	 -4.2327592791602893e+002	
  1.0980000000000000e+004	 -1.4704400241958695e+003	 -4.2537980603265817e+002	
  1.1010000000000000e+004	 -1.4701083644021987e+003	 -4.2248557717149890e+002	
  1.1040000000000000e+004	 -1.4702069682232070e+003	 -4.3097906708931532e+002	
  1.1070000000000000e+004	 -1.4691313104313544e+003	 -4.2821840399218371e+002	
  1.1100000000000000e+004	 -1.4690685664937228e+003	 -4.3223694118256799e+002	
  1.1130000000000000e+004	 -1.4689161797407382e+003	 -4.4683061485899555e+002	
  1.1160000000000000e+004	 -1.4684948813655969e+003	 -4.4740946728908438e+002	
  1.1190000000000000e+004	 -1.4689251442505945e+003	 -4.4496048733912193e+002	
  1.1220000000000000e+004	 -1.4690864935860100e+003	 -4.4660798727522285e+002	
  1.1250000000000000e+004	 -1.4702338589049755e+003	 -4.4011820523572152e+002	
  1.1280000000000000e+004	 -1.4703324585080732e+003	 -4.3593266802447067e+002	
  1.1310000000000000e+004	 -1.4706551573805136e+003	 -4.3372859507335062e+002	
  1.1340000000000000e+004	 -1.4705027709592935e+003	 -4.4238906684848808e+002	
  1.1370000000000000e+004	 -1.4706820490540413e+003	 -4.4966920870009551e+002	
  1.1400000000000000e+004	 -1.4715425707006466e+003	 -4.5496789368069665e+002	
  1.1430000000000000e+004	 -1.4708523579867135e+003	 -4.3522024652220881e+002	
  1.1460000000000000e+004	 -1.4705744817383179e+003	 -4.3860428250346558e+002	
  1.1490000000000000e+004	 -1.4713184754924998e+003	 -4.4903469678020338e+002	
  1.1520000000000000e+004	 -1.4712198768923420e+003	 -4.5516826769549033e+002	
  1.1550000000000000e+004	 -1.4705117358680611e+003	 -4.4389183888453078e+002	
  1.1580000000000000e+004	 -1.4703772779073388e+003	 -4.4314601715577783e+002	
  1.1610000000000000e+004	 -1.4698215251671184e+003	 -4.1725366564874003e+002	
  1.1640000000000000e+004	 -1.4701352564647866e+003	 -4.2886403773793728e+002	
  1.1670000000000000e+004	 -1.4707358311690409e+003	 -4.4990296929100396e+002	
  1.1700000000000000e+004	 -1.4703055698988719e+003	 -4.4404769310033299e+002	
  1.1730000000000000e+004	 -1.4696332860540292e+003	 -4.2421097872091161e+002	
  1.1760000000000000e+004	 -1.4705744835810117e+003	 -4.3932784122563987e+002	
  1.1790000000000000e+004	 -1.4709240717733896e+003	 -4.3945029849873390e+002	
  1.1820000000000000e+004	 -1.4707179012692293e+003	 -4.4455974882382486e+002	
  1.1850000000000000e+004	 -1.4718383770958148e+003	 -4.5032596825155269e+002	
  1.1880000000000000e+004	 -1.4736042395482814e+003	 -4.4034082976269508e+002	
  1.1910000000000000e+004	 -1.4714260431292216e+003	 -4.3496420877208055e+002	
  1.1940000000000000e+004	 -1.4708971783206348e+003	 -4.2932043930700081e+002	
  1.1970000000000000e+004	 -1.4703414251328011e+003	 -4.1965811104054802e+002	
  1.2000000000000000e+004	 -1.4593876774093897e+003	 -4.2514605295302937e+002	
  1.2030000000000000e+004	 -1.4585361206012719e+003	 -4.3033341680582544e+002	
  1.2060000000000000e+004	 -1.4700187275148658e+003	 -4.3893823705854385e+002	
  1.2090000000000000e+004	 -1.4698573810970859e+003	 -4.4748739203396201e+002	
  1.2120000000000000e+004	 -1.4705207002226787e+003	 -4.5634823885824244e+002	
  1.2150000000000000e+004	 -1.4713095148850850e+003	 -4.6629997748669547e+002	
  1.2180000000000000e+004	 -1.4617451564522398e+003	 -4.3439650551992747e+002	
  1.2210000000000000e+004	 -1.4479140362657449e+003	 -4.2989929313357135e+002	
  1.2240000000000000e+004	 -1.4627759871028768e+003	 -4.3781393128963299e+002	
  1.2270000000000000e+004	 -1.4682349352810791e+003	 -4.3888257364394838e+002	
  1.2300000000000000e+004	 -1.4692568048271855e+003	 -4.4140947723923199e+002	
  1.2330000000000000e+004	 -1.4662001576439093e+003	 -4.4004027081162951e+002	
  1.2360000000000000e+004	 -1.4586616110841055e+003	 -4.3445216037123748e+002	
  1.2390000000000000e+004	 -1.4449022017231894e+003	 -4.2731672764092900e+002	
  1.2420000000000000e+004	 -1.4301836695311117e+003	 -4.1153195755098216e+002	
  1.2450000000000000e+004	 -1.4338319293197740e+003	 -4.2003659229199218e+002	
  1.2480000000000000e+004	 -1.4209330446413478e+003	 -4.0538726951249856e+002	
  1.2510000000000000e+004	 -1.4257645245649194e+003	 -4.1171007084296889e+002	
  1.2540000000000000e+004	 -1.4300671387377540e+003	 -4.1581768320106204e+002	
  1.2570000000000000e+004	 -1.4285343319995377e+003	 -4.2534641166893823e+002	
  1.2600000000000000e+004	 -1.4180646308302998e+003	 -4.1542806138255565e+002	
  1.2630000000000000e+004	 -1.3995364879435049e+003	 -3.9350972773889873e+002	
  1.2660000000000000e+004	 -1.4069585020843738e+003	 -4.0450784769483573e+002	
  1.2690000000000000e+004	 -1.3983084493765741e+003	 -3.9151715595615781e+002	
  1.2720000000000000e+004	 -1.3851406502790724e+003	 -3.8238915089896062e+002	
  1.2750000000000000e+004	 -1.3618706638108440e+003	 -3.9502364866651544e+002	
  1.2780000000000000e+004	 -1.3760693021216775e+003	 -3.9978801287313411e+002	
  1.2810000000000000e+004	 -1.4423295967003442e+003	 -4.1599577281507482e+002	
  1.2840000000000000e+004	 -1.4707447925184192e+003	 -4.4638535188012236e+002	
  1.2870000000000000e+004	 -1.4671234273142081e+003	 -4.2901987535908677e+002	
  1.2900000000000000e+004	 -1.4642639748740862e+003	 -4.2432230830013953e+002	
  1.2930000000000000e+004	 -1.4720445451972726e+003	 -4.2529075293949455e+002	
  1.2960000000000000e+004	 -1.4695257197848819e+003	 -4.2345403543116743e+002	
  1.2990000000000000e+004	 -1.4619154659957308e+003	 -4.1360246096962146e+002	
  1.3020000000000000e+004	 -1.4781757721160459e+003	 -4.6147994863099268e+002	
  1.3050000000000000e+004	 -1.4910029470590594e+003	 -4.9294930434428471e+002	
  1.3080000000000000e+004	 -1.5068240283071250e+003	 -5.3381379993257713e+002	
  1.3110000000000000e+004	 -1.5122919382007381e+003	 -5.2861528839121218e+002	
  1.3140000000000000e+004	 -1.4700456211458650e+003	 -4.6474153956498429e+002	
  1.3170000000000000e+004	 -1.4683424980503016e+003	 -4.3576569218970474e+002	
  1.3200000000000000e+004	 -1.4726540810787035e+003	 -3.9371009498478287e+002	
  1.3230000000000000e+004	 -1.4703145308390046e+003	 -3.9344293364578715e+002	
  1.3260000000000000e+004	 -1.4688265414328575e+003	 -4.0191416426819222e+002	
  1.3290000000000000e+004	 -1.4711302391335544e+003	 -3.9138357443964770e+002	
  1.3320000000000000e+004	 -1.4725375508126422e+003	 -3.8607374621213387e+002	
  1.3350000000000000e+004	 -1.3904651355171350e+003	 -4.1469337025899279e+002	
  1.3380000000000000e+004	 -1.3413525594736209e+003	 -5.1296411256450313e+002	
  1.3410000000000000e+004	 -1.2595490591560106e+003	 -5.7496773191639386e+002	
  1.3440000000000000e+004	 -1.2369065419583683e+003	 -5.8007718542372606e+002	
  1.3470000000000000e+004	 -1.0704669794206918e+003	 -6.1310497206338914e+002	
  1.3500000000000000e+004	 -8.2422285024483733e+002	 -5.5540931947428760e+002	
  1.3530000000000000e+004	 -3.9180090776830156e+002	 -3.0827422172960814e+002	
  1.3560000000000000e+004	 -1.5034613134552675e+001	 -1.6400530609542006e+001	
  1.3590000000000000e+004	 -1.5489703192718002e+002	  2.5485671616659798e+002	
  1.3620000000000000e+004	 -3.4929463464823942e+002	  5.4881178625212692e+002	
  1.3650000000000000e+004	 -6.2354952642127046e+001	  7.3050355065172675e+002	
  1.3680000000000000e+004	  5.0866503774689463e+001	  9.4131587564580809e+002	
  1.3710000000000000e+004	 -2.4361161929658039e+002	  9.6980192396322695e+002	
  1.3740000000000000e+004	 -3.4433765309274048e+002	  9.7150507525219837e+002	
  1.3770000000000000e+004	 -3.6787656028552954e+002	  9.7830655103727690e+002	
  1.3800000000000000e+004	 -4.3802713120185217e+002	  1.0853713376269325e+003	
  1.3830000000000000e+004	 -4.7115728319265975e+002	  1.0915716977549539e+003	
  1.3860000000000000e+004	 -4.0516045697264593e+002	  1.1246493287378951e+003	
  1.3890000000000000e+004	 -4.4892709872032867e+002	  1.0954010055789363e+003	
  1.3920000000000000e+004	 -4.3200348353703714e+002	  1.0621617188951568e+003	
  1.3950000000000000e+004	 -4.3293571296590409e+002	  1.0632748903582803e+003	
  1.3980000000000000e+004	 -4.4440935261048179e+002	  1.0899909941926835e+003	
  1.4010000000000000e+004	 -4.4254489074453556e+002	  1.0850262511552676e+003	
  1.4040000000000000e+004	 -4.4050115119694158e+002	  1.0807071502343599e+003	
  1.4070000000000000e+004	 -4.3833190407721042e+002	  1.0766774696523548e+003	
  1.4100000000000000e+004	 -4.4867611162618812e+002	  1.0997201061710202e+003	
  1.4130000000000000e+004	 -4.4826377919063577e+002	  1.0974269759022093e+003	
  1.4160000000000000e+004	 -4.4336954761430781e+002	  1.0868741128645684e+003	
  1.4190000000000000e+004	 -4.3537386210987052e+002	  1.0670374046528727e+003	
  1.4220000000000000e+004	 -4.3239788739292698e+002	  1.0613602383242505e+003	
  1.4250000000000000e+004	 -4.3042585315213472e+002	  1.0570188703231274e+003	
  1.4280000000000000e+004	 -4.3463882542332811e+002	  1.0663472410649774e+003	
  1.4310000000000000e+004	 -4.3392172997877179e+002	  1.0649001214376215e+003	
  1.4340000000000000e+004	 -4.4340540189541582e+002	  1.0853379411926130e+003	
  1.4370000000000000e+004	 -4.4516231176538685e+002	  1.0899909937784287e+003	
  1.4400000000000000e+004	 -4.4996689785536563e+002	  1.1022358732513283e+003	
  1.4430000000000000e+004	 -4.5306836392516590e+002	  1.1105623964185170e+003	
  1.4460000000000000e+004	 -4.4722398436199848e+002	  1.0954232714636121e+003	
  1.4490000000000000e+004	 -4.3899523361203001e+002	  1.0748296060486798e+003	
  1.4520000000000000e+004	 -4.4247317484623937e+002	  1.0857609450521418e+003	
  1.4550000000000000e+004	 -4.4720605603034272e+002	  1.0977609249415659e+003	
  1.4580000000000000e+004	 -4.4604075490808316e+002	  1.0911264247064257e+003	
  1.4610000000000000e+004	 -4.4535951979221028e+002	  1.0890781948416486e+003	
  1.4640000000000000e+004	 -4.4905258569147793e+002	  1.0995642673313537e+003	
  1.4670000000000000e+004	 -4.4944699737771708e+002	  1.1008555436719494e+003	
  1.4700000000000000e+004	 -4.4864025514904159e+002	  1.1007887566580491e+003	
  1.4730000000000000e+004	 -4.4779766516623386e+002	  1.0980948811341400e+003	
  1.4760000000000000e+004	 -4.4722398735577008e+002	  1.0950670517175126e+003	
  1.4790000000000000e+004	 -4.4690128353474756e+002	  1.0934640898598382e+003	
  1.4820000000000000e+004	 -4.4177399803476203e+002	  1.0801728266240884e+003	
  1.4850000000000000e+004	 -4.4584355937982230e+002	  1.0889223497660205e+003	
  1.4880000000000000e+004	 -4.3906694215659064e+002	  1.0684400040340345e+003	
  1.4910000000000000e+004	 -4.3980197650223471e+002	  1.0698203349826647e+003	
  1.4940000000000000e+004	 -4.4028600972514812e+002	  1.0709335047491854e+003	
  1.4970000000000000e+004	 -4.4245524705032904e+002	  1.0759650410258669e+003	
  1.5000000000000000e+004	 -4.4623797444045522e+002	  1.0869186430323357e+003	
  1.5030000000000000e+004	 -4.4469620177312697e+002	  1.0823546391629429e+003	
  1.5060000000000000e+004	 -4.3367073539639830e+002	  1.0466886444899781e+003	
  1.5090000000000000e+004	 -4.3965854873007413e+002	  1.0654789709886172e+003	
  1.5120000000000000e+004	 -4.4521609360807895e+002	  1.0850707804134981e+003	
  1.5150000000000000e+004	 -4.4661444607524282e+002	  1.0908592670009734e+003	
  1.5180000000000000e+004	 -4.4299306846497558e+002	  1.0789038071924349e+003	
  1.5210000000000000e+004	 -4.4324407035239358e+002	  1.0791932364435829e+003	
  1.5240000000000000e+004	 -4.3786579943397101e+002	  1.0616496565328234e+003	
  1.5270000000000000e+004	 -4.4356676881421225e+002	  1.0796607688816687e+003	
  1.5300000000000000e+004	 -4.3786578910140986e+002	  1.0606032838699057e+003	
  1.5330000000000000e+004	 -4.4428386940058817e+002	  1.0835346029240943e+003	
  1.5360000000000000e+004	 -4.4249110049124556e+002	  1.0793936047402958e+003	
  1.5390000000000000e+004	 -4.4412251165249938e+002	  1.0853156762551976e+003	
  1.5420000000000000e+004	 -4.3912072441648826e+002	  1.0687739529427884e+003	
  1.5450000000000000e+004	 -4.4293929185224096e+002	  1.0818425821576402e+003	
  1.5480000000000000e+004	 -4.3981989011859298e+002	  1.0725809987349580e+003	
  1.5510000000000000e+004	 -4.3953305975579389e+002	  1.0657461294057296e+003	
  1.5540000000000000e+004	 -4.4284966262936553e+002	  1.0770114194868488e+003	
  1.5570000000000000e+004	 -4.4035772328248765e+002	  1.0697312827138253e+003	
  1.5600000000000000e+004	 -4.4026808256378126e+002	  1.0697312853043281e+003	
  1.5630000000000000e+004	 -4.4853269482627110e+002	  1.0991189977251681e+003	
  1.5660000000000000e+004	 -4.5437708773644101e+002	  1.1183768548465025e+003	
  1.5690000000000000e+004	 -4.3870839080332343e+002	  1.0554159044253979e+003	
  1.5720000000000000e+004	 -4.3757894499226313e+002	  1.0498945744540542e+003	
  1.5750000000000000e+004	 -4.3363488932033579e+002	  1.0311042494224853e+003	
  1.5780000000000000e+004	 -4.3248751981695222e+002	  1.0280096287637243e+003	
  1.5810000000000000e+004	 -4.3132223334534200e+002	  1.0193268995469271e+003	
  1.5840000000000000e+004	 -4.3137601829185604e+002	  1.0163435998390199e+003	
  1.5870000000000000e+004	 -4.3718454769193374e+002	  1.0397647167292921e+003	
  1.5900000000000000e+004	 -4.4310064125258970e+002	  1.0602025365170550e+003	
  1.5930000000000000e+004	 -4.3734588711824819e+002	  1.0398537736393839e+003	
  1.5960000000000000e+004	 -4.3467468028603923e+002	  1.0365810493177337e+003	
  1.5990000000000000e+004	 -4.4159472879900579e+002	  1.0612043868343317e+003	
  1.6020000000000000e+004	 -4.4430179078699638e+002	  1.0732043765853118e+003	
  1.6050000000000000e+004	 -4.4587941410866296e+002	  1.0753861904642370e+003	
  1.6080000000000000e+004	 -4.4381774981325532e+002	  1.0689297969450029e+003	
  1.6110000000000000e+004	 -4.4342334163966495e+002	  1.0635865804266004e+003	
  1.6140000000000000e+004	 -4.4281379388039232e+002	  1.0457758431106754e+003	
  1.6170000000000000e+004	 -4.4143337216511361e+002	  1.0501394761130475e+003	
  1.6200000000000000e+004	 -4.4132580223739950e+002	  1.0524103407285143e+003	
  1.6230000000000000e+004	 -4.4414044930834990e+002	  1.0602470689031675e+003	
  1.6260000000000000e+004	 -4.4301100630421240e+002	  1.0551710082465311e+003	
  1.6290000000000000e+004	 -4.4326199133091160e+002	  1.0592674791727172e+003	
  1.6320000000000000e+004	 -4.4618418463020180e+002	  1.0584882558564427e+003	
  1.6350000000000000e+004	 -4.4591526921526327e+002	  1.0799947188564090e+003	
  1.6380000000000000e+004	 -4.4008881789307532e+002	  1.0486478229674678e+003	
  1.6410000000000000e+004	 -4.4005296123877650e+002	  1.0379391188635188e+003	
  1.6440000000000000e+004	 -4.3829604978672239e+002	  1.0396534032041793e+003	
  1.6470000000000000e+004	 -4.4121824740512272e+002	  1.0545253683814135e+003	
  1.6500000000000000e+004	 -4.4537745074373822e+002	  1.0609372305971960e+003	
  1.6530000000000000e+004	 -4.4575391628481555e+002	  1.0658351851745504e+003	
  1.6560000000000000e+004	 -4.4322613481423696e+002	  1.0585550499782316e+003	
  1.6590000000000000e+004	 -4.4279586565478451e+002	  1.0665698774396428e+003	
  1.6620000000000000e+004	 -4.4369224984826053e+002	  1.0697758108465678e+003	
  1.6650000000000000e+004	 -4.4206085089413807e+002	  1.0708221899132482e+003	
  1.6680000000000000e+004	 -4.4159473265704253e+002	  1.0694195956591545e+003	
  1.6710000000000000e+004	 -4.3865459711098481e+002	  1.0483138730937706e+003	
  1.6740000000000000e+004	 -4.3533800258292842e+002	  1.0329298482711038e+003	
  1.6770000000000000e+004	 -4.4096726207328948e+002	  1.0445513562732817e+003	
  1.6800000000000000e+004	 -4.4209669977716902e+002	  1.0468222264690630e+003	
  1.6830000000000000e+004	 -4.4354882823211466e+002	  1.0548815790315680e+003	
  1.6860000000000000e+004	 -4.4607661290597753e+002	  1.0683954778159321e+003	
  1.6890000000000000e+004	 -4.4643516897597658e+002	  1.0738945388556738e+003	
  1.6920000000000000e+004	 -4.4252695848090644e+002	  1.0499391009797164e+003	
  1.6950000000000000e+004	 -4.4419422005742729e+002	  1.0617832411923118e+003	
  1.6980000000000000e+004	 -4.4293929116414881e+002	  1.0510300080595810e+003	
  1.7010000000000000e+004	 -4.4252696296881629e+002	  1.0438389280999436e+003	
  1.7040000000000000e+004	 -4.4371017804681668e+002	  1.0546366846640840e+003	
  1.7070000000000000e+004	 -4.4243732467866556e+002	  1.0507183209481600e+003	
  1.7100000000000000e+004	 -4.4089554637942399e+002	  1.0387628638145798e+003	
  1.7130000000000000e+004	 -4.4218634118844767e+002	  1.0399205595665528e+003	
  1.7160000000000000e+004	 -4.4041150431385347e+002	  1.0237795824153120e+003	
  1.7190000000000000e+004	 -4.4433764446488806e+002	  1.0575754530800966e+003	
  1.7220000000000000e+004	 -4.4548500237972956e+002	  1.0644548527802986e+003	
  1.7250000000000000e+004	 -4.4532365442738126e+002	  1.0489817743190165e+003	
  1.7280000000000000e+004	 -4.4684750391846973e+002	  1.0598908513583901e+003	
  1.7310000000000000e+004	 -4.4898088151667690e+002	  1.0785253312900459e+003	
  1.7340000000000000e+004	 -4.5014616582745782e+002	  1.0889446095303115e+003	
  1.7370000000000000e+004	 -4.5116805436676202e+002	  1.0998536878161874e+003	
  1.7400000000000000e+004	 -4.5028959698011113e+002	  1.0829334915778236e+003	
  1.7430000000000000e+004	 -4.4968004962968882e+002	  1.0715568853831267e+003	
  1.7460000000000000e+004	 -4.5007445733901307e+002	  1.0692860161100020e+003	
  1.7490000000000000e+004	 -4.4880160034336268e+002	  1.0533899331381519e+003	
  1.7520000000000000e+004	 -4.4867611162618812e+002	  1.0502953185915526e+003	
  1.7550000000000000e+004	 -4.4892710200188083e+002	  1.0492489343549187e+003	
  1.7580000000000000e+004	 -4.4910637249718150e+002	  1.0462433737199776e+003	
  1.7610000000000000e+004	 -4.4998482454343139e+002	  1.0496496767042656e+003	
  1.7640000000000000e+004	 -4.5070192164523235e+002	  1.0553268485024898e+003	
  1.7670000000000000e+004	 -4.5050472133004348e+002	  1.0442841966698838e+003	
  1.7700000000000000e+004	 -4.5100669055830770e+002	  1.0693528037173242e+003	
  1.7730000000000000e+004	 -4.5188515272718132e+002	  1.0913267980653186e+003	
  1.7760000000000000e+004	 -4.5245883883055967e+002	  1.0968703923922972e+003	
  1.7790000000000000e+004	 -4.5317593168137648e+002	  1.1045067444155193e+003	
  1.7820000000000000e+004	 -4.5292494710638704e+002	  1.1071115642399800e+003	
  1.7850000000000000e+004	 -4.5290702229184535e+002	  1.0798166149298427e+003	
  1.7880000000000000e+004	 -4.5315801041173626e+002	  1.0754084553743801e+003	
  1.7910000000000000e+004	 -4.5301458446580011e+002	  1.0752526060057385e+003	
  1.7940000000000000e+004	 -4.5392889798126623e+002	  1.0716014071709992e+003	
  1.7970000000000000e+004	 -4.5387510503796068e+002	  1.0735160676136170e+003	
  1.8000000000000000e+004	 -4.5251261862860775e+002	  1.0706218189161584e+003	
  1.8030000000000000e+004	 -4.5251261725892130e+002	  1.0675272033394565e+003	
  1.8060000000000000e+004	 -4.5278152549272528e+002	  1.0749409246198616e+003	
  1.8090000000000000e+004	 -4.5249468624831371e+002	  1.0554826926489714e+003	
  1.8120000000000000e+004	 -4.5276360513020973e+002	  1.0576199831194722e+003	
  1.8150000000000000e+004	 -4.5437708773644101e+002	  1.0462656376827813e+003	
  1.8180000000000000e+004	 -4.5550651889124583e+002	  1.0508519007824630e+003	
  1.8210000000000000e+004	 -4.5396474957550925e+002	  1.0780132750045882e+003	
  1.8240000000000000e+004	 -4.5661801799189800e+002	  1.0594010562195131e+003	
  1.8270000000000000e+004	 -4.5844663955277395e+002	  1.0477350252606179e+003	
  1.8300000000000000e+004	 -4.5803430589978353e+002	  1.0557721233283737e+003	
  1.8330000000000000e+004	 -4.5769368400893552e+002	  1.0512081132280932e+003	
  1.8360000000000000e+004	 -4.5817772709226165e+002	  1.0424363298083722e+003	
  1.8390000000000000e+004	 -4.5885897356071126e+002	  1.0533676682118032e+003	
  1.8420000000000000e+004	 -4.5909203677269062e+002	  1.0595791622399165e+003	
  1.8450000000000000e+004	 -4.5882311686515084e+002	  1.0695531756140924e+003	
  1.8480000000000000e+004	 -4.5898446649241185e+002	  1.0640541128348773e+003	
  1.8510000000000000e+004	 -4.6023939691312279e+002	  1.0564845457198523e+003	
  1.8540000000000000e+004	 -4.5814187245916344e+002	  1.0756978799808956e+003	
  1.8570000000000000e+004	 -4.5833907938155863e+002	  1.0742284965582028e+003	
  1.8600000000000000e+004	 -4.5909202764587872e+002	  1.0718908311612854e+003	
  1.8630000000000000e+004	 -4.5907410508710456e+002	  1.0748963976173909e+003	
  1.8660000000000000e+004	 -4.5672559473994733e+002	  1.0915939565169115e+003	
  1.8690000000000000e+004	 -4.5807015955194294e+002	  1.0818425835601793e+003	
  1.8720000000000000e+004	 -4.5627740480893891e+002	  1.0920614930936390e+003	
  1.8750000000000000e+004	 -4.5701242922758121e+002	  1.0964696495684389e+003	
  1.8780000000000000e+004	 -4.6828888394442993e+002	  1.0415903180071643e+003	
  1.8810000000000000e+004	 -4.6669332195813331e+002	  1.0521431796276997e+003	
  1.8840000000000000e+004	 -4.6959758804168251e+002	  1.0561505924702985e+003	
  1.8870000000000000e+004	 -4.7106765524893081e+002	  1.0625847300951309e+003	
  1.8900000000000000e+004	 -4.6292853619921107e+002	  1.0940652023296177e+003	
  1.8930000000000000e+004	 -4.5946850626705617e+002	  1.1116533035969849e+003	
  1.8960000000000000e+004	 -4.5514796712125042e+002	  1.1287738745870956e+003	
  1.8990000000000000e+004	 -4.6118956300495330e+002	  1.1090707456352281e+003	
  1.9020000000000000e+004	 -4.6043659983788177e+002	  1.1118759394571541e+003	
  1.9050000000000000e+004	 -4.6703394483496322e+002	  1.0862507378411278e+003	
  1.9080000000000000e+004	 -4.5787295373756945e+002	  1.0869186408715436e+003	
  1.9110000000000000e+004	 -4.6040074655662431e+002	  1.0915939621421046e+003	
  1.9140000000000000e+004	 -4.7486829303262510e+002	  1.0678166299908712e+003	
  1.9170000000000000e+004	 -4.8202139620707283e+002	  1.0490263021986689e+003	
  1.9200000000000000e+004	 -4.9460654617834354e+002	  1.0079948175193040e+003	
  1.9230000000000000e+004	 -5.0387510902538151e+002	  9.7526759192196255e+002	
  1.9260000000000000e+004	 -5.0699450590313370e+002	  9.6894478024873592e+002	
  1.9290000000000000e+004	 -4.8173455445481750e+002	  1.0373380074138768e+003	
  1.9320000000000000e+004	 -4.6880877740151539e+002	  1.0730930563242971e+003	
  1.9350000000000000e+004	 -4.6784069373584424e+002	  1.0831561241390941e+003	
  1.9380000000000000e+004	 -4.6889840744880030e+002	  1.0834678124142240e+003	
  1.9410000000000000e+004	 -4.6873705870701770e+002	  1.0773008426742242e+003	
  1.9440000000000000e+004	 -4.6977686574531089e+002	  1.0690856446612668e+003	
  1.9470000000000000e+004	 -4.6875499194601088e+002	  1.0642099550945600e+003	
  1.9500000000000000e+004	 -4.7178474415646480e+002	  1.0534121953305789e+003	
  1.9530000000000000e+004	 -4.6271339624237697e+002	  1.0689743243980909e+003	
  1.9560000000000000e+004	 -4.6068758281728879e+002	  1.0694195961666483e+003	
  1.9590000000000000e+004	 -4.6929282009352835e+002	  1.0721357329093626e+003	
  1.9620000000000000e+004	 -4.7545990140000629e+002	  1.0624288814463525e+003	
  1.9650000000000000e+004	 -4.6323329601123976e+002	  1.0820429545032071e+003	
  1.9680000000000000e+004	 -4.7648177073015756e+002	  1.0723806294755407e+003	
  1.9710000000000000e+004	 -4.7087044490630399e+002	  1.0687962177627498e+003	
  1.9740000000000000e+004	 -4.5523760547338844e+002	  1.0798166119191596e+003	
  1.9770000000000000e+004	 -4.5866177917893276e+002	  1.0815976869067124e+003	
  1.9800000000000000e+004	 -4.7017126767160380e+002	  1.0726477893780243e+003	
  1.9830000000000000e+004	 -4.8897729299752973e+002	  1.0587108943563821e+003	
  1.9860000000000000e+004	 -4.7104972215085644e+002	  1.0565513354959166e+003	
  1.9890000000000000e+004	 -4.6712358612187717e+002	  1.0712897193134997e+003	
  1.9920000000000000e+004	 -4.7481451183566469e+002	  1.0669706184685188e+003	
  1.9950000000000000e+004	 -4.6949001750979704e+002	  1.0554826947907309e+003	
  1.9980000000000000e+004	 -4.7282455411245320e+002	  1.0725587364552014e+003	
  2.0010000000000000e+004	 -4.5882311684140279e+002	  1.0739168052251716e+003	
  2.0040000000000000e+004	 -4.5989877105618223e+002	  1.0738500164529310e+003	
  2.0070000000000000e+004	 -4.5468185155149860e+002	  1.0669260900129732e+003	
  2.0100000000000000e+004	 -4.5227955103610219e+002	  1.0760540917407209e+003	
  2.0130000000000000e+004	 -4.5111426762750972e+002	  1.0813082597505454e+003	
  2.0160000000000000e+004	 -4.4932150354731567e+002	  1.0814863661795664e+003	
  2.0190000000000000e+004	 -4.4756460693241280e+002	  1.0956013737441651e+003	
  2.0220000000000000e+004	 -4.4682956453910282e+002	  1.1004993297270341e+003	
  2.0250000000000000e+004	 -4.4688335827014896e+002	  1.0903694744114837e+003	
  2.0280000000000000e+004	 -4.3560691801640860e+002	  1.0991189955400064e+003	
  2.0310000000000000e+004	 -4.4464240370122104e+002	  1.0934195641920519e+003	
  2.0340000000000000e+004	 -4.5921751505863210e+002	  1.0834455501223595e+003	
  2.0370000000000000e+004	 -4.4541329700771757e+002	  1.0853379396672713e+003	
  2.0400000000000000e+004	 -4.4247317622572245e+002	  1.1027479325152774e+003	
  2.0430000000000000e+004	 -4.4388944484561171e+002	  1.1001653820723454e+003	
  2.0460000000000000e+004	 -4.4518023465535259e+002	  1.0897460981930549e+003	
  2.0490000000000000e+004	 -4.5421572393201916e+002	  1.0974047134192911e+003	
  2.0520000000000000e+004	 -4.4736741123820684e+002	  1.0741394386888635e+003	
  2.0550000000000000e+004	 -4.3809884626594231e+002	  1.0840021334187413e+003	
  2.0580000000000000e+004	 -4.6983064440043637e+002	  1.0594678446989994e+003	
  2.0610000000000000e+004	 -5.3227237083340390e+002	  1.0508741645602654e+003	
  2.0640000000000000e+004	 -5.3217781697909345e+002	  1.0488451395594991e+003	
  2.0670000000000000e+004	 -4.8830799953587115e+002	  1.0316237326341497e+003	
  2.0700000000000000e+004	 -5.1265961458202821e+002	  1.0152526957787838e+003	
  2.0730000000000000e+004	 -4.7861515493666940e+002	  1.0382174101639357e+003	
  2.0760000000000000e+004	 -3.8514080457857591e+002	  1.0947442382022839e+003	
  2.0790000000000000e+004	 -4.2388227839359115e+002	  1.0667257196409123e+003	
  2.0820000000000000e+004	 -3.8673636527267320e+002	  1.0606812066989387e+003	
  2.0850000000000000e+004	 -4.2585432353043200e+002	  1.0718240416044514e+003	
  2.0880000000000000e+004	 -4.3286400654210718e+002	  1.0805847004019270e+003	
  2.0910000000000000e+004	 -4.3506012237635395e+002	  1.0684622677318191e+003	
  2.0940000000000000e+004	 -4.3178834763832583e+002	  1.0824659567232779e+003	
  2.0970000000000000e+004	 -4.3625230997721076e+002	  1.0925846815715481e+003	
  2.1000000000000000e+004	 -4.2852664496768466e+002	  1.0621297170618809e+003	
  2.1030000000000000e+004	 -4.2620726821422539e+002	  1.0595833373139772e+003	
  2.1060000000000000e+004	 -4.2388789146076635e+002	  1.0570369575660736e+003	
  2.1090000000000000e+004	 -4.1795722879019138e+002	  1.0749965781956939e+003	
  2.1120000000000000e+004	 -4.1909562287906027e+002	  1.0716348068901195e+003	
  2.1150000000000000e+004	 -4.2662519683350786e+002	  1.1064436627738401e+003	
  2.1180000000000000e+004	 -4.3141186849144208e+002	  1.0869854311489401e+003	
  2.1210000000000000e+004	 -4.2885718575761223e+002	  1.0913268013325676e+003	
  2.1240000000000000e+004	 -4.4068938381690077e+002	  1.0915605648972235e+003	
  2.1270000000000000e+004	 -4.4402390766913868e+002	  1.0804065936051716e+003	
  2.1300000000000000e+004	 -4.3101745380896517e+002	  1.0740281227043574e+003	
  2.1330000000000000e+004	 -4.3097263766063054e+002	  1.0812192078557375e+003	
  2.1360000000000000e+004	 -4.3422649450184798e+002	  1.0768221783227223e+003	
  2.1390000000000000e+004	 -4.3976610757002680e+002	  1.0805735671741261e+003	
  2.1420000000000000e+004	 -4.3802714875053272e+002	  1.0764659661515757e+003	
  2.1450000000000000e+004	 -4.3266680618313393e+002	  1.0884659532978494e+003	
  2.1480000000000000e+004	 -4.3530214542328292e+002	  1.0857164159609595e+003	
  2.1510000000000000e+004	 -4.4668615149989745e+002	  1.0741617057830767e+003	
  2.1540000000000000e+004	 -4.3682599695981190e+002	  1.1006774378042605e+003	
  2.1570000000000000e+004	 -4.4656962673093074e+002	  1.0932525842874486e+003	
  2.1600000000000000e+004	 -4.4339644675037982e+002	  1.0879984147638311e+003	
  2.1630000000000000e+004	 -4.3049756831771629e+002	  1.0947998946389453e+003	
  2.1660000000000000e+004	 -4.3923724292662530e+002	  1.1106959784745800e+003	
  2.1690000000000000e+004	 -4.5305939768720020e+002	  1.1051746455784548e+003	
  2.1720000000000000e+004	 -4.4598698575254531e+002	  1.0936087975843034e+003	
  2.1750000000000000e+004	 -4.4548501341658596e+002	  1.1111189820081825e+003	
  2.1780000000000000e+004	 -4.4364743054774561e+002	  1.1048852217271303e+003	
  2.1810000000000000e+004	 -4.4967109107189424e+002	  1.1054195440887092e+003	
  2.1840000000000000e+004	 -4.4733154777631535e+002	  1.0915271719161788e+003	
  2.1870000000000000e+004	 -4.4639035340462198e+002	  1.0741505697896857e+003	
  2.1900000000000000e+004	 -4.4573600106805395e+002	  1.0707220027373642e+003	
  2.1930000000000000e+004	 -4.3746241619904396e+002	  1.0584659933616617e+003	
  2.1960000000000000e+004	 -4.4890916857693736e+002	  1.0755309034431687e+003	
  2.1990000000000000e+004	 -4.4696403264604368e+002	  1.0835012086753472e+003	
  2.2020000000000000e+004	 -4.3161803836349952e+002	  1.0894566681092736e+003	
  2.2050000000000000e+004	 -4.4268830276094695e+002	  1.0543361297293359e+003	
  2.2080000000000000e+004	 -4.4241939780247606e+002	  1.0723027106864774e+003	
  2.2110000000000000e+004	 -4.4224908420847441e+002	  1.0724362868253525e+003	
  2.2140000000000000e+004	 -4.4080590913304593e+002	  1.0494159105005835e+003	
  2.2170000000000000e+004	 -4.3197657939620501e+002	  1.0529112687708034e+003	
  2.2200000000000000e+004	 -4.4051907119240167e+002	  1.0391747391047932e+003	
  2.2230000000000000e+004	 -4.3877113709540498e+002	  1.0507071881827646e+003	
  2.2260000000000000e+004	 -4.3507806054806406e+002	  1.0426366994365383e+003	
  2.2290000000000000e+004	 -4.3873528125511967e+002	  1.0554715590820047e+003	
  2.2320000000000000e+004	 -4.4563738805804212e+002	  1.0636756323895756e+003	
  2.2350000000000000e+004	 -4.2540612457104572e+002	  1.0380504340314160e+003	
  2.2380000000000000e+004	 -4.3717557000891446e+002	  1.0842136367262831e+003	
  2.2410000000000000e+004	 -4.4211462508109690e+002	  1.0734047452180198e+003	
  2.2440000000000000e+004	 -4.3216802620775672e+002	  1.0631973653956056e+003	
  2.2470000000000000e+004	 -4.0921433650004866e+002	  1.0396418734977271e+003	
  2.2500000000000000e+004	 -3.8626064679234054e+002	  1.0160863815998482e+003	
  2.2530000000000000e+004	 -3.6330695708463242e+002	  9.9253088970196950e+002	
  2.2560000000000000e+004	 -3.7702859214233655e+002	  1.0164771816044234e+003	
  2.2590000000000000e+004	 -3.8910280186652523e+002	  1.0340652825835136e+003	
  2.2620000000000000e+004	 -4.5058539225212451e+002	  1.1041393979085558e+003	
  2.2650000000000000e+004	 -4.5823151555150480e+002	  1.1143583052892980e+003	
  2.2680000000000000e+004	 -4.5611605225003279e+002	  1.1066774303632415e+003	
  2.2710000000000000e+004	 -4.5427847649064131e+002	  1.1094269647637163e+003	
  2.2740000000000000e+004	 -4.5748752242579656e+002	  1.1032488599406956e+003	
  2.2770000000000000e+004	 -4.5730823423276860e+002	  1.1022024825745186e+003	
  2.2800000000000000e+004	 -4.5816876717078128e+002	  1.1014009939577293e+003	
  2.2830000000000000e+004	 -4.5787295507336057e+002	  1.0996978433545862e+003	
  2.2860000000000000e+004	 -4.5823151555150480e+002	  1.0980392199843577e+003	
  2.2890000000000000e+004	 -4.6024836509914149e+002	  1.0932637182238204e+003	
  2.2920000000000000e+004	 -4.6266857979179696e+002	  1.0902692908993606e+003	
  2.2950000000000000e+004	 -4.6586865386016808e+002	  1.0869742989977801e+003	
  2.2980000000000000e+004	 -4.6763451467895322e+002	  1.0827331200828194e+003	
  2.3010000000000000e+004	 -4.6744627455665494e+002	  1.0884770786407551e+003	
  2.3040000000000000e+004	 -4.6573420675664312e+002	  1.0898462835077039e+003	
  2.3070000000000000e+004	 -4.6790343111492228e+002	  1.0905698447664429e+003	
  2.3100000000000000e+004	 -4.6951691910383789e+002	  1.0855494418334797e+003	
  2.3130000000000000e+004	 -4.6120748126299122e+002	  1.0906032394322501e+003	
  2.3160000000000000e+004	 -4.5986291797532238e+002	  1.0878091760345940e+003	
  2.3190000000000000e+004	 -4.6135089914887249e+002	  1.0768889720532475e+003	
  2.3220000000000000e+004	 -4.6513363408042841e+002	  1.0698537304484714e+003	
  2.3250000000000000e+004	 -4.7195505853958394e+002	  1.0692414881296411e+003	
  2.3280000000000000e+004	 -4.7211640835038031e+002	  1.0688630111257266e+003	
  2.3310000000000000e+004	 -4.6879085174516439e+002	  1.0801950917106806e+003	
  2.3340000000000000e+004	 -4.6124335094119061e+002	  1.0950559245840000e+003	
  2.3370000000000000e+004	 -4.6324226297077666e+002	  1.0896347805970859e+003	
  2.3400000000000000e+004	 -4.5922649587979885e+002	  1.0933305040386392e+003	
  2.3430000000000000e+004	 -4.5168793947260485e+002	  1.1155605344674059e+003	
  2.3460000000000000e+004	 -4.5818668639199888e+002	  1.1042395841685252e+003	
  2.3490000000000000e+004	 -4.6473922226133283e+002	  1.0948110238120589e+003	
  2.3520000000000000e+004	 -4.6432687584891499e+002	  1.0904585260652661e+003	
  2.3550000000000000e+004	 -4.6600310921094143e+002	  1.0818091866753089e+003	
  2.3580000000000000e+004	 -4.6670229217538997e+002	  1.0808852546602004e+003	
  2.3610000000000000e+004	 -4.6715047665761330e+002	  1.0854826482080721e+003	
  2.3640000000000000e+004	 -4.6543839246655079e+002	  1.0857943421552907e+003	
  2.3670000000000000e+004	 -4.6871017260765666e+002	  1.0790373931044401e+003	
  2.3700000000000000e+004	 -4.7229568151717149e+002	  1.0761988049202132e+003	
  2.3730000000000000e+004	 -4.6539357385920749e+002	  1.0970484945531693e+003	
  2.3760000000000000e+004	 -4.5109633559651400e+002	  1.1335159820463580e+003	
  2.3790000000000000e+004	 -4.5783710188925431e+002	  1.1076013614572021e+003	
  2.3820000000000000e+004	 -4.5871555698385794e+002	  1.0881431347162070e+003	
  2.3850000000000000e+004	 -4.6495435801543755e+002	  1.0833008348065596e+003	
  2.3880000000000000e+004	 -4.6654989588769041e+002	  1.0721913880530105e+003	
  2.3910000000000000e+004	 -4.5529139682119239e+002	  1.0658351882732568e+003	
  2.3940000000000000e+004	 -4.5801935823639883e+002	  1.0652476479797340e+003	
  2.3970000000000000e+004	 -4.6191644597240804e+002	  1.0644083047032725e+003	
  2.4000000000000000e+004	 -4.6581353370841731e+002	  1.0635689614268113e+003	
  2.4030000000000000e+004	 -4.6971062144442647e+002	  1.0627296181503500e+003	
  2.4060000000000000e+004	 -4.7360770918043568e+002	  1.0618902748738885e+003	
  2.4090000000000000e+004	 -4.7750479691644495e+002	  1.0610509315974273e+003	
  2.4120000000000000e+004	 -4.7409740537236411e+002	  1.0569966054876234e+003	
  2.4150000000000000e+004	 -4.6265961534160323e+002	  1.0772117908561988e+003	
  2.4180000000000000e+004	 -4.6058003272583528e+002	  1.0726477910440030e+003	
  2.4210000000000000e+004	 -4.5588299437476161e+002	  1.0934195598999695e+003	
  2.4240000000000000e+004	 -4.5469977163353934e+002	  1.1084696311370053e+003	
  2.4270000000000000e+004	 -4.5122183265836856e+002	  1.1160614572918250e+003	
  2.4300000000000000e+004	 -4.6703394480714496e+002	  1.1041060026056207e+003	
  2.4330000000000000e+004	 -4.7115728309256201e+002	  1.1005883802180244e+003	
  2.4360000000000000e+004	 -4.4080591191293468e+002	  1.0880540762127221e+003	
  2.4390000000000000e+004	 -4.3575033462685963e+002	  1.0828221760637821e+003	
  2.4420000000000000e+004	 -4.3879802717350594e+002	  1.0880318125923854e+003	
  2.4450000000000000e+004	 -4.6280303282149526e+002	  1.0796162393415775e+003	
  2.4480000000000000e+004	 -4.7026090319567737e+002	  1.0766106817354589e+003	
  2.4510000000000000e+004	 -4.6662160806281463e+002	  1.0746292328758359e+003	
  2.4540000000000000e+004	 -4.6624513523038803e+002	  1.0800837716034869e+003	
  2.4570000000000000e+004	 -4.6801997108482448e+002	  1.0746292345521733e+003	
  2.4600000000000000e+004	 -4.6769955628980932e+002	  1.0769029460866900e+003	
  2.4630000000000000e+004	 -4.5590989240117125e+002	  1.0799390614551953e+003	
  2.4660000000000000e+004	 -4.6282096555837052e+002	  1.0883212342376341e+003	
  2.4690000000000000e+004	 -3.7358151277655975e+002	  1.0010486348463629e+003	
  2.4720000000000000e+004	 -4.8370658515636586e+002	  1.0760763544415354e+003	
  2.4750000000000000e+004	 -4.7251240369515335e+002	  1.0894671472519112e+003	
  2.4780000000000000e+004	 -4.1057105819513600e+002	  1.0726700522184581e+003	
  2.4810000000000000e+004	 -3.9673098786564844e+002	  1.0818871108115807e+003	
  2.4840000000000000e+004	 -3.2718994188106092e+002	  1.0592786083348681e+003	
  2.4870000000000000e+004	 -3.9094036593763610e+002	  1.0763657802382302e+003	
  2.4900000000000000e+004	 -4.2221881410371191e+002	  1.0751505443970475e+003	
  2.4930000000000000e+004	 -4.1157589820088634e+002	  1.0607341960889833e+003	
  2.4960000000000000e+004	 -4.0093298229806084e+002	  1.0463178477809188e+003	
  2.4990000000000000e+004	 -3.9029006639523521e+002	  1.0319014994728545e+003	
  2.5020000000000000e+004	 -3.7964715049240965e+002	  1.0174851511647900e+003	
  2.5050000000000000e+004	 -3.9196223706822019e+002	  1.0224215109464252e+003	
  2.5080000000000000e+004	 -4.2407949630102502e+002	  1.0545142377015793e+003	
  2.5110000000000000e+004	 -4.2194609885464342e+002	  1.0641431633375137e+003	
  2.5140000000000000e+004	 -4.0370481042814259e+002	  1.0498389150393461e+003	
  2.5170000000000000e+004	 -3.7660729639379639e+002	  1.0529223989518941e+003	
  2.5200000000000000e+004	 -3.6902991118699168e+002	  1.0431079413948351e+003	
  2.5230000000000000e+004	 -3.5010636618636607e+002	  1.0115062547725930e+003	
  2.5260000000000000e+004	 -3.9913327775161781e+002	  1.0255383920101419e+003	
  2.5290000000000000e+004	 -4.1343052326666003e+002	  1.0443509800707841e+003	
  2.5320000000000000e+004	 -4.2078972056139901e+002	  1.0489268781111905e+003	
  2.5350000000000000e+004	 -4.3550811515087702e+002	  1.0580786741920037e+003	
  2.5380000000000000e+004	 -4.5022650974035497e+002	  1.0672304702728168e+003	
  2.5410000000000000e+004	 -4.6494490432983298e+002	  1.0763822663536300e+003	
  2.5440000000000000e+004	 -4.5238712300445269e+002	  1.0632971550154591e+003	
  2.5470000000000000e+004	 -4.1585072442957500e+002	  1.0308816101659786e+003	
  2.5500000000000000e+004	 -4.1585072442957494e+002	  1.0308816101659786e+003	
  2.5530000000000000e+004	 -4.1585072442957494e+002	  1.0308816101659786e+003	
  2.5560000000000000e+004	 -4.1585072442957494e+002	  1.0308816101659786e+003	
  2.5590000000000000e+004	 -4.1585072442957494e+002	  1.0308816101659786e+003	
  2.5620000000000000e+004	 -4.1585072442957494e+002	  1.0308816101659786e+003	
  2.5650000000000000e+004	 -4.1585072442957494e+002	  1.0308816101659786e+003	
  2.5680000000000000e+004	 -4.1585072442957494e+002	  1.0308816101659786e+003	
  2.5710000000000000e+004	 -4.1585072442957494e+002	  1.0308816101659786e+003	
  2.5740000000000000e+004	 -4.1585072442957494e+002	  1.0308816101659786e+003	
  2.5770000000000000e+004	 -4.1585072442957494e+002	  1.0308816101659786e+003	
  2.5800000000000000e+004	 -4.1585072442957494e+002	  1.0308816101659786e+003	
  2.5830000000000000e+004	 -4.1585072442957494e+002	  1.0308816101659786e+003	
  2.5860000000000000e+004	 -4.1585072442957494e+002	  1.0308816101659786e+003	
  2.5890000000000000e+004	 -4.1585072442957494e+002	  1.0308816101659786e+003	
  2.5920000000000000e+004	 -4.1585072442957494e+002	  1.0308816101659786e+003	
  2.5950000000000000e+004	 -4.1585072442957494e+002	  1.0308816101659786e+003	
  2.5980000000000000e+004	 -4.1585072442957494e+002	  1.0308816101659786e+003	
  2.6010000000000000e+004	 -4.1585072442957494e+002	  1.0308816101659786e+003	
  2.6040000000000000e+004	 -4.1585072442957494e+002	  1.0308816101659786e+003	
  2.6070000000000000e+004	 -4.1585072442957494e+002	  1.0308816101659786e+003	
  2.6100000000000000e+004	 -4.1585072442957494e+002	  1.0308816101659786e+003	
  2.6130000000000000e+004	 -4.1585072442957494e+002	  1.0308816101659786e+003	
  2.6160000000000000e+004	 -4.1585072442957494e+002	  1.0308816101659786e+003	
  2.6190000000000000e+004	 -4.1585072442957494e+002	  1.0308816101659786e+003	
  2.6220000000000000e+004	 -4.1585072442957494e+002	  1.0308816101659786e+003	
  2.6250000000000000e+004	 -4.1585072442957494e+002	  1.0308816101659786e+003	
  2.6280000000000000e+004	 -4.1585072442957494e+002	  1.0308816101659786e+003	
  2.6310000000000000e+004	 -4.1585072442957494e+002	  1.0308816101659786e+003	
  2.6340000000000000e+004	 -4.1585072442957494e+002	  1.0308816101659786e+003	
  2.6370000000000000e+004	 -4.1585072442957494e+002	  1.0308816101659786e+003	
  2.6400000000000000e+004	 -4.1585072442957494e+002	  1.0308816101659786e+003	
  2.6430000000000000e+004	 -4.1585072442957494e+002	  1.0308816101659786e+003	
  2.6460000000000000e+004	 -4.1585072442957494e+002	  1.0308816101659786e+003	
  2.6490000000000000e+004	 -4.1585072442957494e+002	  1.0308816101659786e+003	
  2.6520000000000000e+004	 -4.1585072442957494e+002	  1.0308816101659786e+003	
  2.6550000000000000e+004	 -4.1585072442957494e+002	  1.0308816101659786e+003	
  2.6580000000000000e+004	 -4.1585072442957494e+002	  1.0308816101659786e+003	
  2.6610000000000000e+004	 -4.1585072442957494e+002	  1.0308816101659786e+003	
  2.6640000000000000e+004	 -4.1585072442957494e+002	  1.0308816101659786e+003	
  2.6670000000000000e+004	 -4.1585072442957494e+002	  1.0308816101659786e+003	
  2.6700000000000000e+004	 -4.1585072442957494e+002	  1.0308816101659786e+003	
  2.6730000000000000e+004	 -4.1585072442957494e+002	  1.0308816101659786e+003	
  2.6760000000000000e+004	 -4.1585072442957494e+002	  1.0308816101659786e+003	
  2.6790000000000000e+004	 -4.1585072442957494e+002	  1.0308816101659786e+003	
  2.6820000000000000e+004	 -4.1585072442957494e+002	  1.0308816101659786e+003	
  2.6850000000000000e+004	 -4.1585072442957494e+002	  1.0308816101659786e+003	
  2.6880000000000000e+004	 -4.1585072442957494e+002	  1.0308816101659786e+003	
  2.6910000000000000e+004	 -4.1585072442957494e+002	  1.0308816101659786e+003	
  2.6940000000000000e+004	 -4.1585072442957494e+002	  1.0308816101659786e+003	
  2.6970000000000000e+004	 -4.1585072442957494e+002	  1.0308816101659786e+003	
  2.7000000000000000e+004	 -4.1585072442957494e+002	  1.0308816101659786e+003	
  2.7030000000000000e+004	 -4.1585072442957494e+002	  1.0308816101659786e+003	
  2.7060000000000000e+004	 -4.1585072442957494e+002	  1.0308816101659786e+003	
  2.7090000000000000e+004	 -4.1585072442957494e+002	  1.0308816101659786e+003	
  2.7120000000000000e+004	 -4.1585072442957494e+002	  1.0308816101659786e+003	
  2.7150000000000000e+004	 -4.1585072442957494e+002	  1.0308816101659786e+003	
  2.7180000000000000e+004	 -4.1585072442957494e+002	  1.0308816101659786e+003	
  2.7210000000000000e+004	 -4.1585072442957494e+002	  1.0308816101659786e+003	
  2.7240000000000000e+004	 -4.1585072442957494e+002	  1.0308816101659786e+003	
  2.7270000000000000e+004	 -4.1585072442957494e+002	  1.0308816101659786e+003	
  2.7300000000000000e+004	 -4.1585072442957494e+002	  1.0308816101659786e+003	
  2.7330000000000000e+004	 -4.1585072442957494e+002	  1.0308816101659786e+003	
  2.7360000000000000e+004	 -4.1585072442957494e+002	  1.0308816101659786e+003	
  2.7390000000000000e+004	 -4.1585072442957494e+002	  1.0308816101659786e+003	
  2.7420000000000000e+004	 -4.1585072442957494e+002	  1.0308816101659786e+003	
  2.7450000000000000e+004	 -4.1585072442957494e+002	  1.0308816101659786e+003	
  2.7480000000000000e+004	 -4.1585072442957494e+002	  1.0308816101659786e+003	
  2.7510000000000000e+004	 -4.1585072442957494e+002	  1.0308816101659786e+003	
  2.7540000000000000e+004	 -4.1585072442957494e+002	  1.0308816101659786e+003	
  2.7570000000000000e+004	 -4.1585072442957494e+002	  1.0308816101659786e+003	
  2.7600000000000000e+004	 -4.1585072442957494e+002	  1.0308816101659786e+003	
  2.7630000000000000e+004	 -4.1585072442957494e+002	  1.0308816101659786e+003	
  2.7660000000000000e+004	 -4.1585072442957494e+002	  1.0308816101659786e+003	
  2.7690000000000000e+004	 -4.1585072442957494e+002	  1.0308816101659786e+003	
  2.7720000000000000e+004	 -4.1585072442957494e+002	  1.0308816101659786e+003	
  2.7750000000000000e+004	 -4.1585072442957494e+002	  1.0308816101659786e+003	
  2.7780000000000000e+004	 -4.1585072442957494e+002	  1.0308816101659786e+003	
  2.7810000000000000e+004	 -4.1585072442957494e+002	  1.0308816101659786e+003	
  2.7840000000000000e+004	 -4.1585072442957494e+002	  1.0308816101659786e+003	
  2.7870000000000000e+004	 -4.1585072442957494e+002	  1.0308816101659786e+003	
  2.7900000000000000e+004	 -4.1585072442957494e+002	  1.0308816101659786e+003	
  2.7930000000000000e+004	 -4.1585072442957494e+002	  1.0308816101659786e+003	
  2.7960000000000000e+004	 -4.1585072442957494e+002	  1.0308816101659786e+003	
  2.7990000000000000e+004	 -4.1585072442957494e+002	  1.0308816101659786e+003	
  2.8020000000000000e+004	 -4.1585072442957494e+002	  1.0308816101659786e+003	
  2.8050000000000000e+004	 -4.1585072442957494e+002	  1.0308816101659786e+003	
  2.8080000000000000e+004	 -4.1585072442957494e+002	  1.0308816101659786e+003	
  2.8110000000000000e+004	 -4.1585072442957494e+002	  1.0308816101659786e+003	
  2.8140000000000000e+004	 -4.1585072442957494e+002	  1.0308816101659786e+003	
  2.8170000000000000e+004	 -4.1585072442957494e+002	  1.0308816101659786e+003	
  2.8200000000000000e+004	 -4.1585072442957494e+002	  1.0308816101659786e+003	
  2.8230000000000000e+004	 -4.1585072442957494e+002	  1.0308816101659786e+003	
  2.8260000000000000e+004	 -4.1585072442957494e+002	  1.0308816101659786e+003	
  2.8290000000000000e+004	 -4.1585072442957494e+002	  1.0308816101659786e+003	
  2.8320000000000000e+004	 -4.1585072442957494e+002	  1.0308816101659786e+003	
  2.8350000000000000e+004	 -4.1585072442957494e+002	  1.0308816101659786e+003	
  2.8380000000000000e+004	 -4.1585072442957494e+002	  1.0308816101659786e+003	
  2.8410000000000000e+004	 -4.1585072442957494e+002	  1.0308816101659786e+003	
  2.8440000000000000e+004	 -4.1585072442957494e+002	  1.0308816101659786e+003	
  2.8470000000000000e+004	 -4.1585072442957494e+002	  1.0308816101659786e+003	
  2.8500000000000000e+004	 -4.1585072442957494e+002	  1.0308816101659786e+003	
  2.8530000000000000e+004	 -4.1585072442957494e+002	  1.0308816101659786e+003	
  2.8560000000000000e+004	 -4.1796619655968323e+002	  1.0601802760884325e+003	
  2.8590000000000000e+004	 -4.2745883998126840e+002	  1.0780132778181896e+003	
  2.8620000000000000e+004	 -4.3411893497040057e+002	  1.0909483210575377e+003	
  2.8650000000000000e+004	 -4.3885181526013622e+002	  1.0930856089852994e+003	
  2.8680000000000000e+004	 -4.3331218973214862e+002	  1.0868295898911958e+003	
  2.8710000000000000e+004	 -4.2389125227879657e+002	  1.0875531497729244e+003	
  2.8740000000000000e+004	 -4.2831040724945882e+002	  1.0796385066487192e+003	
  2.8770000000000000e+004	 -4.2212538358935006e+002	  1.0706218177552410e+003	
  2.8800000000000000e+004	 -4.1567146913452552e+002	  1.0617164560476328e+003	
  2.8830000000000000e+004	 -4.1746421500287789e+002	  1.0640541104211682e+003	
  2.8860000000000000e+004	 -4.2131864564316879e+002	  1.0650559648197589e+003	
  2.8890000000000000e+004	 -4.2033261909517319e+002	  1.0686181137386247e+003	
  2.8920000000000000e+004	 -4.1638856961182512e+002	  1.0600466909542201e+003	
  2.8950000000000000e+004	 -4.4480375492420444e+002	  1.1047961671076862e+003	
  2.8980000000000000e+004	 -4.4982346978700048e+002	  1.0952228966458733e+003	
  2.9010000000000000e+004	 -4.2759329590349370e+002	  1.0707331343686765e+003	
  2.9040000000000000e+004	 -4.3234409962214363e+002	  1.0842025052441527e+003	
  2.9070000000000000e+004	 -4.2382850275154209e+002	  1.0656125499930295e+003	
  2.9100000000000000e+004	 -4.2705547588247492e+002	  1.0726255261020394e+003	
  2.9130000000000000e+004	 -4.3261302119391064e+002	  1.0652786007173138e+003	
  2.9160000000000000e+004	 -4.1576109558014417e+002	  1.0481357644188383e+003	
  2.9190000000000000e+004	 -4.5645667696286716e+002	  1.0742952799253299e+003	
  2.9220000000000000e+004	 -4.7079873581044154e+002	  1.0921060161546000e+003	
  2.9250000000000000e+004	 -4.6264169365646592e+002	  1.1026811429104062e+003	
  2.9280000000000000e+004	 -4.5027167659677070e+002	  1.0962247541241493e+003	
  2.9310000000000000e+004	 -4.7250186346285352e+002	  1.1089149044551061e+003	
  2.9340000000000000e+004	 -4.7250186346285352e+002	  1.1230521707435769e+003	
  2.9370000000000000e+004	 -4.7035054017423676e+002	  1.1211597815392438e+003	
  2.9400000000000000e+004	 -4.8738174447915492e+002	  1.1238313921754273e+003	
  2.9430000000000000e+004	 -4.9060869699057844e+002	  1.1155939249488742e+003	
  2.9460000000000000e+004	 -4.9876575218286808e+002	  1.1005661248971874e+003	
  2.9490000000000000e+004	 -4.9455276124360938e+002	  1.1153712945923710e+003	
  2.9520000000000000e+004	 -4.8083817640018503e+002	  1.1172636857043854e+003	
  2.9550000000000000e+004	 -4.8021070618423909e+002	  1.0929965525533009e+003	
  2.9580000000000000e+004	 -4.7393605366491863e+002	  1.0932191869112851e+003	
  2.9610000000000000e+004	 -4.8989160394586378e+002	  1.1083583176131885e+003	
  2.9640000000000000e+004	 -4.8612681419613409e+002	  1.1253898337027410e+003	
  2.9670000000000000e+004	 -4.8047962564883352e+002	  1.1217163697516662e+003	
  2.9700000000000000e+004	 -4.7384641289874537e+002	  1.1227182226693742e+003	
  2.9730000000000000e+004	 -4.8128636455876330e+002	  1.1288406674302519e+003	
  2.9760000000000000e+004	 -4.9661443626539278e+002	  1.1292859284353970e+003	
  2.9790000000000000e+004	 -4.9957248706215387e+002	  1.1341838819043469e+003	
  2.9820000000000000e+004	 -4.9392530424432704e+002	  1.1316235927710331e+003	
  2.9850000000000000e+004	 -4.8782991990571406e+002	  1.1233861280913463e+003	
  2.9880000000000000e+004	 -4.9912430515814395e+002	  1.1219390050107293e+003	
  2.9910000000000000e+004	 -5.1292853410806390e+002	  1.1137015352232186e+003	
  2.9940000000000000e+004	 -5.0674351528609031e+002	  1.1248332483846696e+003	
  2.9970000000000000e+004	 -4.9553878476696451e+002	  1.1243879833938799e+003	
  3.0000000000000000e+004	 -4.8074854499389681e+002	  1.1208258297185955e+003	
  3.0030000000000000e+004	 -4.9589733950741140e+002	  1.1138128565948764e+003	
  3.0060000000000000e+004	 -4.8065889687349210e+002	  1.1147033919852115e+003	
  3.0090000000000000e+004	 -4.9535950124377661e+002	  1.1139241749502419e+003	
  3.0120000000000000e+004	 -4.7563917074317578e+002	  1.1263916830407506e+003	
  3.0150000000000000e+004	 -4.8330475384405753e+002	  1.1155670541563927e+003	
  3.0180000000000000e+004	 -4.8685288027735169e+002	  1.0929520306199422e+003	
  3.0210000000000000e+004	 -4.9838029517382222e+002	  1.0876867269471554e+003	
  3.0240000000000000e+004	 -4.8066785895564078e+002	  1.0858054743284240e+003	
  3.0270000000000000e+004	 -4.7731540196499435e+002	  1.0787702329436829e+003	
  3.0300000000000000e+004	 -4.9030393617422340e+002	  1.1384584575434669e+003	
  3.0330000000000000e+004	 -4.8857392924411869e+002	  1.1367998322335029e+003	
  3.0360000000000000e+004	 -4.7645489257901789e+002	  1.1403397185332119e+003	
  3.0390000000000000e+004	 -4.9160367228398644e+002	  1.1204584832480220e+003	
  3.0420000000000000e+004	 -4.9237456554402223e+002	  1.1457052042702041e+003	
  3.0450000000000000e+004	 -4.9321716462483147e+002	  1.1405846159458845e+003	
  3.0480000000000000e+004	 -4.8647639875778157e+002	  1.1245660849421304e+003	
  3.0510000000000000e+004	 -4.8295362051479032e+002	  1.1099278880879203e+003	
  3.0540000000000000e+004	 -4.8065890228207928e+002	  1.1288406613415630e+003	
  3.0570000000000000e+004	 -4.7712716627142072e+002	  1.1352413974838450e+003	
  3.0600000000000000e+004	 -4.8566070157066696e+002	  1.1413193056755133e+003	
  3.0630000000000000e+004	 -4.9198015684614722e+002	  1.1258573580772977e+003	
  3.0660000000000000e+004	 -4.8345559390983561e+002	  1.1282729501063138e+003	
  3.0690000000000000e+004	 -4.8974817263096509e+002	  1.1117534870444247e+003	
  3.0720000000000000e+004	 -4.8999916839427777e+002	  1.1048740894502903e+003	
  3.0750000000000000e+004	 -4.6517844747414603e+002	  1.1474528845985374e+003	
  3.0780000000000000e+004	 -4.6741938491053207e+002	  1.1422543715883096e+003	
  3.0810000000000000e+004	 -4.7631146542293874e+002	  1.1010002604740876e+003	
  3.0840000000000000e+004	 -4.6532186361677680e+002	  1.0895679903859382e+003	
  3.0870000000000000e+004	 -4.6788551361894940e+002	  1.0975271587002455e+003	
  3.0900000000000000e+004	 -4.7152480382306140e+002	  1.0899019416035576e+003	
  3.0930000000000000e+004	 -4.7355958195889389e+002	  1.0828333049420348e+003	
  3.0960000000000000e+004	 -4.8334802194343968e+002	  1.0601580103585711e+003	
  3.0990000000000000e+004	 -4.8029954551773989e+002	  1.0639024028307874e+003	
  3.1020000000000000e+004	 -4.7594457919531158e+002	  1.0692515349339537e+003	
  3.1050000000000000e+004	 -4.7158961287288338e+002	  1.0746006670371200e+003	
  3.1080000000000000e+004	 -4.6723464655045501e+002	  1.0799497991402864e+003	
  3.1110000000000000e+004	 -4.7382850245667066e+002	  1.1122098899454209e+003	
  3.1140000000000000e+004	 -4.7601403448381609e+002	  1.1020840805620742e+003	
  3.1170000000000000e+004	 -4.8698733522979603e+002	  1.0804177235986626e+003	
  3.1200000000000000e+004	 -4.9274208246417072e+002	  1.0643880586898274e+003	
  3.1230000000000000e+004	 -4.9473204499876420e+002	  1.0584882572429124e+003	
  3.1260000000000000e+004	 -4.6533082818609927e+002	  1.0851153045822541e+003	
  3.1290000000000000e+004	 -4.7070910296673776e+002	  1.0719353622437197e+003	
  3.1320000000000000e+004	 -4.6744628844245835e+002	  1.0872971206120826e+003	
  3.1350000000000000e+004	 -4.6542046815721699e+002	  1.0968258671874917e+003	
  3.1380000000000000e+004	 -4.6323330241963515e+002	  1.0957349572920150e+003	
  3.1410000000000000e+004	 -4.6767934047664005e+002	  1.0952451622327651e+003	
  3.1440000000000000e+004	 -4.7156962144514847e+002	  1.0961579616047413e+003	
  3.1470000000000000e+004	 -4.7293210857342694e+002	  1.0730040046888873e+003	
  3.1500000000000000e+004	 -4.6466750728729187e+002	  1.0970039702693862e+003	
  3.1530000000000000e+004	 -4.6364563579993228e+002	  1.1079130473743812e+003	
  3.1560000000000000e+004	 -4.7104971604750273e+002	  1.0925290281481459e+003	
  3.1590000000000000e+004	 -4.6536668118891509e+002	  1.0935531423298637e+003	
  3.1620000000000000e+004	 -4.7490414870713448e+002	  1.1068666691196747e+003	
  3.1650000000000000e+004	 -4.7667897861636158e+002	  1.0881431298410785e+003	
  3.1680000000000000e+004	 -4.7744985791793823e+002	  1.0800392455308622e+003	
  3.1710000000000000e+004	 -4.7680447120382559e+002	  1.0849817244445053e+003	
  3.1740000000000000e+004	 -4.6559974242585247e+002	  1.0985846750987289e+003	
  3.1770000000000000e+004	 -4.6142260935563792e+002	  1.0802396153821867e+003	
  3.1800000000000000e+004	 -4.6296439344865831e+002	  1.0683954762611434e+003	
  3.1830000000000000e+004	 -4.6222935243729933e+002	  1.0706663496120318e+003	
  3.1860000000000000e+004	 -4.6224728313903643e+002	  1.0603361217406452e+003	
  3.1890000000000000e+004	 -4.6197837627542992e+002	  1.0540133062746179e+003	
  3.1920000000000000e+004	 -4.6339465477889416e+002	  1.0500058906080001e+003	
  3.1950000000000000e+004	 -4.6147639895702093e+002	  1.0687516908146104e+003	
  3.1980000000000000e+004	 -4.5850042921869579e+002	  1.0915049063744968e+003	
  3.2010000000000000e+004	 -4.6041867043945388e+002	  1.0998759512336194e+003	
  3.2040000000000000e+004	 -4.5862591388475613e+002	  1.0953119551090520e+003	
  3.2070000000000000e+004	 -4.5792673931396877e+002	  1.1029483035450171e+003	
  3.2100000000000000e+004	 -4.5798053046033590e+002	  1.0882989733125507e+003	
  3.2130000000000000e+004	 -4.5694073026359985e+002	  1.0925512846383776e+003	
  3.2160000000000000e+004	 -4.5735306266630579e+002	  1.0964696473129461e+003	
  3.2190000000000000e+004	 -4.5837493222747634e+002	  1.0783917551558338e+003	
  3.2220000000000000e+004	 -4.5588298998326729e+002	  1.0829112295805298e+003	
  3.2250000000000000e+004	 -4.5631325796112833e+002	  1.0818203197053342e+003	
  3.2280000000000000e+004	 -4.5733513964240683e+002	  1.0774566901623391e+003	
  3.2310000000000000e+004	 -4.5826736841971922e+002	  1.0737609612661756e+003	
  3.2340000000000000e+004	 -4.5934302193688580e+002	  1.0546144201522243e+003	
  3.2370000000000000e+004	 -4.6006011779659747e+002	  1.0515198055122858e+003	
  3.2400000000000000e+004	 -4.5928923265722540e+002	  1.0612489223182170e+003	
  3.2430000000000000e+004	 -4.5894860642205276e+002	  1.0725587358354653e+003	
  3.2460000000000000e+004	 -4.5842871961080544e+002	  1.0788592802047365e+003	
  3.2490000000000000e+004	 -4.5864384559923872e+002	  1.0716682005356965e+003	
  3.2520000000000000e+004	 -4.5706622166749531e+002	  1.0912377491709326e+003	
  3.2550000000000000e+004	 -4.5740684089963378e+002	  1.0919501750013969e+003	
  3.2580000000000000e+004	 -4.5706621383091704e+002	  1.0912377471527411e+003	
  3.2610000000000000e+004	 -4.5726342785179003e+002	  1.0913268008543837e+003	
  3.2640000000000000e+004	 -4.5701243967125646e+002	  1.0959130635606048e+003	
  3.2670000000000000e+004	 -4.5801638775353757e+002	  1.0769891570575730e+003	
  3.2700000000000000e+004	 -4.5787296390095599e+002	  1.0741617008563796e+003	
  3.2730000000000000e+004	 -4.5683316083999352e+002	  1.0846032441399348e+003	
  3.2760000000000000e+004	 -4.5722756788803474e+002	  1.0796830328877804e+003	
  3.2790000000000000e+004	 -4.5489698449388487e+002	  1.1098722268085210e+003	
  3.2820000000000000e+004	 -4.5599056251117145e+002	  1.0718017798092083e+003	
  3.2850000000000000e+004	 -4.5724549610163996e+002	  1.0624734104263875e+003	
  3.2880000000000000e+004	 -4.5812395034611382e+002	  1.0687071623624558e+003	
  3.2910000000000000e+004	 -4.5815980986384619e+002	  1.0539242576338045e+003	
  3.2940000000000000e+004	 -4.5794466883273856e+002	  1.0488259320500163e+003	
  3.2970000000000000e+004	 -4.5905617170663771e+002	  1.0454864192762971e+003	
  3.3000000000000000e+004	 -4.5973742559999317e+002	  1.0477350237849655e+003	
  3.3030000000000000e+004	 -4.5902031934026229e+002	  1.0450634137019406e+003	
  3.3060000000000000e+004	 -4.5955815371918391e+002	  1.0439279770004528e+003	
  3.3090000000000000e+004	 -4.6074137794960916e+002	  1.0405439387030506e+003	
  3.3120000000000000e+004	 -4.6070551077884363e+002	  1.0564400215840210e+003	
  3.3150000000000000e+004	 -4.5952229303065815e+002	  1.0651450221242117e+003	
  3.3180000000000000e+004	 -4.5934301844742606e+002	  1.0591338944248048e+003	
  3.3210000000000000e+004	 -4.6090272310614000e+002	  1.0427702851490092e+003	
  3.3240000000000000e+004	 -4.6079515964603843e+002	  1.0514307487282363e+003	
  3.3270000000000000e+004	 -4.6020354070762380e+002	  1.0514307494059963e+003	
  3.3300000000000000e+004	 -4.6158396885485115e+002	  1.0369149986893271e+003	
  3.3330000000000000e+004	 -4.6161981545391438e+002	  1.0423918058959321e+003	
  3.3360000000000000e+004	 -4.6038282213686870e+002	  1.0253157589633556e+003	
  3.3390000000000000e+004	 -4.6095649681905962e+002	  1.0117573326572731e+003	
  3.3420000000000000e+004	 -4.6389662056392308e+002	  1.0343992329576317e+003	
  3.3450000000000000e+004	 -4.6348428756687770e+002	  1.0511858520851570e+003	
  3.3480000000000000e+004	 -4.6163775182794205e+002	  1.0611153407414749e+003	
  3.3510000000000000e+004	 -4.6226521067872210e+002	  1.0660578163586506e+003	
  3.3540000000000000e+004	 -4.6447030222738994e+002	  1.0481802926334901e+003	
  3.3570000000000000e+004	 -4.6520533887596429e+002	  1.0621839826658222e+003	
  3.3600000000000000e+004	 -4.6294645276692501e+002	  1.0327962656824552e+003	
  3.3630000000000000e+004	 -4.6603000047545868e+002	  1.0364697300708253e+003	
  3.3660000000000000e+004	 -4.6635269336160127e+002	  1.0462433742842545e+003	
  3.3690000000000000e+004	 -4.6524119224009235e+002	  1.0536348233029044e+003	
  3.3720000000000000e+004	 -4.6411175164418029e+002	  1.0528110854683705e+003	
  3.3750000000000000e+004	 -4.6473921454158545e+002	  1.0638537382965878e+003	
  3.3780000000000000e+004	 -4.5742476582173788e+002	  1.0488259310219692e+003	
  3.3810000000000000e+004	 -4.5738891002189951e+002	  1.0323064756614178e+003	
  3.3840000000000000e+004	 -4.5799845036394402e+002	  9.9136404572157721e+002	
  3.3870000000000000e+004	 -4.6224728438979992e+002	  1.0027406480115922e+003	
  3.3900000000000000e+004	 -4.6337672329628623e+002	  1.0112898030528422e+003	
  3.3930000000000000e+004	 -4.6551010532732636e+002	  1.0286107428115506e+003	
  3.3960000000000000e+004	 -4.6714150763320686e+002	  1.0452415191165651e+003	
  3.3990000000000000e+004	 -4.6635270270257132e+002	  1.0675717268620995e+003	
  3.4020000000000000e+004	 -4.6590451290834710e+002	  1.0624734093969141e+003	
  3.4050000000000000e+004	 -4.6714151256704298e+002	  1.0556385389776128e+003	
  3.4080000000000000e+004	 -4.6968722492070913e+002	  1.0548815799384979e+003	
  3.4110000000000000e+004	 -4.7262735143783391e+002	  1.0460207388106987e+003	
  3.4140000000000000e+004	 -4.7291419012686112e+002	  1.0508073764257547e+003	
  3.4170000000000000e+004	 -4.7368506958133912e+002	  1.0444845646175077e+003	
  3.4200000000000000e+004	 -4.7183853492199239e+002	  1.0440170323539282e+003	
  3.4230000000000000e+004	 -4.7164132610849947e+002	  1.0561060680842645e+003	
  3.4260000000000000e+004	 -4.7085251923700690e+002	  1.0639205299705050e+003	
  3.4290000000000000e+004	 -4.6923903665440810e+002	  1.0649669128758264e+003	
  3.4320000000000000e+004	 -4.6784068347848569e+002	  1.0662136617119534e+003	
  3.4350000000000000e+004	 -4.6617342576078971e+002	  1.0682618946138689e+003	
  3.4380000000000000e+004	 -4.6499020564346574e+002	  1.0690188487538412e+003	
  3.4410000000000000e+004	 -4.6393247355844960e+002	  1.0740058600896732e+003	
  3.4440000000000000e+004	 -4.6378905633701527e+002	  1.0781691164064846e+003	
  3.4470000000000000e+004	 -4.6472129220518093e+002	  1.0829557534566798e+003	
  3.4500000000000000e+004	 -4.6378905115057552e+002	  1.0676385261938478e+003	
  3.4530000000000000e+004	 -4.6464958638953067e+002	  1.0312600970210308e+003	
  3.4560000000000000e+004	 -4.7321896327677166e+002	  1.0421023765592115e+003	
  3.4590000000000000e+004	 -4.7187438705588255e+002	  1.0355124031940165e+003	
  3.4620000000000000e+004	 -4.7522684863211089e+002	  1.0421914301113948e+003	
  3.4650000000000000e+004	 -4.7581845625964633e+002	  1.0326849507364398e+003	
  3.4680000000000000e+004	 -4.7877650230680626e+002	  1.0467331710514040e+003	
  3.4710000000000000e+004	 -4.8071267444831972e+002	  1.0714455659878367e+003	
  3.4740000000000000e+004	 -4.7761120731822683e+002	  1.0828667022186041e+003	
  3.4770000000000000e+004	 -4.7346994562552362e+002	  1.0836236550263407e+003	
  3.4800000000000000e+004	 -4.7321896744337585e+002	  1.0849371969968165e+003	
  3.4830000000000000e+004	 -4.7732437923159853e+002	  1.0608259159454233e+003	
  3.4860000000000000e+004	 -4.8092780859412323e+002	  1.0725809989520574e+003	
  3.4890000000000000e+004	 -4.8151942436057942e+002	  1.0825550107722302e+003	
