  0.0000000000000000e+000	 -5.9387151002008193e+002	 -3.8996984436659835e+002	
  3.0000000000000000e+001	 -4.4489340027216861e+002	 -6.2340179735337745e+002	
  6.0000000000000000e+001	 -6.7060150824603147e+002	 -8.1531248773843799e+002	
  9.0000000000000000e+001	 -6.4182775717927859e+002	 -7.4796564325648910e+002	
  1.2000000000000000e+002	 -2.1308990290731521e+002	 -8.1097111602677273e+002	
  1.5000000000000000e+002	  2.5783598799927980e+000	 -9.6035866248293746e+002	
  1.8000000000000000e+002	  1.3440629990124109e-001	 -1.2684843962078667e+003	
  2.1000000000000000e+002	  3.8425670461877974e+002	 -1.3722319314142887e+003	
  2.4000000000000000e+002	  5.3726850152086990e+002	 -1.4936788874222609e+003	
  2.7000000000000000e+002	  9.9442154011165803e+002	 -1.8055894014801688e+003	
  3.0000000000000000e+002	  1.3795057354902135e+003	 -2.2899301047318590e+003	
  3.3000000000000000e+002	  1.8914274844538256e+003	 -2.5704491946443582e+003	
  3.6000000000000000e+002	  2.2307067425363293e+003	 -2.6654026808024610e+003	
  3.9000000000000000e+002	  2.2249699176062736e+003	 -2.6727496078457848e+003	
  4.2000000000000000e+002	  2.2247010044684712e+003	 -2.6736401473781289e+003	
  4.5000000000000000e+002	  2.4421624249474376e+003	 -2.8865897562909713e+003	
  4.8000000000000000e+002	  2.6109504909121533e+003	 -3.0562370174503544e+003	
  5.1000000000000000e+002	  2.6099644779112350e+003	 -3.0525635540335529e+003	
  5.4000000000000000e+002	  2.6144463682445321e+003	 -3.0497806268806630e+003	
  5.7000000000000000e+002	  2.6107712180433164e+003	 -3.0542333092537633e+003	
  6.0000000000000000e+002	  2.9388457404470892e+003	 -3.3895204126447966e+003	
  6.3000000000000000e+002	  3.3267983416610896e+003	 -3.8043992423151772e+003	
  6.6000000000000000e+002	  3.4655577286712632e+003	 -4.1905582634461898e+003	
  6.9000000000000000e+002	  3.4630478703033941e+003	 -4.1874413837142456e+003	
  7.2000000000000000e+002	  3.4650199014963077e+003	 -4.1895564103453908e+003	
  7.5000000000000000e+002	  3.4621514911562003e+003	 -4.1856603113385827e+003	
  7.8000000000000000e+002	  3.4726391201892657e+003	 -4.2289626613809396e+003	
  8.1000000000000000e+002	  3.5500862191320607e+003	 -4.4846580405679342e+003	
  8.4000000000000000e+002	  3.6396344293761495e+003	 -4.7539341034867803e+003	
  8.7000000000000000e+002	  3.7106276017597156e+003	 -4.9665497636435784e+003	
  9.0000000000000000e+002	  3.7070420889101247e+003	 -4.9638781535163971e+003	
  9.3000000000000000e+002	  3.7038151268272641e+003	 -4.9675516183989366e+003	
  9.6000000000000000e+002	  3.7049804196109444e+003	 -4.9587575682575098e+003	
  9.9000000000000000e+002	  3.8475045941667008e+003	 -5.0340079273086903e+003	
  1.0200000000000000e+003	  3.9900287720712240e+003	 -4.9651026424112770e+003	
  1.0500000000000000e+003	  4.0284834080867618e+003	 -4.9806870354730963e+003	
  1.0800000000000000e+003	  4.0070599628479022e+003	 -4.9879226479503277e+003	
  1.1100000000000000e+003	  3.9901184074986286e+003	 -4.9872547453832849e+003	
  1.1400000000000000e+003	  3.9921800800143178e+003	 -4.9792399141739124e+003	
  1.1700000000000000e+003	  3.9921800800143178e+003	 -4.9792399141739124e+003	
  1.2000000000000000e+003	  3.9921800800143178e+003	 -4.9792399141739124e+003	
  1.2300000000000000e+003	  3.9921800800143178e+003	 -4.9792399141739124e+003	
  1.2600000000000000e+003	  3.9921800800143178e+003	 -4.9792399141739124e+003	
  1.2900000000000000e+003	  3.9921800800143178e+003	 -4.9792399141739124e+003	
  1.3200000000000000e+003	  3.9921800800143178e+003	 -4.9792399141739124e+003	
  1.3500000000000000e+003	  3.9921800800143178e+003	 -4.9792399141739124e+003	
  1.3800000000000000e+003	  3.9921800800143178e+003	 -4.9792399141739124e+003	
  1.4100000000000000e+003	  3.9921800800143178e+003	 -4.9792399141739124e+003	
  1.4400000000000000e+003	  3.9921800800143178e+003	 -4.9792399141739124e+003	
  1.4700000000000000e+003	  3.9762315578075936e+003	 -4.9519975478320621e+003	
  1.5000000000000000e+003	  3.9755432952243464e+003	 -4.9479041509532881e+003	
  1.5300000000000000e+003	  3.9690266222217665e+003	 -4.9769356493953164e+003	
  1.5600000000000000e+003	  3.9752385258123941e+003	 -4.9842714465792451e+003	
  1.5900000000000000e+003	  3.9747813728153574e+003	 -4.9914847946551108e+003	
  1.6200000000000000e+003	  3.9741270162068954e+003	 -4.9793846254905493e+003	
  1.6500000000000000e+003	  3.9701202055562521e+003	 -4.9525572044144119e+003	
  1.6800000000000000e+003	  3.9661851031251731e+003	 -4.9430618559252880e+003	
  1.7100000000000000e+003	  3.9661851031251736e+003	 -4.9430618559252871e+003	
  1.7400000000000000e+003	  3.9661851031251736e+003	 -4.9430618559252871e+003	
  1.7700000000000000e+003	  3.9661851031251736e+003	 -4.9430618559252871e+003	
  1.8000000000000000e+003	  3.9661851031251736e+003	 -4.9430618559252871e+003	
  1.8300000000000000e+003	  3.9661851031251736e+003	 -4.9430618559252871e+003	
  1.8600000000000000e+003	  3.9661851031251736e+003	 -4.9430618559252871e+003	
  1.8900000000000000e+003	  3.9661851031251736e+003	 -4.9430618559252871e+003	
  1.9200000000000000e+003	  3.9661851031251736e+003	 -4.9430618559252871e+003	
  1.9500000000000000e+003	  3.9661851031251736e+003	 -4.9430618559252871e+003	
  1.9800000000000000e+003	  3.9661851031251736e+003	 -4.9430618559252871e+003	
  2.0100000000000000e+003	  3.9661851031251736e+003	 -4.9430618559252871e+003	
  2.0400000000000000e+003	  3.9661851031251736e+003	 -4.9430618559252871e+003	
  2.0700000000000000e+003	  3.9661851031251736e+003	 -4.9430618559252871e+003	
  2.1000000000000000e+003	  3.9661851031251736e+003	 -4.9430618559252871e+003	
  2.1300000000000000e+003	  3.9539047183750204e+003	 -4.9476035939144149e+003	
  2.1600000000000000e+003	  3.9773539791257308e+003	 -5.1095922374357197e+003	
  2.1900000000000000e+003	  4.0180226697734661e+003	 -5.4032022200549027e+003	
  2.2200000000000000e+003	  3.9841664553316332e+003	 -4.9508874479276283e+003	
  2.2500000000000000e+003	  3.9730961808571969e+003	 -4.9048133013746701e+003	
  2.2800000000000000e+003	  3.9740821977820424e+003	 -4.9219116076016071e+003	
  2.3100000000000000e+003	  3.9753371280519132e+003	 -4.9079301799610685e+003	
  2.3400000000000000e+003	  3.9822930242413131e+003	 -5.0876071106465251e+003	
  2.3700000000000000e+003	  3.9586107043944880e+003	 -5.0000005527500716e+003	
  2.4000000000000000e+003	  3.9648046808623635e+003	 -4.9260080764839204e+003	
  2.4300000000000000e+003	  3.9747006991378221e+003	 -5.0510617065675224e+003	
  2.4600000000000000e+003	  3.9911044250199075e+003	 -4.9620970813122740e+003	
  2.4900000000000000e+003	  3.9946654919350108e+003	 -4.9529199260677588e+003	
  2.5200000000000000e+003	  3.9993103618242749e+003	 -4.9409497235749150e+003	
  2.5500000000000000e+003	  4.0050162186674061e+003	 -4.9687761073445163e+003	
  2.5800000000000000e+003	  3.9911940616484890e+003	 -4.9938892441043872e+003	
  2.6100000000000000e+003	  3.9781965754606776e+003	 -4.9930209708924476e+003	
  2.6400000000000000e+003	  3.9840947461706178e+003	 -5.1187647668405061e+003	
  2.6700000000000000e+003	  3.9844712254788401e+003	 -5.0780894979984369e+003	
  2.7000000000000000e+003	  3.9753739111100558e+003	 -5.0233383744748235e+003	
  2.7300000000000000e+003	  3.9648770099153053e+003	 -4.9601640011783475e+003	
  2.7600000000000000e+003	  3.9543801087205538e+003	 -4.8969896278818696e+003	
  2.7900000000000000e+003	  3.9438832075258033e+003	 -4.8338152545853945e+003	
  2.8200000000000000e+003	  3.9335210722946017e+003	 -4.7582309439091869e+003	
  2.8500000000000000e+003	  3.9392937503514768e+003	 -4.6582904524235237e+003	
  2.8800000000000000e+003	  3.9461420802341918e+003	 -4.6908840992720561e+003	
  2.9100000000000000e+003	  3.9671800829641552e+003	 -4.9209654118460867e+003	
  2.9400000000000000e+003	  3.9758684820406565e+003	 -4.9378907648919667e+003	
  2.9700000000000000e+003	  3.9678757740535657e+003	 -4.9163385376409979e+003	
  3.0000000000000000e+003	  3.9598830660664744e+003	 -4.8947863103900299e+003	
  3.0300000000000000e+003	  3.9518903580793831e+003	 -4.8732340831390620e+003	
  3.0600000000000000e+003	  3.9503819520552292e+003	 -4.8412512376412797e+003	
  3.0900000000000000e+003	  3.9493869705594420e+003	 -4.8543643921922221e+003	
  3.1200000000000000e+003	  3.9549983007741189e+003	 -4.8802456168027202e+003	
  3.1500000000000000e+003	  3.9555719829444984e+003	 -4.8411955779264053e+003	
  3.1800000000000000e+003	  3.9925834498589670e+003	 -4.9681527306798971e+003	
  3.2100000000000000e+003	  4.0055002634275493e+003	 -4.9785720114939295e+003	
  3.2400000000000000e+003	  4.0115777093751676e+003	 -4.9813549394937636e+003	
  3.2700000000000000e+003	  4.0106902947636081e+003	 -4.9812992804243895e+003	
  3.3000000000000000e+003	  4.0117121658888782e+003	 -4.9846165297549696e+003	
  3.3300000000000000e+003	  4.0104393079211341e+003	 -4.9817111530150378e+003	
  3.3600000000000000e+003	  4.0101345393884885e+003	 -4.9808762751688946e+003	
  3.3900000000000000e+003	  4.0116673460553893e+003	 -4.9813994661552624e+003	
  3.4200000000000000e+003	  4.0111026287544578e+003	 -4.9800080012398830e+003	
  3.4500000000000000e+003	  4.0165615730745594e+003	 -4.9882677305638335e+003	
  3.4800000000000000e+003	  4.0115777093751676e+003	 -4.9813326756725173e+003	
  3.5100000000000000e+003	  4.0098476980151054e+003	 -4.9788280405377891e+003	
  3.5400000000000000e+003	  4.0109592080716297e+003	 -4.9725163609354440e+003	
  3.5700000000000000e+003	  4.0144909395143027e+003	 -4.9791063335841063e+003	
  3.6000000000000000e+003	  4.0121693188827207e+003	 -4.9756332400387764e+003	
  3.6300000000000000e+003	  4.0127340372616577e+003	 -4.9792399143025204e+003	
  3.6600000000000000e+003	  4.0275511732765603e+003	 -5.0073586127750941e+003	
  3.6900000000000000e+003	  4.0269505994262240e+003	 -5.0054884858428413e+003	
  3.7200000000000000e+003	  4.0237146729189176e+003	 -4.9971619669201655e+003	
  3.7500000000000000e+003	  4.0120796813471779e+003	 -4.9608169349311092e+003	
  3.7800000000000000e+003	  4.0115149627148508e+003	 -4.9702343613192843e+003	
  3.8100000000000000e+003	  4.0119900438671430e+003	 -4.9792287816968483e+003	
  3.8400000000000000e+003	  4.0190624694792700e+003	 -4.9730729464443666e+003	
  3.8700000000000000e+003	  4.0114263884241577e+003	 -4.9688393130151253e+003	
  3.9000000000000000e+003	  4.0120644884148633e+003	 -4.9616791707234488e+003	
  3.9300000000000000e+003	  4.0127025884055688e+003	 -4.9545190284317732e+003	
  3.9600000000000000e+003	  4.0133406883962739e+003	 -4.9473588861400967e+003	
  3.9900000000000000e+003	  4.0139787883869790e+003	 -4.9401987438484221e+003	
  4.0200000000000000e+003	  4.0146168883776841e+003	 -4.9330386015567456e+003	
  4.0500000000000000e+003	  4.0152549883683896e+003	 -4.9258784592650700e+003	
  4.0800000000000000e+003	  4.0158930883590947e+003	 -4.9187183169733935e+003	
  4.1100000000000000e+003	  4.0163822983519690e+003	 -4.9362158554882972e+003	
  4.1400000000000000e+003	  4.0051327477489604e+003	 -4.9782491916433664e+003	
  4.1700000000000000e+003	  3.9778738785888081e+003	 -4.9940673518541716e+003	
  4.2000000000000000e+003	  3.9404948974524305e+003	 -4.9921193025868006e+003	
  4.2300000000000000e+003	  3.9128954035947945e+003	 -5.0060784657941886e+003	
  4.2600000000000000e+003	  3.8840589092640694e+003	 -5.0074476668688385e+003	
  4.2900000000000000e+003	  3.8524346761126189e+003	 -5.0224977387081826e+003	
  4.3200000000000000e+003	  3.8132629363369706e+003	 -5.0349541221109539e+003	
  4.3500000000000000e+003	  3.7754626573838650e+003	 -5.0522639310483382e+003	
  4.3800000000000000e+003	  3.7476569965565532e+003	 -5.0269504234064734e+003	
  4.4100000000000000e+003	  3.7238850401268814e+003	 -4.9853734859319402e+003	
  4.4400000000000000e+003	  3.7055272091866923e+003	 -4.9543939369927411e+003	
  4.4700000000000000e+003	  3.6933723180131710e+003	 -4.9151546599182884e+003	
  4.5000000000000000e+003	  3.6863626370008569e+003	 -4.8822047981529504e+003	
  4.5300000000000000e+003	  3.6607799955552014e+003	 -4.8436334236593148e+003	
  4.5600000000000000e+003	  3.6546308403747717e+003	 -4.8372883484049371e+003	
  4.5900000000000000e+003	  3.6300879979580445e+003	 -4.8265462484519721e+003	
  4.6200000000000000e+003	  3.5953981505842676e+003	 -4.8099600000659530e+003	
  4.6500000000000000e+003	  3.5866136409508849e+003	 -4.8055741069967044e+003	
  4.6800000000000000e+003	  3.5750593243380390e+003	 -4.8270026491006165e+003	
  4.7100000000000000e+003	  3.5490195283573894e+003	 -4.8267466187138461e+003	
  4.7400000000000000e+003	  3.5481590046992656e+003	 -4.8100045268329586e+003	
  4.7700000000000000e+003	  3.5337721317238183e+003	 -4.8022123298890147e+003	
  4.8000000000000000e+003	  3.5326875129176406e+003	 -4.8078115812177621e+003	
  4.8300000000000000e+003	  3.5285193541405120e+003	 -4.8317336249295431e+003	
  4.8600000000000000e+003	  3.4886145752254711e+003	 -4.7894318902402301e+003	
  4.8900000000000000e+003	  3.5212228332042532e+003	 -4.8085907996050109e+003	
  4.9200000000000000e+003	  3.5153784450382286e+003	 -4.7948765340651607e+003	
  4.9500000000000000e+003	  3.5076158077667847e+003	 -4.7846576235741013e+003	
  4.9800000000000000e+003	  3.5020941151705510e+003	 -4.7944535283050773e+003	
  5.0100000000000000e+003	  3.5071855458410537e+003	 -4.7942308942415693e+003	
  5.0400000000000000e+003	  3.5114702347158154e+003	 -4.7851251552940485e+003	
  5.0700000000000000e+003	  3.5030084230787011e+003	 -4.7787132903837410e+003	
  5.1000000000000000e+003	  3.4984189630229557e+003	 -4.7664016191725332e+003	
  5.1300000000000000e+003	  3.5043709173434627e+003	 -4.7818969598223030e+003	
  5.1600000000000000e+003	  3.5114164514139061e+003	 -4.7932958306284218e+003	
  5.1900000000000000e+003	  3.5106814223295842e+003	 -4.7891770983616570e+003	
  5.2200000000000000e+003	  3.5273361339644312e+003	 -4.7923162403549450e+003	
  5.2500000000000000e+003	  3.5212228331058964e+003	 -4.7904461128053108e+003	
  5.2800000000000000e+003	  3.5107172769844101e+003	 -4.7983496279302753e+003	
  5.3100000000000000e+003	  3.5138904572990273e+003	 -4.7909581712296285e+003	
  5.3400000000000000e+003	  3.5286986295434813e+003	 -4.7908691190243471e+003	
  5.3700000000000000e+003	  3.5256330157626667e+003	 -4.8071436776510764e+003	
  5.4000000000000000e+003	  3.5260991326118419e+003	 -4.7970806126675288e+003	
  5.4300000000000000e+003	  3.5222267771630345e+003	 -4.7999748554993948e+003	
  5.4600000000000000e+003	  3.5122769759090575e+003	 -4.8076112095975641e+003	
  5.4900000000000000e+003	  3.5428255530366537e+003	 -4.8338375190451061e+003	
  5.5200000000000000e+003	  3.5733562054842032e+003	 -4.8205685191377925e+003	
  5.5500000000000000e+003	  3.6236251094311656e+003	 -4.8079674247110870e+003	
  5.5800000000000000e+003	  3.6412658367523932e+003	 -4.7404869979040732e+003	
  5.6100000000000000e+003	  3.5413913482442681e+003	 -4.4458528993032141e+003	
  5.6400000000000000e+003	  3.5572393182226319e+003	 -4.4308473544811686e+003	
  5.6700000000000000e+003	  3.5708463453544655e+003	 -4.4144169500022690e+003	
  5.7000000000000000e+003	  3.5392579675052270e+003	 -4.1984395132369691e+003	
  5.7300000000000000e+003	  3.6195734790866181e+003	 -4.1698087554804251e+003	
  5.7600000000000000e+003	  3.6243422112664221e+003	 -4.1652892811452330e+003	
  5.7900000000000000e+003	  3.6567373294637800e+003	 -4.1065583795636931e+003	
  5.8200000000000000e+003	  3.5077054457460717e+003	 -3.9565029292146296e+003	
  5.8500000000000000e+003	  3.3899033874408110e+003	 -3.8436273897393139e+003	
  5.8800000000000000e+003	  3.2927359595011972e+003	 -3.7382100969314642e+003	
  5.9100000000000000e+003	  3.1237865461826268e+003	 -3.5654236949804376e+003	
  5.9400000000000000e+003	  2.7556618347032668e+003	 -3.1789752492284942e+003	
  5.9700000000000000e+003	  2.6759200047981785e+003	 -3.0962666444070837e+003	
  6.0000000000000000e+003	  2.6837722801602022e+003	 -3.0881404968367124e+003	
  6.0300000000000000e+003	  2.6840949766782446e+003	 -3.0886970825423946e+003	
  6.0600000000000000e+003	  2.5545145046589132e+003	 -2.9721926055420290e+003	
  6.0900000000000000e+003	  2.3861746233441431e+003	 -2.8033245669985645e+003	
  6.1200000000000000e+003	  2.3171176287866483e+003	 -2.7348645502500876e+003	
  6.1500000000000000e+003	  2.3105382090678918e+003	 -2.7402522986359750e+003	
  6.1800000000000000e+003	  2.2990645637874686e+003	 -2.7331280040976185e+003	
  6.2100000000000000e+003	  1.9922162842924859e+003	 -2.5787311854859822e+003	
  6.2400000000000000e+003	  1.4801511111982302e+003	 -2.3796294201548026e+003	
  6.2700000000000000e+003	  1.1979890931196537e+003	 -1.9584277772507219e+003	
  6.3000000000000000e+003	  7.6310210531012524e+002	 -1.6453595698240133e+003	
  6.3300000000000000e+003	  5.7319535683231277e+002	 -1.4979534666449824e+003	
  6.3600000000000000e+003	  4.8466901810640110e+002	 -1.4232151619436152e+003	
  6.3900000000000000e+003	  4.9884972746665790e+002	 -1.1594826933236650e+003	
  6.4200000000000000e+003	  6.2457577028270919e+002	 -9.5187629546758001e+002	
  6.4500000000000000e+003	  6.2853776052781870e+002	 -9.4949411486069107e+002	
  6.4800000000000000e+003	  6.2398416161796581e+002	 -9.3978726422768830e+002	
  6.5100000000000000e+003	  4.6894654497268948e+002	 -8.7740516220869176e+002	
  6.5400000000000000e+003	  2.7998995830244985e+002	 -8.5743487269282957e+002	
  6.5700000000000000e+003	 -1.2029677422427164e+002	 -7.9438486517675960e+002	
  6.6000000000000000e+003	 -5.3092781107679446e+002	 -7.1848887010185854e+002	
  6.6300000000000000e+003	 -4.9880159467067443e+002	 -6.4860399298902939e+002	
  6.6600000000000000e+003	 -5.7275282317089545e+002	 -4.0742436477840420e+002	
  6.6900000000000000e+003	 -6.6579691419367975e+002	 -2.7495701532969616e+002	
  6.7200000000000000e+003	 -6.4473201438053900e+002	 -2.6529468846686888e+002	
  6.7500000000000000e+003	 -6.1572520717334123e+002	 -2.5545426381487329e+002	
  6.7800000000000000e+003	 -5.8890556006019085e+002	 -2.7840783822565879e+002	
  6.8100000000000000e+003	 -5.4760043884003187e+002	 -2.5908320574588703e+002	
  6.8400000000000000e+003	 -5.1604791485094836e+002	 -2.3592925280201302e+002	
  6.8700000000000000e+003	 -4.8725625422041878e+002	 -2.4474554841873783e+002	
  6.9000000000000000e+003	 -4.8657499769134739e+002	 -2.6050804027747807e+002	
  6.9300000000000000e+003	 -5.1579693788509690e+002	 -2.4670473142467051e+002	
  6.9600000000000000e+003	 -5.1579693788509690e+002	 -2.4670473142467051e+002	
  6.9900000000000000e+003	 -5.1579693788509690e+002	 -2.4670473142467051e+002	
  7.0200000000000000e+003	 -5.1579693788509690e+002	 -2.4670473142467051e+002	
  7.0500000000000000e+003	 -5.1579693788509690e+002	 -2.4670473142467051e+002	
  7.0800000000000000e+003	 -5.1579693788509690e+002	 -2.4670473142467051e+002	
  7.1100000000000000e+003	 -5.1579693788509690e+002	 -2.4670473142467051e+002	
  7.1400000000000000e+003	 -5.1579693788509690e+002	 -2.4670473142467051e+002	
  7.1700000000000000e+003	 -5.1579693788509690e+002	 -2.4670473142467051e+002	
  7.2000000000000000e+003	 -5.1579693788509690e+002	 -2.4670473142467051e+002	
  7.2300000000000000e+003	 -5.1579693788509690e+002	 -2.4670473142467051e+002	
  7.2600000000000000e+003	 -5.1579693788509690e+002	 -2.4670473142467051e+002	
  7.2900000000000000e+003	 -5.1579693788509690e+002	 -2.4670473142467051e+002	
  7.3200000000000000e+003	 -5.1579693788509690e+002	 -2.4670473142467051e+002	
  7.3500000000000000e+003	 -5.1579693788509690e+002	 -2.4670473142467051e+002	
  7.3800000000000000e+003	 -5.1579693788509690e+002	 -2.4670473142467051e+002	
  7.4100000000000000e+003	 -5.1579693788509690e+002	 -2.4670473142467051e+002	
  7.4400000000000000e+003	 -5.1579693788509690e+002	 -2.4670473142467051e+002	
  7.4700000000000000e+003	 -5.1579693788509690e+002	 -2.4670473142467051e+002	
  7.5000000000000000e+003	 -5.1579693788509690e+002	 -2.4670473142467051e+002	
  7.5300000000000000e+003	 -5.1579693788509690e+002	 -2.4670473142467051e+002	
  7.5600000000000000e+003	 -5.1579693788509690e+002	 -2.4670473142467051e+002	
  7.5900000000000000e+003	 -5.1579693788509690e+002	 -2.4670473142467051e+002	
  7.6200000000000000e+003	 -5.1579693788509690e+002	 -2.4670473142467051e+002	
  7.6500000000000000e+003	 -5.1579693788509690e+002	 -2.4670473142467051e+002	
  7.6800000000000000e+003	 -5.1579693788509690e+002	 -2.4670473142467051e+002	
  7.7100000000000000e+003	 -5.1579693788509690e+002	 -2.4670473142467051e+002	
  7.7400000000000000e+003	 -5.1579693788509690e+002	 -2.4670473142467051e+002	
  7.7700000000000000e+003	 -5.1579693788509690e+002	 -2.4670473142467051e+002	
  7.8000000000000000e+003	 -5.1579693788509690e+002	 -2.4670473142467051e+002	
  7.8300000000000000e+003	 -5.1579693788509690e+002	 -2.4670473142467051e+002	
  7.8600000000000000e+003	 -5.1579693788509690e+002	 -2.4670473142467051e+002	
  7.8900000000000000e+003	 -5.1579693788509690e+002	 -2.4670473142467051e+002	
  7.9200000000000000e+003	 -5.1579693788509690e+002	 -2.4670473142467051e+002	
  7.9500000000000000e+003	 -5.1579693788509690e+002	 -2.4670473142467051e+002	
  7.9800000000000000e+003	 -5.1579693788509690e+002	 -2.4670473142467051e+002	
  8.0100000000000000e+003	 -5.1579693788509690e+002	 -2.4670473142467051e+002	
  8.0400000000000000e+003	 -5.1579693788509690e+002	 -2.4670473142467051e+002	
  8.0700000000000000e+003	 -5.1579693788509690e+002	 -2.4670473142467051e+002	
  8.1000000000000000e+003	 -5.1579693788509690e+002	 -2.4670473142467051e+002	
  8.1300000000000000e+003	 -5.1579693788509690e+002	 -2.4670473142467051e+002	
  8.1600000000000000e+003	 -5.1579693788509690e+002	 -2.4670473142467051e+002	
  8.1900000000000000e+003	 -5.1579693788509690e+002	 -2.4670473142467051e+002	
  8.2200000000000000e+003	 -5.1579693788509690e+002	 -2.4670473142467051e+002	
  8.2500000000000000e+003	 -5.1579693788509690e+002	 -2.4670473142467051e+002	
  8.2800000000000000e+003	 -5.1579693788509690e+002	 -2.4670473142467051e+002	
  8.3100000000000000e+003	 -5.1579693788509690e+002	 -2.4670473142467051e+002	
  8.3400000000000000e+003	 -5.1579693788509690e+002	 -2.4670473142467051e+002	
  8.3700000000000000e+003	 -5.1579693788509690e+002	 -2.4670473142467051e+002	
  8.4000000000000000e+003	 -5.1579693788509690e+002	 -2.4670473142467051e+002	
  8.4300000000000000e+003	 -5.1579693788509690e+002	 -2.4670473142467051e+002	
  8.4600000000000000e+003	 -5.1579693788509690e+002	 -2.4670473142467051e+002	
  8.4900000000000000e+003	 -5.1579693788509690e+002	 -2.4670473142467051e+002	
  8.5200000000000000e+003	 -5.1579693788509690e+002	 -2.4670473142467051e+002	
  8.5500000000000000e+003	 -5.1579693788509690e+002	 -2.4670473142467051e+002	
  8.5800000000000000e+003	 -5.1579693788509690e+002	 -2.4670473142467051e+002	
  8.6100000000000000e+003	 -5.1579693788509690e+002	 -2.4670473142467051e+002	
  8.6400000000000000e+003	 -5.1579693788509690e+002	 -2.4670473142467051e+002	
  8.6700000000000000e+003	 -5.1579693788509690e+002	 -2.4670473142467051e+002	
  8.7000000000000000e+003	 -5.1579693788509690e+002	 -2.4670473142467051e+002	
  8.7300000000000000e+003	 -5.1579693788509690e+002	 -2.4670473142467051e+002	
  8.7600000000000000e+003	 -5.1579693788509690e+002	 -2.4670473142467051e+002	
  8.7900000000000000e+003	 -5.1579693788509690e+002	 -2.4670473142467051e+002	
  8.8200000000000000e+003	 -5.1579693788509690e+002	 -2.4670473142467051e+002	
  8.8500000000000000e+003	 -5.1579693788509690e+002	 -2.4670473142467051e+002	
  8.8800000000000000e+003	 -5.1579693788509690e+002	 -2.4670473142467051e+002	
  8.9100000000000000e+003	 -5.1579693788509690e+002	 -2.4670473142467051e+002	
  8.9400000000000000e+003	 -5.1579693788509690e+002	 -2.4670473142467051e+002	
  8.9700000000000000e+003	 -5.1579693788509690e+002	 -2.4670473142467051e+002	
  9.0000000000000000e+003	 -5.1579693788509690e+002	 -2.4670473142467051e+002	
  9.0300000000000000e+003	 -5.1579693788509690e+002	 -2.4670473142467051e+002	
  9.0600000000000000e+003	 -5.1579693788509690e+002	 -2.4670473142467051e+002	
  9.0900000000000000e+003	 -5.1579693788509690e+002	 -2.4670473142467051e+002	
  9.1200000000000000e+003	 -5.1322808431428712e+002	 -2.4901809021264162e+002	
  9.1500000000000000e+003	 -4.8335570157395671e+002	 -2.7591940522539062e+002	
  9.1800000000000000e+003	 -4.9831755162522956e+002	 -2.8588836092611319e+002	
  9.2100000000000000e+003	 -5.2243013008119408e+002	 -2.9846718844823499e+002	
  9.2400000000000000e+003	 -5.5227954251930657e+002	 -3.2106455228663890e+002	
  9.2700000000000000e+003	 -5.7262732664702889e+002	 -3.4789198159812167e+002	
  9.3000000000000000e+003	 -5.8517662924109561e+002	 -3.3275286650988141e+002	
  9.3300000000000000e+003	 -5.7809524591470802e+002	 -3.2061929113745549e+002	
  9.3600000000000000e+003	 -5.8221858453451000e+002	 -2.8844863344189253e+002	
  9.3900000000000000e+003	 -5.6142259613675822e+002	 -2.9345792718990998e+002	
  9.4200000000000000e+003	 -5.5846454880476699e+002	 -2.8188093484633708e+002	
  9.4500000000000000e+003	 -5.9718810905176065e+002	 -2.9334660692990622e+002	
  9.4800000000000000e+003	 -5.9772033483007681e+002	 -2.9139855510795621e+002	
  9.5100000000000000e+003	 -5.7450972556711008e+002	 -2.9103120370874205e+002	
  9.5400000000000000e+003	 -5.6733870740051805e+002	 -2.9265643359877782e+002	
  9.5700000000000000e+003	 -5.7687616743518720e+002	 -2.9779928636789089e+002	
  9.6000000000000000e+003	 -5.8099951081411166e+002	 -3.0510168966196812e+002	
  9.6300000000000000e+003	 -5.7128276411061199e+002	 -3.0191801762455270e+002	
  9.6600000000000000e+003	 -5.7400856857498957e+002	 -2.9807757672692020e+002	
  9.6900000000000000e+003	 -5.7855157601561893e+002	 -2.9167684189753271e+002	
  9.7200000000000000e+003	 -5.8309458345624830e+002	 -2.8527610706814528e+002	
  9.7500000000000000e+003	 -5.8763759089687778e+002	 -2.7887537223875773e+002	
  9.7800000000000000e+003	 -5.8309702958736011e+002	 -2.7923159208869976e+002	
  9.8100000000000000e+003	 -5.5161622172266084e+002	 -2.9279001581711594e+002	
  9.8400000000000000e+003	 -5.6459578026586223e+002	 -2.8847092198987428e+002	
  9.8700000000000000e+003	 -5.8946131900734542e+002	 -3.0710539323451587e+002	
  9.9000000000000000e+003	 -5.8535590930295109e+002	 -3.1215920012158614e+002	
  9.9300000000000000e+003	 -5.8038997461582869e+002	 -3.0140594910235978e+002	
  9.9600000000000000e+003	 -5.8632399234615093e+002	 -3.0069353068131142e+002	
  9.9900000000000000e+003	 -5.8506907388066065e+002	 -3.0637069740374579e+002	
  1.0020000000000000e+004	 -5.7605150064187364e+002	 -3.0550243195005618e+002	
  1.0050000000000000e+004	 -5.6760760736570546e+002	 -3.0403305168846612e+002	
  1.0080000000000000e+004	 -5.8643156511202153e+002	 -2.5939488251200351e+002	
  1.0110000000000000e+004	 -5.8096364823663066e+002	 -2.8377333131385393e+002	
  1.0140000000000000e+004	 -5.7764705141267939e+002	 -2.9846718844823499e+002	
  1.0170000000000000e+004	 -5.8462358090638759e+002	 -2.9204019943472099e+002	
  1.0200000000000000e+004	 -5.9857663989380410e+002	 -2.7918622140769298e+002	
  1.0230000000000000e+004	 -6.0122181036074790e+002	 -2.8277146636971236e+002	
  1.0260000000000000e+004	 -6.0358118312134548e+002	 -2.8004135362682234e+002	
  1.0290000000000000e+004	 -6.0947961502283943e+002	 -2.7321607176959753e+002	
  1.0320000000000000e+004	 -6.1537804692433338e+002	 -2.6639078991237261e+002	
  1.0350000000000000e+004	 -6.2127647882582744e+002	 -2.5956550805514775e+002	
  1.0380000000000000e+004	 -6.2717491072732139e+002	 -2.5274022619792285e+002	
  1.0410000000000000e+004	 -6.3307334262881534e+002	 -2.4591494434069790e+002	
  1.0440000000000000e+004	 -6.3897177453030940e+002	 -2.3908966248347303e+002	
  1.0470000000000000e+004	 -6.4487020643180347e+002	 -2.3226438062624814e+002	
  1.0500000000000000e+004	 -6.5076863833329730e+002	 -2.2543909876902325e+002	
  1.0530000000000000e+004	 -6.3451330111433776e+002	 -2.6887910624327986e+002	
  1.0560000000000000e+004	 -6.5321175544285734e+002	 -3.2562856191079476e+002	
  1.0590000000000000e+004	 -6.4814431991313836e+002	 -3.2451623762342109e+002	
  1.0620000000000000e+004	 -6.3969859403027317e+002	 -3.2266236381113174e+002	
  1.0650000000000000e+004	 -6.3125286814740809e+002	 -3.2080848999884239e+002	
  1.0680000000000000e+004	 -6.2280714226454302e+002	 -3.1895461618655304e+002	
  1.0710000000000000e+004	 -6.1436141638167794e+002	 -3.1710074237426363e+002	
  1.0740000000000000e+004	 -6.0591569049881275e+002	 -3.1524686856197428e+002	
  1.0770000000000000e+004	 -5.9746996461594779e+002	 -3.1339299474968493e+002	
  1.0800000000000000e+004	 -5.8902423873308248e+002	 -3.1153912093739547e+002	
  1.0830000000000000e+004	 -5.8057851285021752e+002	 -3.0968524712510612e+002	
  1.0860000000000000e+004	 -5.6931073109300473e+002	 -2.9874547269018979e+002	
  1.0890000000000000e+004	 -5.6420137102996102e+002	 -3.0603675507846202e+002	
  1.0920000000000000e+004	 -5.6420137102996102e+002	 -3.0603675507846202e+002	
  1.0950000000000000e+004	 -5.6420137102996102e+002	 -3.0603675507846202e+002	
  1.0980000000000000e+004	 -5.6420137102996102e+002	 -3.0603675507846202e+002	
  1.1010000000000000e+004	 -5.6420137102996102e+002	 -3.0603675507846202e+002	
  1.1040000000000000e+004	 -5.6420137102996102e+002	 -3.0603675507846202e+002	
  1.1070000000000000e+004	 -5.6420137102996102e+002	 -3.0603675507846202e+002	
  1.1100000000000000e+004	 -5.6420137102996102e+002	 -3.0603675507846202e+002	
  1.1130000000000000e+004	 -5.6420137102996102e+002	 -3.0603675507846202e+002	
  1.1160000000000000e+004	 -5.6420137102996102e+002	 -3.0603675507846202e+002	
  1.1190000000000000e+004	 -5.6420137102996102e+002	 -3.0603675507846202e+002	
  1.1220000000000000e+004	 -5.6420137102996102e+002	 -3.0603675507846202e+002	
  1.1250000000000000e+004	 -5.7083457835100091e+002	 -3.2668606469020835e+002	
  1.1280000000000000e+004	 -5.3134910515572005e+002	 -2.7475664351371262e+002	
  1.1310000000000000e+004	 -5.8259615133568900e+002	 -3.0910976959296403e+002	
  1.1340000000000000e+004	 -5.7436630706255573e+002	 -2.8488650091122452e+002	
  1.1370000000000000e+004	 -5.9369222233253049e+002	 -2.8210356718457405e+002	
  1.1400000000000000e+004	 -6.0086325494448295e+002	 -2.7676035905586673e+002	
  1.1430000000000000e+004	 -6.0086325494448295e+002	 -2.7676035905586673e+002	
  1.1460000000000000e+004	 -6.0086325494448295e+002	 -2.7676035905586673e+002	
  1.1490000000000000e+004	 -6.0086325494448295e+002	 -2.7676035905586673e+002	
  1.1520000000000000e+004	 -6.0086325494448295e+002	 -2.7676035905586673e+002	
  1.1550000000000000e+004	 -6.0086325494448295e+002	 -2.7676035905586673e+002	
  1.1580000000000000e+004	 -6.0086325494448295e+002	 -2.7676035905586673e+002	
  1.1610000000000000e+004	 -6.0086325494448295e+002	 -2.7676035905586673e+002	
  1.1640000000000000e+004	 -6.0086325494448295e+002	 -2.7676035905586673e+002	
  1.1670000000000000e+004	 -6.0086325494448295e+002	 -2.7676035905586673e+002	
  1.1700000000000000e+004	 -6.0086325494448295e+002	 -2.7676035905586673e+002	
  1.1730000000000000e+004	 -6.0086325494448295e+002	 -2.7676035905586673e+002	
  1.1760000000000000e+004	 -6.0086325494448295e+002	 -2.7676035905586673e+002	
  1.1790000000000000e+004	 -5.9431505069868319e+002	 -2.8973910741323505e+002	
  1.1820000000000000e+004	 -5.7620703378092003e+002	 -3.2562977086915350e+002	
  1.1850000000000000e+004	 -6.0941470360673304e+002	 -3.4096805465131882e+002	
  1.1880000000000000e+004	 -6.2103176661854400e+002	 -3.6904222935246287e+002	
  1.1910000000000000e+004	 -5.9859495693397514e+002	 -3.4581468863416683e+002	
  1.1940000000000000e+004	 -5.7270633037485743e+002	 -3.1901368011305601e+002	
  1.1970000000000000e+004	 -5.4681770381573983e+002	 -2.9221267159194520e+002	
  1.2000000000000000e+004	 -5.2092907725662201e+002	 -2.6541166307083438e+002	
  1.2030000000000000e+004	 -5.7015332417578884e+002	 -2.8951729109990572e+002	
  1.2060000000000000e+004	 -5.7346992858355520e+002	 -2.7509058924161997e+002	
  1.2090000000000000e+004	 -5.7818487749247595e+002	 -2.7598113946457948e+002	
  1.2120000000000000e+004	 -5.7731675518169106e+002	 -2.7615537243582122e+002	
  1.2150000000000000e+004	 -5.7586988466371645e+002	 -2.7644576072122396e+002	
  1.2180000000000000e+004	 -5.7442301414574172e+002	 -2.7673614900662682e+002	
  1.2210000000000000e+004	 -5.7297614362776699e+002	 -2.7702653729202962e+002	
  1.2240000000000000e+004	 -5.7152927310979237e+002	 -2.7731692557743247e+002	
  1.2270000000000000e+004	 -5.7008240259181764e+002	 -2.7760731386283527e+002	
  1.2300000000000000e+004	 -5.7762912276826910e+002	 -2.8677889075836913e+002	
  1.2330000000000000e+004	 -5.8885177850034938e+002	 -2.8677888934189889e+002	
  1.2360000000000000e+004	 -5.8429528866517467e+002	 -2.9142283172987146e+002	
  1.2390000000000000e+004	 -5.7453138187551428e+002	 -3.0137413684695576e+002	
  1.2420000000000000e+004	 -5.6476747508585390e+002	 -3.1132544196404001e+002	
  1.2450000000000000e+004	 -5.5500356829619363e+002	 -3.2127674708112426e+002	
  1.2480000000000000e+004	 -5.4523966150653325e+002	 -3.3122805219820850e+002	
  1.2510000000000000e+004	 -5.6397728091970771e+002	 -3.0642635655587435e+002	
  1.2540000000000000e+004	 -5.6796616146252381e+002	 -3.0470093391883711e+002	
  1.2570000000000000e+004	 -5.6137778797718033e+002	 -3.0214065094964360e+002	
  1.2600000000000000e+004	 -5.7863306639084624e+002	 -2.8883826203220030e+002	
  1.2630000000000000e+004	 -5.8687975208457988e+002	 -2.9039669598448620e+002	
  1.2660000000000000e+004	 -5.8750721807114235e+002	 -2.9078631366785623e+002	
  1.2690000000000000e+004	 -5.8750721807114235e+002	 -2.9078631366785623e+002	
  1.2720000000000000e+004	 -5.8750721807114235e+002	 -2.9078631366785623e+002	
  1.2750000000000000e+004	 -5.8750721807114235e+002	 -2.9078631366785623e+002	
  1.2780000000000000e+004	 -5.8750721807114235e+002	 -2.9078631366785623e+002	
  1.2810000000000000e+004	 -5.8750721807114235e+002	 -2.9078631366785623e+002	
  1.2840000000000000e+004	 -5.8750721807114235e+002	 -2.9078631366785623e+002	
  1.2870000000000000e+004	 -5.8750721807114235e+002	 -2.9078631366785623e+002	
  1.2900000000000000e+004	 -5.8750721807114235e+002	 -2.9078631366785623e+002	
  1.2930000000000000e+004	 -5.8750721807114235e+002	 -2.9078631366785623e+002	
  1.2960000000000000e+004	 -5.8750721807114235e+002	 -2.9078631366785623e+002	
  1.2990000000000000e+004	 -5.8750721807114235e+002	 -2.9078631366785623e+002	
  1.3020000000000000e+004	 -5.8750721807114235e+002	 -2.9078631366785623e+002	
  1.3050000000000000e+004	 -5.8750721807114235e+002	 -2.9078631366785623e+002	
  1.3080000000000000e+004	 -5.7584533286683438e+002	 -2.8617778508140657e+002	
  1.3110000000000000e+004	 -5.7821176708871769e+002	 -3.0318701299095301e+002	
  1.3140000000000000e+004	 -5.6379799754618966e+002	 -2.9884567521611859e+002	
  1.3170000000000000e+004	 -5.7143514858503090e+002	 -2.9261191044440915e+002	
  1.3200000000000000e+004	 -5.7166821122423221e+002	 -2.9565086639703770e+002	
  1.3230000000000000e+004	 -5.4736738437280712e+002	 -3.0909796562438521e+002	
  1.3260000000000000e+004	 -5.4967108133516922e+002	 -2.9960262196505647e+002	
  1.3290000000000000e+004	 -5.5412607474809806e+002	 -2.8982898143944402e+002	
  1.3320000000000000e+004	 -5.7724368852003522e+002	 -2.8458595301539515e+002	
  1.3350000000000000e+004	 -6.0197476986637480e+002	 -2.9444863763677614e+002	
  1.3380000000000000e+004	 -6.0776536673083501e+002	 -2.9486051817147603e+002	
  1.3410000000000000e+004	 -6.0184030613653192e+002	 -2.8864901904838030e+002	
  1.3440000000000000e+004	 -6.1826196131446886e+002	 -2.9710912619781129e+002	
  1.3470000000000000e+004	 -6.2657139465978798e+002	 -2.7299783497987818e+002	
  1.3500000000000000e+004	 -6.0283528617922286e+002	 -2.8294958505977576e+002	
  1.3530000000000000e+004	 -5.6717735588277230e+002	 -3.0607015059080925e+002	
  1.3560000000000000e+004	 -5.6442546708516841e+002	 -3.1103487318605903e+002	
  1.3590000000000000e+004	 -5.5998839003029661e+002	 -3.0965455676850627e+002	
  1.3620000000000000e+004	 -5.7278868272468412e+002	 -2.9646347605233950e+002	
  1.3650000000000000e+004	 -5.9452585689563784e+002	 -2.8200338444747922e+002	
  1.3680000000000000e+004	 -5.9402388732727559e+002	 -2.9353583768111810e+002	
  1.3710000000000000e+004	 -5.9179189903930501e+002	 -2.8381787116347823e+002	
  1.3740000000000000e+004	 -5.8532005949439497e+002	 -2.9294584433387820e+002	
  1.3770000000000000e+004	 -5.8411890118435554e+002	 -2.9796626570846360e+002	
  1.3800000000000000e+004	 -5.7666103160907937e+002	 -2.9167682983739803e+002	
  1.3830000000000000e+004	 -5.6902420638222327e+002	 -3.0563122826235332e+002	
  1.3860000000000000e+004	 -5.5140076355101712e+002	 -3.3783368616609613e+002	
  1.3890000000000000e+004	 -5.4387151555620062e+002	 -3.7992902617485055e+002	
  1.3920000000000000e+004	 -5.4731359969726589e+002	 -3.1430760874764388e+002	
  1.3950000000000000e+004	 -5.4907947219072264e+002	 -3.0067125267164931e+002	
  1.3980000000000000e+004	 -5.4154093006177004e+002	 -2.5858226839744719e+002	
  1.4010000000000000e+004	 -4.9491131795985876e+002	  7.5657769860063890e+000	
  1.4040000000000000e+004	 -4.7436632336800841e+002	  6.4259545550045047e+001	
  1.4070000000000000e+004	 -4.8147460268585962e+002	  3.7365370007847671e+000	
  1.4100000000000000e+004	 -4.9571805330862219e+002	 -6.6081637251359069e+001	
  1.4130000000000000e+004	 -5.0555133415682837e+002	 -1.0384039487694176e+002	
  1.4160000000000000e+004	 -5.1179011794081526e+002	 -1.3332826901688784e+002	
  1.4190000000000000e+004	 -5.1771518175773804e+002	 -1.4946924766804926e+002	
  1.4220000000000000e+004	 -5.3667359007941013e+002	 -2.0997009075782952e+002	
  1.4250000000000000e+004	 -5.7606942083826686e+002	 -2.9905716393234150e+002	
  1.4280000000000000e+004	 -5.7534336358518135e+002	 -2.9811096880311391e+002	
  1.4310000000000000e+004	 -5.7302173908292184e+002	 -2.9194400935059195e+002	
  1.4340000000000000e+004	 -5.7952944043278001e+002	 -2.9006274489280486e+002	
  1.4370000000000000e+004	 -5.7903644295225206e+002	 -2.9635215191756259e+002	
  1.4400000000000000e+004	 -5.8723830571200926e+002	 -2.8833733710192234e+002	
  1.4430000000000000e+004	 -5.7606943180772259e+002	 -2.9821116227774280e+002	
  1.4460000000000000e+004	 -5.7345629037855429e+002	 -3.0302133701247965e+002	
  1.4490000000000000e+004	 -5.5741666851826699e+002	 -3.0774984867502366e+002	
  1.4520000000000000e+004	 -5.4137704665797969e+002	 -3.1247836033756766e+002	
  1.4550000000000000e+004	 -5.2533742479769239e+002	 -3.1720687200011173e+002	
  1.4580000000000000e+004	 -5.2434838836043946e+002	 -3.2282336602427915e+002	
  1.4610000000000000e+004	 -5.5328347843655865e+002	 -3.2079739429402252e+002	
  1.4640000000000000e+004	 -5.7169509349356690e+002	 -2.9873434418917140e+002	
  1.4670000000000000e+004	 -5.6832471706426077e+002	 -2.9802191336741618e+002	
  1.4700000000000000e+004	 -5.7467108196393258e+002	 -3.0013693741466426e+002	
  1.4730000000000000e+004	 -5.7845379480171391e+002	 -3.0165086391484135e+002	
  1.4760000000000000e+004	 -5.8487185750878211e+002	 -3.0071578871180384e+002	
  1.4790000000000000e+004	 -5.7911711491546919e+002	 -2.9690874418620695e+002	
  1.4820000000000000e+004	 -5.8173453683811090e+002	 -2.9610727167955292e+002	
  1.4850000000000000e+004	 -5.8592958955892914e+002	 -2.9880112839232277e+002	
  1.4880000000000000e+004	 -5.9145128333173068e+002	 -2.9844492673233867e+002	
  1.4910000000000000e+004	 -5.9146920452929589e+002	 -2.9679742975018308e+002	
  1.4940000000000000e+004	 -5.8598337573701997e+002	 -3.0394399069775989e+002	
  1.4970000000000000e+004	 -5.8566067443200814e+002	 -2.9862302063199024e+002	
  1.5000000000000000e+004	 -5.8815260647604305e+002	 -2.9837813678779588e+002	
  1.5030000000000000e+004	 -5.9078795631454182e+002	 -2.9873434701628895e+002	
  1.5060000000000000e+004	 -5.9216838623534898e+002	 -2.9995882900124633e+002	
  1.5090000000000000e+004	 -5.9075211354476392e+002	 -2.9897925489679471e+002	
  1.5120000000000000e+004	 -5.9012464361391130e+002	 -2.9986977381515675e+002	
  1.5150000000000000e+004	 -5.9068039406196510e+002	 -3.0231875963827360e+002	
  1.5180000000000000e+004	 -5.7974457697338448e+002	 -2.9009612818898165e+002	
  1.5210000000000000e+004	 -5.8908484098944155e+002	 -3.0374361551231419e+002	
  1.5240000000000000e+004	 -5.8895934668178211e+002	 -3.0841893733593326e+002	
  1.5270000000000000e+004	 -5.8220065582699942e+002	 -2.9635215015104751e+002	
  1.5300000000000000e+004	 -5.6886254481479477e+002	 -2.8880486500289851e+002	
  1.5330000000000000e+004	 -5.7755741427688940e+002	 -3.0574732725310923e+002	
  1.5360000000000000e+004	 -5.5787294593762897e+002	 -2.7738373410652321e+002	
  1.5390000000000000e+004	 -5.7727057389747790e+002	 -3.0721671183856859e+002	
  1.5420000000000000e+004	 -5.9331574755348436e+002	 -3.2738737011887639e+002	
  1.5450000000000000e+004	 -6.0534515111878579e+002	 -3.3949865902083781e+002	
  1.5480000000000000e+004	 -5.8492564699807724e+002	 -3.2374358345090610e+002	
  1.5510000000000000e+004	 -5.3348248706000811e+002	 -2.8510914963056052e+002	
  1.5540000000000000e+004	 -5.4798588579915781e+002	 -2.9237813540534233e+002	
  1.5570000000000000e+004	 -5.5663593480721511e+002	 -2.8203677743912067e+002	
  1.5600000000000000e+004	 -5.5936092867470325e+002	 -2.8176962486964737e+002	
  1.5630000000000000e+004	 -5.7604722943341665e+002	 -2.9093154574322909e+002	
  1.5660000000000000e+004	 -5.9330891987346513e+002	 -3.0040939492279654e+002	
  1.5690000000000000e+004	 -6.1057061031351361e+002	 -3.0988724410236392e+002	
  1.5720000000000000e+004	 -5.8078438150358829e+002	 -2.9523899171147650e+002	
  1.5750000000000000e+004	 -5.8415476047202105e+002	 -3.0091615475189917e+002	
  1.5780000000000000e+004	 -6.0679728192370180e+002	 -3.2251168804024343e+002	
  1.5810000000000000e+004	 -6.4810239981116490e+002	 -3.5819995771885016e+002	
  1.5840000000000000e+004	 -6.4173811684237808e+002	 -3.5169902849020565e+002	
  1.5870000000000000e+004	 -6.2626662040545136e+002	 -3.3328718025641757e+002	
  1.5900000000000000e+004	 -5.9480373686243979e+002	 -3.0532432661155207e+002	
  1.5930000000000000e+004	 -5.8686181811637675e+002	 -3.0527978797635666e+002	
  1.5960000000000000e+004	 -5.8779406032781822e+002	 -2.9581782984858245e+002	
  1.5990000000000000e+004	 -5.9837132098975519e+002	 -3.0804046292521952e+002	
  1.6020000000000000e+004	 -5.8804504755186258e+002	 -3.0278629248000982e+002	
  1.6050000000000000e+004	 -5.8560689942509123e+002	 -3.1048943267322295e+002	
  1.6080000000000000e+004	 -5.7671481778650434e+002	 -3.0933173111082897e+002	
  1.6110000000000000e+004	 -5.7208950502814082e+002	 -3.0418889127997500e+002	
  1.6140000000000000e+004	 -5.8180624850410697e+002	 -3.0291987114452849e+002	
  1.6170000000000000e+004	 -5.8444160026139366e+002	 -3.0062673342320511e+002	
  1.6200000000000000e+004	 -5.8677218364662963e+002	 -3.0461188093054614e+002	
  1.6230000000000000e+004	 -5.7761119224768822e+002	 -3.0545790745245620e+002	
  1.6260000000000000e+004	 -5.4598695886967676e+002	 -2.7226313900997593e+002	
  1.6290000000000000e+004	 -5.7741399728244755e+002	 -2.9258963948179064e+002	
  1.6320000000000000e+004	 -5.5355240000593074e+002	 -2.7745051564229664e+002	
  1.6350000000000000e+004	 -5.2122898437952642e+002	 -2.4937635405607790e+002	
  1.6380000000000000e+004	 -5.2384641433375725e+002	 -2.5198116627723076e+002	
  1.6410000000000000e+004	 -5.2173096312696180e+002	 -2.5298303085508596e+002	
  1.6440000000000000e+004	 -5.3879801024368408e+002	 -2.7177334502702200e+002	
  1.6470000000000000e+004	 -5.2348786599772677e+002	 -2.6177708535298501e+002	
  1.6500000000000000e+004	 -5.2671482288617199e+002	 -2.6053031759658387e+002	
  1.6530000000000000e+004	 -4.9071626554564307e+002	 -2.3161013775629604e+002	
  1.6560000000000000e+004	 -5.2205366020473718e+002	 -2.4340975090572010e+002	
  1.6590000000000000e+004	 -6.2960114888296584e+002	 -3.2102003089503296e+002	
  1.6620000000000000e+004	 -5.5941471127530406e+002	 -2.4345428892326532e+002	
  1.6650000000000000e+004	 -5.4286182361050794e+002	 -2.3069920877229336e+002	
  1.6680000000000000e+004	 -5.5021389494828315e+002	 -2.4423821705947026e+002	
  1.6710000000000000e+004	 -5.5756596628605837e+002	 -2.5777722534664713e+002	
  1.6740000000000000e+004	 -5.6491803762383358e+002	 -2.7131623363382397e+002	
  1.6770000000000000e+004	 -5.7227010896160891e+002	 -2.8485524192100087e+002	
  1.6800000000000000e+004	 -5.7962218029938413e+002	 -2.9839425020817771e+002	
  1.6830000000000000e+004	 -5.8697425163715934e+002	 -3.1193325849535455e+002	
  1.6860000000000000e+004	 -5.6180803865901373e+002	 -2.9974731634290265e+002	
  1.6890000000000000e+004	 -5.6926591371041570e+002	 -3.0379927321012076e+002	
  1.6920000000000000e+004	 -5.6607480519642525e+002	 -2.9753212190035447e+002	
  1.6950000000000000e+004	 -5.7020711408770126e+002	 -2.9964713907353587e+002	
  1.6980000000000000e+004	 -4.4125409260371390e+002	 -2.2902758189150396e+002	
  1.7010000000000000e+004	 -4.5669871389852733e+002	 -2.3994779335089487e+002	
  1.7040000000000000e+004	 -4.7231361526065791e+002	 -2.4808508247525569e+002	
  1.7070000000000000e+004	 -5.3502426460899824e+002	 -2.8189207663721334e+002	
  1.7100000000000000e+004	 -5.8438782105293365e+002	 -3.0350983919556450e+002	
  1.7130000000000000e+004	 -5.6750004594941186e+002	 -2.8469726929605861e+002	
  1.7160000000000000e+004	 -5.7885716298085856e+002	 -3.0493471162430126e+002	
  1.7190000000000000e+004	 -5.9610348985172345e+002	 -3.1001076515806591e+002	
  1.7220000000000000e+004	 -5.9250004546373441e+002	 -3.0167311541081136e+002	
  1.7250000000000000e+004	 -5.8989158444895020e+002	 -3.2133172420816612e+002	
  1.7280000000000000e+004	 -5.9888226608168623e+002	 -3.1908310116309059e+002	
  1.7310000000000000e+004	 -5.8861873006705639e+002	 -3.1593284732203296e+002	
  1.7340000000000000e+004	 -5.7521787197421884e+002	 -3.0837440159671871e+002	
  1.7370000000000000e+004	 -5.7166820438937032e+002	 -3.0704973164908449e+002	
  1.7400000000000000e+004	 -5.8294465230401397e+002	 -3.1046717647714979e+002	
  1.7430000000000000e+004	 -5.5403644231497492e+002	 -2.9782154229422042e+002	
  1.7460000000000000e+004	 -5.7188333757419241e+002	 -3.0290872913978058e+002	
  1.7490000000000000e+004	 -5.8023759281531693e+002	 -3.0750612864722018e+002	
  1.7520000000000000e+004	 -5.7207158140298463e+002	 -3.0083823699577772e+002	
  1.7550000000000000e+004	 -6.0671660775377063e+002	 -3.1655622372819363e+002	
  1.7580000000000000e+004	 -5.6758072932476102e+002	 -2.9628537471279799e+002	
  1.7610000000000000e+004	 -5.3875319660718822e+002	 -2.8146906409451822e+002	
  1.7640000000000000e+004	 -5.7329962110808083e+002	 -3.0034844901673983e+002	
  1.7670000000000000e+004	 -5.8524833590544756e+002	 -3.0440038526547625e+002	
  1.7700000000000000e+004	 -5.8770441357726600e+002	 -3.0796254324795700e+002	
  1.7730000000000000e+004	 -5.7935016729688027e+002	 -3.0513507018261436e+002	
  1.7760000000000000e+004	 -5.8166283259172440e+002	 -3.0368795594360438e+002	
  1.7790000000000000e+004	 -5.8113397029139617e+002	 -3.0422228610796077e+002	
  1.7820000000000000e+004	 -5.8405615429768829e+002	 -3.0499035696879997e+002	
  1.7850000000000000e+004	 -5.7546885858086807e+002	 -2.9983637641069674e+002	
  1.7880000000000000e+004	 -5.8170764917350630e+002	 -3.0231876178238508e+002	
  1.7910000000000000e+004	 -5.8625228351552482e+002	 -3.0609240386129693e+002	
  1.7940000000000000e+004	 -6.0162518086681018e+002	 -3.1618887259001957e+002	
  1.7970000000000000e+004	 -6.0164310611241763e+002	 -3.1745789033171548e+002	
  1.8000000000000000e+004	 -5.9201600189489579e+002	 -3.1578812829795476e+002	
  1.8030000000000000e+004	 -5.8656602276763329e+002	 -3.1535398617926660e+002	
  1.8060000000000000e+004	 -5.8976609207896229e+002	 -3.1883820583258074e+002	
  1.8090000000000000e+004	 -5.9177396998494771e+002	 -3.1942818751748416e+002	
  1.8120000000000000e+004	 -5.9125408652297085e+002	 -3.1625566030494667e+002	
  1.8150000000000000e+004	 -6.0246777228443705e+002	 -3.2096438055802122e+002	
  1.8180000000000000e+004	 -5.9300201078555642e+002	 -3.1002190040813741e+002	
  1.8210000000000000e+004	 -5.8257713672879959e+002	 -3.0391060765848101e+002	
  1.8240000000000000e+004	 -5.8413682769620812e+002	 -3.0249685983580719e+002	
  1.8270000000000000e+004	 -5.9619312826934674e+002	 -3.0719444978423996e+002	
  1.8300000000000000e+004	 -5.9246419069056412e+002	 -3.1020000898048579e+002	
  1.8330000000000000e+004	 -5.9351295724760496e+002	 -3.1127979579552635e+002	
  1.8360000000000000e+004	 -5.9411352456478676e+002	 -3.1067867908144387e+002	
  1.8390000000000000e+004	 -5.8861872307232863e+002	 -3.1635583799498079e+002	
  1.8420000000000000e+004	 -5.8286397001555531e+002	 -3.1712392295649170e+002	
  1.8450000000000000e+004	 -5.1862052266059732e+002	 -2.9380299118625015e+002	
  1.8480000000000000e+004	 -5.5693174877542992e+002	 -3.0894211887901150e+002	
  1.8510000000000000e+004	 -5.9399699253147912e+002	 -3.2365824070856428e+002	
  1.8540000000000000e+004	 -6.0772952217410216e+002	 -3.3088272465578615e+002	
  1.8570000000000000e+004	 -6.1486469160480908e+002	 -3.2983633678256285e+002	
  1.8600000000000000e+004	 -5.9885537132764114e+002	 -3.2529460413748689e+002	
  1.8630000000000000e+004	 -5.6406692020377989e+002	 -3.0707201145837820e+002	
  1.8660000000000000e+004	 -6.0044196121218692e+002	 -3.1650055504966616e+002	
  1.8690000000000000e+004	 -5.9374600172583905e+002	 -3.1051170488560945e+002	
  1.8720000000000000e+004	 -5.9886432357610443e+002	 -3.1309425578137405e+002	
  1.8750000000000000e+004	 -5.9702675650190156e+002	 -3.1331689552664551e+002	
  1.8780000000000000e+004	 -5.9497404550213218e+002	 -3.1358405267582600e+002	
  1.8810000000000000e+004	 -5.8963163156960366e+002	 -3.1289386840648694e+002	
  1.8840000000000000e+004	 -5.8953303606497479e+002	 -3.1267124630379647e+002	
  1.8870000000000000e+004	 -5.8590269123069777e+002	 -3.1228162997791350e+002	
  1.8900000000000000e+004	 -5.8871732813053927e+002	 -3.1166940023117741e+002	
  1.8930000000000000e+004	 -5.8065888319773501e+002	 -3.1241522259668847e+002	
  1.8960000000000000e+004	 -5.9295719043180566e+002	 -3.1162486200101182e+002	
  1.8990000000000000e+004	 -6.0135626693790596e+002	 -3.1554322935423244e+002	
  1.9020000000000000e+004	 -6.0585607934074562e+002	 -3.2060815397426256e+002	
  1.9050000000000000e+004	 -6.0376752203788226e+002	 -3.2025193429676028e+002	
  1.9080000000000000e+004	 -6.0046884793169897e+002	 -3.1513136719199451e+002	
  1.9110000000000000e+004	 -5.9627380259471033e+002	 -3.1309426557003843e+002	
  1.9140000000000000e+004	 -6.0472664671092753e+002	 -3.2110908552558732e+002	
  1.9170000000000000e+004	 -5.8866354921835534e+002	 -3.0855250310935804e+002	
  1.9200000000000000e+004	 -5.9715225475481316e+002	 -3.1499775863324800e+002	
  1.9230000000000000e+004	 -5.9426590691984961e+002	 -3.1304972925198314e+002	
  1.9260000000000000e+004	 -5.8496149525154021e+002	 -3.0532432442327593e+002	
  1.9290000000000000e+004	 -5.7635627346842398e+002	 -2.9757664155239166e+002	
  1.9320000000000000e+004	 -5.7745881146516365e+002	 -2.9698666467382765e+002	
  1.9350000000000000e+004	 -5.6823507938205159e+002	 -2.9138742116204691e+002	
  1.9380000000000000e+004	 -5.6488262788977079e+002	 -2.9245606412509932e+002	
  1.9410000000000000e+004	 -5.6568039675042291e+002	 -2.9374734817720122e+002	
  1.9440000000000000e+004	 -5.5976429441056212e+002	 -2.8804790372471018e+002	
  1.9470000000000000e+004	 -5.6746418820126667e+002	 -2.9862302929872965e+002	
  1.9500000000000000e+004	 -5.8570548893119781e+002	 -3.0748386229372750e+002	
  1.9530000000000000e+004	 -5.9256280056745368e+002	 -3.1097922523903003e+002	
  1.9560000000000000e+004	 -5.9474098887596608e+002	 -3.1635583799498079e+002	
  1.9590000000000000e+004	 -5.9726877415040872e+002	 -3.2000703215070541e+002	
  1.9620000000000000e+004	 -6.1209487634395623e+002	 -3.3098291419331821e+002	
  1.9650000000000000e+004	 -6.1353804585401838e+002	 -3.2451538523874456e+002	
  1.9680000000000000e+004	 -6.0485213683175175e+002	 -3.2258959594309590e+002	
  1.9710000000000000e+004	 -6.1104611185256772e+002	 -3.2569534613329034e+002	
  1.9740000000000000e+004	 -6.0402746413387831e+002	 -3.1608868504656544e+002	
  1.9770000000000000e+004	 -5.9806655571990689e+002	 -3.1597737540195601e+002	
  1.9800000000000000e+004	 -6.0244984455443341e+002	 -3.2039665303690265e+002	
  1.9830000000000000e+004	 -5.9853267874426388e+002	 -3.1411837732483235e+002	
  1.9860000000000000e+004	 -6.0216300463474045e+002	 -3.2587344483182341e+002	
  1.9890000000000000e+004	 -6.0023579497739343e+002	 -3.0792913562317079e+002	
  1.9920000000000000e+004	 -6.0208232801210738e+002	 -3.3076027923996469e+002	
  1.9950000000000000e+004	 -5.8193174731042961e+002	 -3.0159520094764025e+002	
  1.9980000000000000e+004	 -5.9100308576358361e+002	 -2.9445975622076651e+002	
  2.0010000000000000e+004	 -6.2392086763410737e+002	 -3.3279565708287703e+002	
  2.0040000000000000e+004	 -5.9026805593376969e+002	 -3.0191801166420640e+002	
  2.0070000000000000e+004	 -5.9912428675589786e+002	 -3.0447831721035146e+002	
  2.0100000000000000e+004	 -6.0324762112156259e+002	 -3.1117959179626132e+002	
  2.0130000000000000e+004	 -6.2006367771557530e+002	 -3.2890128314301160e+002	
  2.0160000000000000e+004	 -6.2262732100157962e+002	 -3.2663041426666211e+002	
  2.0190000000000000e+004	 -6.1127916805035818e+002	 -2.9966941270532146e+002	
  2.0220000000000000e+004	 -6.0586504901537091e+002	 -3.0047089156626220e+002	
  2.0250000000000000e+004	 -5.9971588486534165e+002	 -3.1906084449451754e+002	
  2.0280000000000000e+004	 -5.9794106424916720e+002	 -3.0650427000890102e+002	
  2.0310000000000000e+004	 -5.9751079323127192e+002	 -3.0955436695558802e+002	
  2.0340000000000000e+004	 -5.9713431205609004e+002	 -3.1812577641951691e+002	
  2.0370000000000000e+004	 -5.9720603216157417e+002	 -2.9755437463642511e+002	
  2.0400000000000000e+004	 -6.1968719865413971e+002	 -3.0229649033461635e+002	
  2.0430000000000000e+004	 -5.9835339970014400e+002	 -2.8368428965802991e+002	
  2.0460000000000000e+004	 -6.1183492396449287e+002	 -2.8844865235707363e+002	
  2.0490000000000000e+004	 -5.7945773476723775e+002	 -2.8125756151412560e+002	
  2.0520000000000000e+004	 -5.6292851430338033e+002	 -2.7602566517107596e+002	
  2.0550000000000000e+004	 -5.5864382342826411e+002	 -2.8535404599518381e+002	
  2.0580000000000000e+004	 -6.0347709032443640e+002	 -3.2093099019553085e+002	
  2.0610000000000000e+004	 -5.8914758779735735e+002	 -3.0819630337272537e+002	
  2.0640000000000000e+004	 -5.9424798901288955e+002	 -3.0173990426295046e+002	
  2.0670000000000000e+004	 -6.0473561217575730e+002	 -3.3073800443111537e+002	
  2.0700000000000000e+004	 -5.8687975579063664e+002	 -2.8539854894076979e+002	
  2.0730000000000000e+004	 -6.1143155649046162e+002	 -3.3358772803113828e+002	
  2.0760000000000000e+004	 -5.9838924557034397e+002	 -3.3462297303083903e+002	
  2.0790000000000000e+004	 -6.0033439257626117e+002	 -3.3265268170020170e+002	
  2.0820000000000000e+004	 -5.9719706388298653e+002	 -3.1396252759754105e+002	
  2.0850000000000000e+004	 -5.9418523626948706e+002	 -2.9433732027785265e+002	
  2.0880000000000000e+004	 -5.9378186323793523e+002	 -2.9348018910469602e+002	
  2.0910000000000000e+004	 -5.9713432185433658e+002	 -3.1337255293945589e+002	
  2.0940000000000000e+004	 -6.0779226475903056e+002	 -3.4577695392804418e+002	
  2.0970000000000000e+004	 -6.0309515322353263e+002	 -3.5488861412093189e+002	
  2.1000000000000000e+004	 -5.8059523317345872e+002	 -3.2912227817856746e+002	
  2.1030000000000000e+004	 -5.5809531312338459e+002	 -3.0335594223620313e+002	
  2.1060000000000000e+004	 -5.3559539307331067e+002	 -2.7758960629383876e+002	
  2.1090000000000000e+004	 -5.6292851656977450e+002	 -2.7720562666775220e+002	
  2.1120000000000000e+004	 -5.7217914290373972e+002	 -2.7820748622893893e+002	
  2.1150000000000000e+004	 -6.1346377743682228e+002	 -2.9500046249277659e+002	
  2.1180000000000000e+004	 -6.6506957060317563e+002	 -3.1599168282257364e+002	
  2.1210000000000000e+004	 -7.1667536376952910e+002	 -3.3698290315237068e+002	
  2.1240000000000000e+004	 -6.3178831836744462e+002	 -3.2128719042430265e+002	
  2.1270000000000000e+004	 -6.3178831836744462e+002	 -3.2128719042430265e+002	
  2.1300000000000000e+004	 -6.3178831836744462e+002	 -3.2128719042430265e+002	
  2.1330000000000000e+004	 -6.3178831836744462e+002	 -3.2128719042430265e+002	
  2.1360000000000000e+004	 -6.3178831836744462e+002	 -3.2128719042430265e+002	
  2.1390000000000000e+004	 -6.3178831836744462e+002	 -3.2128719042430265e+002	
  2.1420000000000000e+004	 -6.3178831836744462e+002	 -3.2128719042430265e+002	
  2.1450000000000000e+004	 -6.3178831836744462e+002	 -3.2128719042430265e+002	
  2.1480000000000000e+004	 -6.3178831836744462e+002	 -3.2128719042430265e+002	
  2.1510000000000000e+004	 -6.3178831836744462e+002	 -3.2128719042430265e+002	
  2.1540000000000000e+004	 -6.3178831836744462e+002	 -3.2128719042430265e+002	
  2.1570000000000000e+004	 -6.3178831836744462e+002	 -3.2128719042430265e+002	
  2.1600000000000000e+004	 -6.3178831836744462e+002	 -3.2128719042430265e+002	
  2.1630000000000000e+004	 -6.3178831836744462e+002	 -3.2128719042430265e+002	
  2.1660000000000000e+004	 -6.3178831836744462e+002	 -3.2128719042430265e+002	
  2.1690000000000000e+004	 -6.3178831836744462e+002	 -3.2128719042430265e+002	
  2.1720000000000000e+004	 -6.3178831836744462e+002	 -3.2128719042430265e+002	
  2.1750000000000000e+004	 -6.3178831836744462e+002	 -3.2128719042430265e+002	
  2.1780000000000000e+004	 -6.3178831836744462e+002	 -3.2128719042430265e+002	
  2.1810000000000000e+004	 -6.3178831836744462e+002	 -3.2128719042430265e+002	
  2.1840000000000000e+004	 -6.3178831836744462e+002	 -3.2128719042430265e+002	
  2.1870000000000000e+004	 -6.3178831836744462e+002	 -3.2128719042430265e+002	
  2.1900000000000000e+004	 -6.3178831836744462e+002	 -3.2128719042430265e+002	
  2.1930000000000000e+004	 -6.3178831836744462e+002	 -3.2128719042430265e+002	
  2.1960000000000000e+004	 -6.3178831836744462e+002	 -3.2128719042430265e+002	
  2.1990000000000000e+004	 -6.3178831836744462e+002	 -3.2128719042430265e+002	
  2.2020000000000000e+004	 -6.3178831836744462e+002	 -3.2128719042430265e+002	
  2.2050000000000000e+004	 -6.3178831836744462e+002	 -3.2128719042430265e+002	
  2.2080000000000000e+004	 -6.3178831836744462e+002	 -3.2128719042430265e+002	
  2.2110000000000000e+004	 -6.1006692569056213e+002	 -3.2259242434863370e+002	
  2.2140000000000000e+004	 -5.8428024824284728e+002	 -3.1805901245741040e+002	
  2.2170000000000000e+004	 -5.8480638385484008e+002	 -3.1560519515761047e+002	
  2.2200000000000000e+004	 -6.0794464090803126e+002	 -2.9846718844823499e+002	
  2.2230000000000000e+004	 -5.9757226160464415e+002	 -2.9288543051000977e+002	
  2.2260000000000000e+004	 -5.6645512369448261e+002	 -2.7614015669533399e+002	
  2.2290000000000000e+004	 -5.3533798578432106e+002	 -2.5939488288065826e+002	
  2.2320000000000000e+004	 -5.0422084787415946e+002	 -2.4264960906598250e+002	
  2.2350000000000000e+004	 -4.7310370996399791e+002	 -2.2590433525130675e+002	
  2.2380000000000000e+004	 -4.4198657205383643e+002	 -2.0915906143663096e+002	
  2.2410000000000000e+004	 -4.1086943414367494e+002	 -1.9241378762195521e+002	
  2.2440000000000000e+004	 -5.1947209007689059e+002	 -2.7186238388724502e+002	
  2.2470000000000000e+004	 -5.6796616464340468e+002	 -2.8099040978566859e+002	
  2.2500000000000000e+004	 -5.5461011775992756e+002	 -2.6006278408170886e+002	
  2.2530000000000000e+004	 -5.5160861019300114e+002	 -2.5942186900784208e+002	
  2.2560000000000000e+004	 -5.4260408749222188e+002	 -2.5749912378624163e+002	
  2.2590000000000000e+004	 -5.4605867636272353e+002	 -2.6268987550993131e+002	
  2.2620000000000000e+004	 -5.8594752312688172e+002	 -2.7509060086448937e+002	
  2.2650000000000000e+004	 -5.7528060799205855e+002	 -2.6629654302154086e+002	
  2.2680000000000000e+004	 -5.7549574333958776e+002	 -2.7163977079455196e+002	
  2.2710000000000000e+004	 -5.7549574333958765e+002	 -2.7163977079455202e+002	
  2.2740000000000000e+004	 -5.7549574333958765e+002	 -2.7163977079455202e+002	
  2.2770000000000000e+004	 -5.7549574333958765e+002	 -2.7163977079455202e+002	
  2.2800000000000000e+004	 -5.7549574333958765e+002	 -2.7163977079455202e+002	
  2.2830000000000000e+004	 -5.7549574333958765e+002	 -2.7163977079455202e+002	
  2.2860000000000000e+004	 -5.7549574333958765e+002	 -2.7163977079455202e+002	
  2.2890000000000000e+004	 -5.7549574333958765e+002	 -2.7163977079455202e+002	
  2.2920000000000000e+004	 -5.7549574333958765e+002	 -2.7163977079455202e+002	
  2.2950000000000000e+004	 -5.7549574333958765e+002	 -2.7163977079455202e+002	
  2.2980000000000000e+004	 -5.7549574333958765e+002	 -2.7163977079455202e+002	
  2.3010000000000000e+004	 -5.7549574333958765e+002	 -2.7163977079455202e+002	
  2.3040000000000000e+004	 -5.7377524429271546e+002	 -2.7967748278988643e+002	
  2.3070000000000000e+004	 -5.5900237462357518e+002	 -2.7148391503399415e+002	
