  0.0000000000000000e+000	 -3.1906875135184259e+002	  1.1002878299169588e+003	
  3.0000000000000000e+001	 -2.4853273130765606e+002	  1.0855049172966978e+003	
  6.0000000000000000e+001	 -2.4276006602986948e+002	  1.0825661468863930e+003	
  9.0000000000000000e+001	 -2.4741224590111028e+002	  1.0825995417333434e+003	
  1.2000000000000000e+002	 -2.4671307897942330e+002	  1.0830782034223230e+003	
  1.5000000000000000e+002	 -2.3486296220851111e+002	  1.0802173546092390e+003	
  1.8000000000000000e+002	 -2.3486296220851111e+002	  1.0798054757419366e+003	
  2.1000000000000000e+002	 -2.4544919913049378e+002	  1.0849705960074018e+003	
  2.4000000000000000e+002	 -2.3843950354664733e+002	  1.0831227322339346e+003	
  2.7000000000000000e+002	 -2.4567328234764256e+002	  1.0864065806924377e+003	
  3.0000000000000000e+002	 -2.4846101541443377e+002	  1.0857498152400235e+003	
  3.3000000000000000e+002	 -2.5553341857503784e+002	  1.0866514790787728e+003	
  3.6000000000000000e+002	 -2.6403111004920351e+002	  1.1048184294247781e+003	
  3.9000000000000000e+002	 -2.7913509296797224e+002	  1.0952117711110257e+003	
  4.2000000000000000e+002	 -2.8140291719887756e+002	  1.0942210464098282e+003	
  4.5000000000000000e+002	 -3.0026271138210285e+002	  1.1005772537554169e+003	
  4.8000000000000000e+002	 -2.8050655973176174e+002	  1.1040948706890902e+003	
  5.1000000000000000e+002	 -2.8436097908387438e+002	  1.1151486602887337e+003	
  5.4000000000000000e+002	 -2.8822436818697366e+002	  1.1134232419149876e+003	
  5.7000000000000000e+002	 -2.6789451548162157e+002	  1.1050967236760175e+003	
  6.0000000000000000e+002	 -2.6738355692856646e+002	  1.1146922623541852e+003	
  6.3000000000000000e+002	 -2.9192639921307438e+002	  1.1239761058072570e+003	
  6.6000000000000000e+002	 -2.9332474428409995e+002	  1.1231189645276067e+003	
  6.9000000000000000e+002	 -2.9490239990648246e+002	  1.1212488376250615e+003	
  7.2000000000000000e+002	 -2.8791062413857981e+002	  1.1181542192825248e+003	
  7.5000000000000000e+002	 -2.8311499471619373e+002	  1.1186217528655611e+003	
  7.8000000000000000e+002	 -2.7888410095731814e+002	  1.1111078452157201e+003	
  8.1000000000000000e+002	 -2.6287477439995496e+002	  1.1045401386546719e+003	
  8.4000000000000000e+002	 -2.7879446867513508e+002	  1.1085809467739446e+003	
  8.7000000000000000e+002	 -2.7698376456178482e+002	  1.1077460748343281e+003	
  9.0000000000000000e+002	 -2.7407056193662771e+002	  1.1219278706741404e+003	
  9.3000000000000000e+002	 -2.8524839120734754e+002	  1.1216607100717868e+003	
  9.6000000000000000e+002	 -2.8219174823808157e+002	  1.1171523686158509e+003	
  9.9000000000000000e+002	 -2.8353629382252319e+002	  1.1162618328180145e+003	
  1.0200000000000000e+003	 -2.8042585299608209e+002	  1.1247775863489405e+003	
  1.0500000000000000e+003	 -2.8460298358064546e+002	  1.1454269114469932e+003	
  1.0800000000000000e+003	 -2.7831939326181481e+002	  1.1241987354552618e+003	
  1.1100000000000000e+003	 -2.6330502894127602e+002	  1.1319798016378563e+003	
  1.1400000000000000e+003	 -2.6222042197176671e+002	  1.1438128152439442e+003	
  1.1700000000000000e+003	 -2.6279411777161351e+002	  1.1381133796294380e+003	
  1.2000000000000000e+003	 -2.6105513188716100e+002	  1.1051857869009773e+003	
  1.2300000000000000e+003	 -2.6380700730604116e+002	  1.0990744673400843e+003	
  1.2600000000000000e+003	 -2.7047607345745564e+002	  1.0992303122943790e+003	
  1.2900000000000000e+003	 -2.6954385073348237e+002	  1.1092599824833330e+003	
  1.3200000000000000e+003	 -2.5952231196627923e+002	  1.1089705563273612e+003	
  1.3500000000000000e+003	 -2.4964424397496143e+002	  1.0927516627106841e+003	
  1.3800000000000000e+003	 -2.4331579563024016e+002	  1.0857943384731261e+003	
  1.4100000000000000e+003	 -2.2840004666721987e+002	  1.0728704257086993e+003	
  1.4400000000000000e+003	 -2.4512647189828033e+002	  1.0843360851282287e+003	
  1.4700000000000000e+003	 -2.5173277373737230e+002	  1.0871635389492333e+003	
  1.5000000000000000e+003	 -2.5807913601806388e+002	  1.0798054757419366e+003	
  1.5300000000000000e+003	 -2.5726345391235583e+002	  1.0882655804885171e+003	
  1.5600000000000000e+003	 -2.5850046075760343e+002	  1.1078685202913102e+003	
  1.5900000000000000e+003	 -2.5406339045964754e+002	  1.0863843235354175e+003	
  1.6200000000000000e+003	 -2.4449004707392209e+002	  1.0868407243879617e+003	
  1.6500000000000000e+003	 -2.6371738823761569e+002	  1.0888555579507981e+003	
  1.6800000000000000e+003	 -2.6783176129922794e+002	  1.1029816984735269e+003	
  1.7100000000000000e+003	 -2.6153020841634907e+002	  1.0878537057330416e+003	
  1.7400000000000000e+003	 -2.5832118099897804e+002	  1.0712118031222965e+003	
  1.7700000000000000e+003	 -2.5024482346942693e+002	  1.0689965932747316e+003	
  1.8000000000000000e+003	 -2.3997231416679500e+002	  1.0666255415075636e+003	
  1.8300000000000000e+003	 -2.3284610394202952e+002	  1.0329743703317633e+003	
  1.8600000000000000e+003	 -2.3546353474203568e+002	  1.0393194527137357e+003	
  1.8900000000000000e+003	 -2.2710031568823507e+002	  1.0154085388002402e+003	
  1.9200000000000000e+003	 -2.3826021716531892e+002	  1.0569075533882869e+003	
  1.9500000000000000e+003	 -2.4439145966171540e+002	  1.0718463051171982e+003	
  1.9800000000000000e+003	 -2.5962092899037071e+002	  1.0988629695137636e+003	
  2.0100000000000000e+003	 -2.6548323489293062e+002	  1.0788592856479918e+003	
  2.0400000000000000e+003	 -2.5163418820117113e+002	  1.0484474550021182e+003	
  2.0700000000000000e+003	 -2.5353453350079707e+002	  1.0687294277624189e+003	
  2.1000000000000000e+003	 -2.5019103649729857e+002	  1.0646440956916674e+003	
  2.1300000000000000e+003	 -2.4869408001327511e+002	  1.0528222133447089e+003	
  2.1600000000000000e+003	 -2.5247678759366516e+002	  1.0650448337114171e+003	
  2.1900000000000000e+003	 -2.4881956968534283e+002	  1.0582210932906437e+003	
  2.2200000000000000e+003	 -2.3198558512833162e+002	  1.0396088771875732e+003	
  2.2500000000000000e+003	 -2.3774928237319423e+002	  1.0800837754700985e+003	
  2.2800000000000000e+003	 -2.4183678892973458e+002	  1.0569075533882869e+003	
  2.3100000000000000e+003	 -2.5033443071415553e+002	  1.0685624523783113e+003	
  2.3400000000000000e+003	 -2.5348967587490282e+002	  1.0787368339038410e+003	
  2.3700000000000000e+003	 -2.4805763228146384e+002	  1.0936199351275484e+003	
  2.4000000000000000e+003	 -2.5427849720421139e+002	  1.0857386758272244e+003	
  2.4300000000000000e+003	 -2.6248934422489168e+002	  1.0837906323853620e+003	
  2.4600000000000000e+003	 -2.6212181808474838e+002	  1.0909037934850940e+003	
  2.4900000000000000e+003	 -2.4575393463126994e+002	  1.0901913648654984e+003	
  2.5200000000000000e+003	 -2.3999023007616933e+002	  1.0783917550024535e+003	
  2.5500000000000000e+003	 -2.2650871289333006e+002	  1.0762322018898587e+003	
  2.5800000000000000e+003	 -1.9305408387365728e+002	  1.1017371745071068e+003	
  2.6100000000000000e+003	 -1.9336064201941340e+002	  1.0957126957888781e+003	
  2.6400000000000000e+003	 -2.1811412109394900e+002	  1.0308315218625057e+003	
  2.6700000000000000e+003	 -2.1360802529912363e+002	  1.0293376456826704e+003	
  2.7000000000000000e+003	 -1.6176237196119035e+002	  1.0059154188880691e+003	
  2.7300000000000000e+003	 -1.0970344789859169e+002	  9.8619559268390981e+002	
  2.7600000000000000e+003	 -1.1031024913141349e+002	  9.6750767853467153e+002	
  2.7900000000000000e+003	 -1.8521164263797226e+002	  9.7341304530703633e+002	
  2.8200000000000000e+003	 -2.8414046866055753e+002	  9.6681082888997662e+002	
  2.8500000000000000e+003	 -3.7794289560633337e+002	  9.5062978184749738e+002	
  2.8800000000000000e+003	 -4.5358379460828638e+002	  8.9270369592835686e+002	
  2.9100000000000000e+003	 -5.4681611248206127e+002	  8.5047666576897723e+002	
  2.9400000000000000e+003	 -6.7791684468690903e+002	  8.2488041484218263e+002	
  2.9700000000000000e+003	 -6.8799393687942995e+002	  7.0313847686817769e+002	
  3.0000000000000000e+003	 -7.8310059135205051e+002	  5.6576093322429335e+002	
  3.0300000000000000e+003	 -7.5956706449071930e+002	  3.9353890310128838e+002	
  3.0600000000000000e+003	 -6.9775818627174647e+002	  2.7912496717550823e+002	
  3.0900000000000000e+003	 -6.4278957165684801e+002	  1.7370878652282099e+002	
  3.1200000000000000e+003	 -5.9084174039336574e+002	  7.0600225398516770e+001	
  3.1500000000000000e+003	 -5.4551367840607384e+002	  1.1817149469314860e+001	
  3.1800000000000000e+003	 -5.0641992361690882e+002	 -6.6052648270545717e+001	
  3.2100000000000000e+003	 -4.6236829868085687e+002	 -1.6547665101018941e+002	
  3.2400000000000000e+003	 -4.5776718647587666e+002	 -1.8302689424053330e+002	
  3.2700000000000000e+003	 -4.5272237545634619e+002	 -1.9355192885987486e+002	
  3.3000000000000000e+003	 -4.2290612379036463e+002	 -2.5936705353550281e+002	
  3.3300000000000000e+003	 -4.3648805294098094e+002	 -3.3160072188591300e+002	
  3.3600000000000000e+003	 -5.1306567173610676e+002	 -3.9241771953356010e+002	
  3.3900000000000000e+003	 -5.3920944501629549e+002	 -4.1324179721393705e+002	
  3.4200000000000000e+003	 -5.2429190995280135e+002	 -4.5704284630501468e+002	
  3.4500000000000000e+003	 -4.9023759990082607e+002	 -5.2455666494829518e+002	
  3.4800000000000000e+003	 -4.7099952340711650e+002	 -5.4549764009870194e+002	
  3.5100000000000000e+003	 -4.5836327394360376e+002	 -5.7439667982633250e+002	
  3.5400000000000000e+003	 -4.9481540644346285e+002	 -6.4030641656946625e+002	
  3.5700000000000000e+003	 -5.5275552033342512e+002	 -6.9859204574783121e+002	
  3.6000000000000000e+003	 -5.0801099247407126e+002	 -7.2643468309677507e+002	
  3.6300000000000000e+003	 -4.0273851103664816e+002	 -7.4510589956666342e+002	
  3.6600000000000000e+003	 -3.1685829377067279e+002	 -7.2296604656297382e+002	
  3.6900000000000000e+003	 -2.9361697675389780e+002	 -6.9338129466915166e+002	
  3.7200000000000000e+003	 -3.1144504794916026e+002	 -7.1540538556361901e+002	
  3.7500000000000000e+003	 -2.9811142874319944e+002	 -7.4015785281975639e+002	
  3.7800000000000000e+003	 -2.8167451836465784e+002	 -7.6518527649567727e+002	
  3.8100000000000000e+003	 -2.8926237429721601e+002	 -7.9880861281774503e+002	
  3.8400000000000000e+003	 -2.9527527399471899e+002	 -8.0703939412908312e+002	
  3.8700000000000000e+003	 -2.4372006077985125e+002	 -8.0696258596827045e+002	
  3.9000000000000000e+003	 -1.4801645562809964e+002	 -8.2175996947102738e+002	
  3.9300000000000000e+003	 -5.9068759290428183e+001	 -8.3510020851899424e+002	
  3.9600000000000000e+003	 -2.7881000575511035e+001	 -8.4746753664484118e+002	
  3.9900000000000000e+003	 -2.8265540440090469e+001	 -8.4757551477133234e+002	
  4.0200000000000000e+003	 -1.8626735985022144e+001	 -8.4956475116539150e+002	
  4.0500000000000000e+003	 -1.8659145301373773e+001	 -8.5340742246710602e+002	
  4.0800000000000000e+003	  8.6290272298079973e+000	 -8.3913545804814805e+002	
  4.1100000000000000e+003	  8.4307758924423766e+001	 -8.7302056170805440e+002	
  4.1400000000000000e+003	  1.7186454477287140e+002	 -9.2243251619788794e+002	
  4.1700000000000000e+003	  2.5942133062131910e+002	 -9.7184447068772147e+002	
  4.2000000000000000e+003	  3.4697811646976669e+002	 -1.0212564251775550e+003	
  4.2300000000000000e+003	  4.3453490231821434e+002	 -1.0706683796673885e+003	
  4.2600000000000000e+003	  5.2209168816666204e+002	 -1.1200803341572218e+003	
  4.2900000000000000e+003	  6.0964847401510974e+002	 -1.1694922886470554e+003	
  4.3200000000000000e+003	  6.9720525986355733e+002	 -1.2189042431368889e+003	
  4.3500000000000000e+003	  7.8476204571200492e+002	 -1.2683161976267222e+003	
  4.3800000000000000e+003	  8.7231883156045251e+002	 -1.3177281521165557e+003	
  4.4100000000000000e+003	  9.5987561740890021e+002	 -1.3671401066063893e+003	
  4.4400000000000000e+003	  1.0474324032573479e+003	 -1.4165520610962228e+003	
  4.4700000000000000e+003	  1.1349891891057955e+003	 -1.4659640155860563e+003	
  4.5000000000000000e+003	  1.2225459749542433e+003	 -1.5153759700758899e+003	
  4.5300000000000000e+003	  1.3101027608026907e+003	 -1.5647879245657234e+003	
  4.5600000000000000e+003	  1.3976595466511385e+003	 -1.6141998790555567e+003	
  4.5900000000000000e+003	  1.4852163324995861e+003	 -1.6636118335453903e+003	
  4.6200000000000000e+003	  1.5727731183480337e+003	 -1.7130237880352238e+003	
  4.6500000000000000e+003	  1.6603299041964813e+003	 -1.7624357425250573e+003	
  4.6800000000000000e+003	  1.7478866900449291e+003	 -1.8118476970148909e+003	
  4.7100000000000000e+003	  1.8354434758933767e+003	 -1.8612596515047244e+003	
  4.7400000000000000e+003	  1.9230002617418243e+003	 -1.9106716059945579e+003	
  4.7700000000000000e+003	  2.0105570475902718e+003	 -1.9600835604843912e+003	
  4.8000000000000000e+003	  2.0981138334387197e+003	 -2.0094955149742248e+003	
  4.8300000000000000e+003	  2.1856706192871670e+003	 -2.0589074694640585e+003	
  4.8600000000000000e+003	  2.2732274051356148e+003	 -2.1083194239538916e+003	
  4.8900000000000000e+003	  2.3607841909840627e+003	 -2.1577313784437251e+003	
  4.9200000000000000e+003	  2.4483409768325100e+003	 -2.2071433329335587e+003	
  4.9500000000000000e+003	  2.5358977626809574e+003	 -2.2565552874233922e+003	
  4.9800000000000000e+003	  2.6234545485294057e+003	 -2.3059672419132257e+003	
  5.0100000000000000e+003	  2.7110113343778530e+003	 -2.3553791964030593e+003	
  5.0400000000000000e+003	  2.7985681202263008e+003	 -2.4047911508928928e+003	
  5.0700000000000000e+003	  2.8861249060747482e+003	 -2.4542031053827263e+003	
  5.1000000000000000e+003	  2.9736816919231960e+003	 -2.5036150598725599e+003	
  5.1300000000000000e+003	  3.0612384777716438e+003	 -2.5530270143623934e+003	
  5.1600000000000000e+003	  3.1487952636200916e+003	 -2.6024389688522269e+003	
  5.1900000000000000e+003	  3.2363520494685386e+003	 -2.6518509233420605e+003	
  5.2200000000000000e+003	  3.3239088353169868e+003	 -2.7012628778318940e+003	
  5.2500000000000000e+003	  3.4114656211654342e+003	 -2.7506748323217271e+003	
  5.2800000000000000e+003	  3.4990224070138820e+003	 -2.8000867868115606e+003	
  5.3100000000000000e+003	  3.5865791928623294e+003	 -2.8494987413013941e+003	
  5.3400000000000000e+003	  3.6741359787107772e+003	 -2.8989106957912277e+003	
  5.3700000000000000e+003	  3.7616927645592245e+003	 -2.9483226502810612e+003	
  5.4000000000000000e+003	  3.8492495504076728e+003	 -2.9977346047708947e+003	
  5.4300000000000000e+003	  3.9368063362561202e+003	 -3.0471465592607283e+003	
  5.4600000000000000e+003	  4.0243631221045680e+003	 -3.0965585137505618e+003	
  5.4900000000000000e+003	  4.1119199079530154e+003	 -3.1459704682403953e+003	
  5.5200000000000000e+003	  4.1994766938014627e+003	 -3.1953824227302289e+003	
  5.5500000000000000e+003	  4.2870334796499110e+003	 -3.2447943772200624e+003	
  5.5800000000000000e+003	  4.3745902654983583e+003	 -3.2942063317098959e+003	
  5.6100000000000000e+003	  4.4621470513468066e+003	 -3.3436182861997295e+003	
  5.6400000000000000e+003	  4.5497038371952531e+003	 -3.3930302406895630e+003	
  5.6700000000000000e+003	  4.6372606230437013e+003	 -3.4424421951793961e+003	
  5.7000000000000000e+003	  4.7248174088921487e+003	 -3.4918541496692296e+003	
  5.7300000000000000e+003	  4.8123741947405961e+003	 -3.5412661041590632e+003	
  5.7600000000000000e+003	  4.8999309805890443e+003	 -3.5906780586488967e+003	
  5.7900000000000000e+003	  4.9874877664374926e+003	 -3.6400900131387302e+003	
  5.8200000000000000e+003	  5.0750445522859391e+003	 -3.6895019676285638e+003	
  5.8500000000000000e+003	  5.1626013381343873e+003	 -3.7389139221183973e+003	
  5.8800000000000000e+003	  5.2501581239828347e+003	 -3.7883258766082308e+003	
  5.9100000000000000e+003	  5.3377149098312821e+003	 -3.8377378310980644e+003	
  5.9400000000000000e+003	  5.4252716956797294e+003	 -3.8871497855878979e+003	
  5.9700000000000000e+003	  5.5128284815281777e+003	 -3.9365617400777314e+003	
  6.0000000000000000e+003	  5.6003852673766260e+003	 -3.9859736945675650e+003	
  6.0300000000000000e+003	  5.6879420532250724e+003	 -4.0353856490573985e+003	
  6.0600000000000000e+003	  5.7156451368474009e+003	 -4.0527432400220437e+003	
  6.0900000000000000e+003	  5.7335296790969378e+003	 -4.0898407779864019e+003	
  6.1200000000000000e+003	  5.7435476042573709e+003	 -4.1118837897726626e+003	
  6.1500000000000000e+003	  5.7509696185081848e+003	 -4.1271498161493237e+003	
  6.1800000000000000e+003	  5.7608656361882868e+003	 -4.1581827968579237e+003	
  6.2100000000000000e+003	  5.7756415381025708e+003	 -4.1799564217984398e+003	
  6.2400000000000000e+003	  5.7855536913966362e+003	 -4.2011690082750556e+003	
  6.2700000000000000e+003	  5.7988308489025540e+003	 -4.1974398843818808e+003	
  6.3000000000000000e+003	  5.8258028760258694e+003	 -4.1911883174225813e+003	
  6.3300000000000000e+003	  5.8568821093475062e+003	 -4.1736803639434411e+003	
  6.3600000000000000e+003	  5.8829236949558090e+003	 -4.1558028371091013e+003	
  6.3900000000000000e+003	  5.8690208649017750e+003	 -4.1665850121813537e+003	
  6.4200000000000000e+003	  5.8470255309723761e+003	 -4.1588751903038019e+003	
  6.4500000000000000e+003	  5.8331567643603539e+003	 -4.1411869027453995e+003	
  6.4800000000000000e+003	  5.8173052082675249e+003	 -4.1316448016934210e+003	
  6.5100000000000000e+003	  5.8124432510205370e+003	 -4.0990778694139581e+003	
  6.5400000000000000e+003	  5.7864321420613651e+003	 -4.1026222060267064e+003	
  6.5700000000000000e+003	  5.7554228263353962e+003	 -4.1223231066723101e+003	
  6.6000000000000000e+003	  5.7438003832075001e+003	 -4.1168351741868464e+003	
  6.6300000000000000e+003	  5.7146017528422672e+003	 -4.1101561480666041e+003	
  6.6600000000000000e+003	  5.6816239888047603e+003	 -4.1404299471911045e+003	
  6.6900000000000000e+003	  5.6838129461081890e+003	 -4.1760046653419149e+003	
  6.7200000000000000e+003	  5.6946340264799674e+003	 -4.2111719629770914e+003	
  6.7500000000000000e+003	  5.7071851172778352e+003	 -4.2320149767955372e+003	
  6.7800000000000000e+003	  5.7156343799172018e+003	 -4.2525641135776577e+003	
  6.8100000000000000e+003	  5.7202453509229881e+003	 -4.2721336599069482e+003	
  6.8400000000000000e+003	  5.7283360632275235e+003	 -4.2883258446968339e+003	
  6.8700000000000000e+003	  5.7337250893455648e+003	 -4.3138419499544207e+003	
  6.9000000000000000e+003	  5.7476566029240457e+003	 -4.3367910839701653e+003	
  6.9300000000000000e+003	  5.7406666448839242e+003	 -4.3135970538310075e+003	
  6.9600000000000000e+003	  5.7311130429246687e+003	 -4.2838664824417037e+003	
  6.9900000000000000e+003	  5.7082679421800040e+003	 -4.2779021109121531e+003	
  7.0200000000000000e+003	  5.7101252389484380e+003	 -4.2626472161469128e+003	
  7.0500000000000000e+003	  5.7101252389484380e+003	 -4.2626472161469128e+003	
  7.0800000000000000e+003	  5.7101252389484380e+003	 -4.2626472161469128e+003	
  7.1100000000000000e+003	  5.7101252389484380e+003	 -4.2626472161469128e+003	
  7.1400000000000000e+003	  5.7101252389484380e+003	 -4.2626472161469128e+003	
  7.1700000000000000e+003	  5.7101252389484380e+003	 -4.2626472161469128e+003	
  7.2000000000000000e+003	  5.7101252389484380e+003	 -4.2626472161469128e+003	
  7.2300000000000000e+003	  5.7101252389484380e+003	 -4.2626472161469128e+003	
  7.2600000000000000e+003	  5.7101252389484380e+003	 -4.2626472161469128e+003	
  7.2900000000000000e+003	  5.7101252389484380e+003	 -4.2626472161469128e+003	
  7.3200000000000000e+003	  5.7101252389484380e+003	 -4.2626472161469128e+003	
  7.3500000000000000e+003	  5.7101252389484380e+003	 -4.2626472161469128e+003	
  7.3800000000000000e+003	  5.7101252389484380e+003	 -4.2626472161469128e+003	
  7.4100000000000000e+003	  5.7101252389484380e+003	 -4.2626472161469128e+003	
  7.4400000000000000e+003	  5.7101252389484380e+003	 -4.2626472161469128e+003	
  7.4700000000000000e+003	  5.7101252389484380e+003	 -4.2626472161469128e+003	
  7.5000000000000000e+003	  5.7101252389484380e+003	 -4.2626472161469128e+003	
  7.5300000000000000e+003	  5.7101252389484380e+003	 -4.2626472161469128e+003	
  7.5600000000000000e+003	  5.7101252389484380e+003	 -4.2626472161469128e+003	
  7.5900000000000000e+003	  5.7101252389484380e+003	 -4.2626472161469128e+003	
  7.6200000000000000e+003	  5.7101252389484380e+003	 -4.2626472161469128e+003	
  7.6500000000000000e+003	  5.7101252389484380e+003	 -4.2626472161469128e+003	
  7.6800000000000000e+003	  5.7101252389484380e+003	 -4.2626472161469128e+003	
  7.7100000000000000e+003	  5.7101252389484380e+003	 -4.2626472161469128e+003	
  7.7400000000000000e+003	  5.7101252389484380e+003	 -4.2626472161469128e+003	
  7.7700000000000000e+003	  5.7101252389484380e+003	 -4.2626472161469128e+003	
  7.8000000000000000e+003	  5.7101252389484380e+003	 -4.2626472161469128e+003	
  7.8300000000000000e+003	  5.7101252389484380e+003	 -4.2626472161469128e+003	
  7.8600000000000000e+003	  5.7101252389484380e+003	 -4.2626472161469128e+003	
  7.8900000000000000e+003	  5.7101252389484380e+003	 -4.2626472161469128e+003	
  7.9200000000000000e+003	  5.7101252389484380e+003	 -4.2626472161469128e+003	
  7.9500000000000000e+003	  5.7101252389484380e+003	 -4.2626472161469128e+003	
  7.9800000000000000e+003	  5.7101252389484380e+003	 -4.2626472161469128e+003	
  8.0100000000000000e+003	  5.7101252389484380e+003	 -4.2626472161469128e+003	
  8.0400000000000000e+003	  5.7101252389484380e+003	 -4.2626472161469128e+003	
  8.0700000000000000e+003	  5.7101252389484380e+003	 -4.2626472161469128e+003	
  8.1000000000000000e+003	  5.7101252389484380e+003	 -4.2626472161469128e+003	
  8.1300000000000000e+003	  5.7101252389484380e+003	 -4.2626472161469128e+003	
  8.1600000000000000e+003	  5.7101252389484380e+003	 -4.2626472161469128e+003	
  8.1900000000000000e+003	  5.7101252389484380e+003	 -4.2626472161469128e+003	
  8.2200000000000000e+003	  5.7101252389484380e+003	 -4.2626472161469128e+003	
  8.2500000000000000e+003	  5.7101252389484380e+003	 -4.2626472161469128e+003	
  8.2800000000000000e+003	  5.7101252389484380e+003	 -4.2626472161469128e+003	
  8.3100000000000000e+003	  5.7101252389484380e+003	 -4.2626472161469128e+003	
  8.3400000000000000e+003	  5.7101252389484380e+003	 -4.2626472161469128e+003	
  8.3700000000000000e+003	  5.7101252389484380e+003	 -4.2626472161469128e+003	
  8.4000000000000000e+003	  5.7101252389484380e+003	 -4.2626472161469128e+003	
  8.4300000000000000e+003	  5.7101252389484380e+003	 -4.2626472161469128e+003	
  8.4600000000000000e+003	  5.7101252389484380e+003	 -4.2626472161469128e+003	
  8.4900000000000000e+003	  5.7101252389484380e+003	 -4.2626472161469128e+003	
  8.5200000000000000e+003	  5.7101252389484380e+003	 -4.2626472161469128e+003	
  8.5500000000000000e+003	  5.7101252389484380e+003	 -4.2626472161469128e+003	
  8.5800000000000000e+003	  5.7101252389484380e+003	 -4.2626472161469128e+003	
  8.6100000000000000e+003	  5.7101252389484380e+003	 -4.2626472161469128e+003	
  8.6400000000000000e+003	  5.7101252389484380e+003	 -4.2626472161469128e+003	
  8.6700000000000000e+003	  5.7101252389484380e+003	 -4.2626472161469128e+003	
  8.7000000000000000e+003	  5.7101252389484380e+003	 -4.2626472161469128e+003	
  8.7300000000000000e+003	  5.7101252389484380e+003	 -4.2626472161469128e+003	
  8.7600000000000000e+003	  5.7101252389484380e+003	 -4.2626472161469128e+003	
  8.7900000000000000e+003	  5.7101252389484380e+003	 -4.2626472161469128e+003	
  8.8200000000000000e+003	  5.7101252389484380e+003	 -4.2626472161469128e+003	
  8.8500000000000000e+003	  5.7101252389484380e+003	 -4.2626472161469128e+003	
  8.8800000000000000e+003	  5.7101252389484380e+003	 -4.2626472161469128e+003	
  8.9100000000000000e+003	  5.7101252389484380e+003	 -4.2626472161469128e+003	
  8.9400000000000000e+003	  5.7101252389484380e+003	 -4.2626472161469128e+003	
  8.9700000000000000e+003	  5.7101252389484380e+003	 -4.2626472161469128e+003	
  9.0000000000000000e+003	  5.7101252389484380e+003	 -4.2626472161469128e+003	
  9.0300000000000000e+003	  5.7101252389484380e+003	 -4.2626472161469128e+003	
  9.0600000000000000e+003	  5.7101252389484380e+003	 -4.2626472161469128e+003	
  9.0900000000000000e+003	  5.7101252389484380e+003	 -4.2626472161469128e+003	
  9.1200000000000000e+003	  5.7101252389484380e+003	 -4.2626472161469128e+003	
  9.1500000000000000e+003	  5.7101252389484380e+003	 -4.2626472161469128e+003	
  9.1800000000000000e+003	  5.7101252389484380e+003	 -4.2626472161469128e+003	
  9.2100000000000000e+003	  5.7101252389484380e+003	 -4.2626472161469128e+003	
  9.2400000000000000e+003	  5.7101252389484380e+003	 -4.2626472161469128e+003	
  9.2700000000000000e+003	  5.7101252389484380e+003	 -4.2626472161469128e+003	
  9.3000000000000000e+003	  5.7101252389484380e+003	 -4.2626472161469128e+003	
  9.3300000000000000e+003	  5.7101252389484380e+003	 -4.2626472161469128e+003	
  9.3600000000000000e+003	  5.7101252389484380e+003	 -4.2626472161469128e+003	
  9.3900000000000000e+003	  5.7101252389484380e+003	 -4.2626472161469128e+003	
  9.4200000000000000e+003	  5.7101252389484380e+003	 -4.2626472161469128e+003	
  9.4500000000000000e+003	  5.7101252389484380e+003	 -4.2626472161469128e+003	
  9.4800000000000000e+003	  5.7101252389484380e+003	 -4.2626472161469128e+003	
  9.5100000000000000e+003	  5.7101252389484380e+003	 -4.2626472161469128e+003	
  9.5400000000000000e+003	  5.7101252389484380e+003	 -4.2626472161469128e+003	
  9.5700000000000000e+003	  5.7101252389484380e+003	 -4.2626472161469128e+003	
  9.6000000000000000e+003	  5.7101252389484380e+003	 -4.2626472161469128e+003	
  9.6300000000000000e+003	  5.7101252389484380e+003	 -4.2626472161469128e+003	
  9.6600000000000000e+003	  5.7101252389484380e+003	 -4.2626472161469128e+003	
  9.6900000000000000e+003	  5.7101252389484380e+003	 -4.2626472161469128e+003	
  9.7200000000000000e+003	  5.7101252389484380e+003	 -4.2626472161469128e+003	
  9.7500000000000000e+003	  5.7101252389484380e+003	 -4.2626472161469128e+003	
  9.7800000000000000e+003	  5.7101252389484380e+003	 -4.2626472161469128e+003	
  9.8100000000000000e+003	  5.7101252389484380e+003	 -4.2626472161469128e+003	
  9.8400000000000000e+003	  5.7101252389484380e+003	 -4.2626472161469128e+003	
  9.8700000000000000e+003	  5.7101252389484380e+003	 -4.2626472161469128e+003	
  9.9000000000000000e+003	  5.7101252389484380e+003	 -4.2626472161469128e+003	
  9.9300000000000000e+003	  5.7101252389484380e+003	 -4.2626472161469128e+003	
  9.9600000000000000e+003	  5.7101252389484380e+003	 -4.2626472161469128e+003	
  9.9900000000000000e+003	  5.7101252389484380e+003	 -4.2626472161469128e+003	
  1.0020000000000000e+004	  5.7101252389484380e+003	 -4.2626472161469128e+003	
  1.0050000000000000e+004	  5.7101252389484380e+003	 -4.2626472161469128e+003	
  1.0080000000000000e+004	  5.7101252389484380e+003	 -4.2626472161469128e+003	
  1.0110000000000000e+004	  5.7101252389484380e+003	 -4.2626472161469128e+003	
  1.0140000000000000e+004	  5.7101252389484380e+003	 -4.2626472161469128e+003	
  1.0170000000000000e+004	  5.7101252389484380e+003	 -4.2626472161469128e+003	
  1.0200000000000000e+004	  5.7101252389484380e+003	 -4.2626472161469128e+003	
  1.0230000000000000e+004	  5.7101252389484380e+003	 -4.2626472161469128e+003	
  1.0260000000000000e+004	  5.7375633824248043e+003	 -4.2733225268074821e+003	
  1.0290000000000000e+004	  5.7293077371172221e+003	 -4.2849106366125852e+003	
  1.0320000000000000e+004	  5.7340675068382598e+003	 -4.2750034152181570e+003	
  1.0350000000000000e+004	  5.7125275326625633e+003	 -4.2349626538813854e+003	
  1.0380000000000000e+004	  5.7120793425741567e+003	 -4.2252335385385359e+003	
  1.0410000000000000e+004	  5.6951288269018842e+003	 -4.2050294852113238e+003	
  1.0440000000000000e+004	  5.6976386856783520e+003	 -4.1975935036731717e+003	
  1.0470000000000000e+004	  5.6885942274701001e+003	 -4.1778903760989861e+003	
  1.0500000000000000e+004	  5.6800517419363368e+003	 -4.1389293904297019e+003	
  1.0530000000000000e+004	  5.6946268550048089e+003	 -4.1224210646442198e+003	
  1.0560000000000000e+004	  5.7335744987824219e+003	 -4.1176900879462837e+003	
  1.0590000000000000e+004	  5.7424396810309736e+003	 -4.1114674642044356e+003	
  1.0620000000000000e+004	  5.7442862200822256e+003	 -4.1374266110347398e+003	
  1.0650000000000000e+004	  5.7492700842269078e+003	 -4.1180463051136903e+003	
  1.0680000000000000e+004	  5.7497728353657449e+003	 -4.1229345777283952e+003	
  1.0710000000000000e+004	  5.7499638807985020e+003	 -4.1264707825947480e+003	
  1.0740000000000000e+004	  5.7492700842269078e+003	 -4.1222429582956029e+003	
  1.0770000000000000e+004	  5.7492700842269078e+003	 -4.1222429582956029e+003	
  1.0800000000000000e+004	  5.7492700842269078e+003	 -4.1222429582956029e+003	
  1.0830000000000000e+004	  5.7492700842269078e+003	 -4.1222429582956029e+003	
  1.0860000000000000e+004	  5.7492700842269078e+003	 -4.1222429582956029e+003	
  1.0890000000000000e+004	  5.7492700842269078e+003	 -4.1222429582956029e+003	
  1.0920000000000000e+004	  5.7492700842269078e+003	 -4.1222429582956029e+003	
  1.0950000000000000e+004	  5.7492700842269078e+003	 -4.1222429582956029e+003	
  1.0980000000000000e+004	  5.7492700842269078e+003	 -4.1222429582956029e+003	
  1.1010000000000000e+004	  5.7492700842269078e+003	 -4.1222429582956029e+003	
  1.1040000000000000e+004	  5.7492700842269078e+003	 -4.1222429582956029e+003	
  1.1070000000000000e+004	  5.7492700842269078e+003	 -4.1222429582956029e+003	
  1.1100000000000000e+004	  5.7492700842269078e+003	 -4.1222429582956029e+003	
  1.1130000000000000e+004	  5.7202915711609839e+003	 -4.1452102343555089e+003	
  1.1160000000000000e+004	  5.7358566778661352e+003	 -4.1534495945128956e+003	
  1.1190000000000000e+004	  5.7402381756239938e+003	 -4.1550280701915335e+003	
  1.1220000000000000e+004	  5.7393104228714456e+003	 -4.1119572587493331e+003	
  1.1250000000000000e+004	  5.7387950053639379e+003	 -4.1111747006875567e+003	
  1.1280000000000000e+004	  5.7517987676741659e+003	 -4.1242711557762987e+003	
  1.1310000000000000e+004	  5.7467315403088523e+003	 -4.1040281414048095e+003	
  1.1340000000000000e+004	  5.7475213403718435e+003	 -4.1021126992674499e+003	
  1.1370000000000000e+004	  5.7494309288643362e+003	 -4.0982028428142903e+003	
  1.1400000000000000e+004	  5.7513405173568281e+003	 -4.0942929863611307e+003	
  1.1430000000000000e+004	  5.7452722358317978e+003	 -4.1066585645553250e+003	
  1.1460000000000000e+004	  5.7371062296778100e+003	 -4.1404767002630242e+003	
  1.1490000000000000e+004	  5.7371062296778100e+003	 -4.1404767002630242e+003	
  1.1520000000000000e+004	  5.7371062296778100e+003	 -4.1404767002630242e+003	
  1.1550000000000000e+004	  5.7371062296778100e+003	 -4.1404767002630242e+003	
  1.1580000000000000e+004	  5.7371062296778100e+003	 -4.1404767002630242e+003	
  1.1610000000000000e+004	  5.7371062296778100e+003	 -4.1404767002630242e+003	
  1.1640000000000000e+004	  5.7371062296778100e+003	 -4.1404767002630242e+003	
  1.1670000000000000e+004	  5.7371062296778100e+003	 -4.1404767002630242e+003	
  1.1700000000000000e+004	  5.7371062296778100e+003	 -4.1404767002630242e+003	
  1.1730000000000000e+004	  5.7371062296778100e+003	 -4.1404767002630242e+003	
  1.1760000000000000e+004	  5.7371062296778100e+003	 -4.1404767002630242e+003	
  1.1790000000000000e+004	  5.7371062296778100e+003	 -4.1404767002630242e+003	
  1.1820000000000000e+004	  5.7371062296778100e+003	 -4.1404767002630242e+003	
  1.1850000000000000e+004	  5.7386950600639821e+003	 -4.1313878472915467e+003	
  1.1880000000000000e+004	  5.7456174827644263e+003	 -4.0917883515377325e+003	
  1.1910000000000000e+004	  5.7330994180828047e+003	 -4.1390095412621367e+003	
  1.1940000000000000e+004	  5.7497630923430643e+003	 -4.1675133971621617e+003	
  1.1970000000000000e+004	  5.7386820628411942e+003	 -4.1116633814107527e+003	
  1.2000000000000000e+004	  5.7483109594657062e+003	 -4.0867372559547593e+003	
  1.2030000000000000e+004	  5.7645174815659484e+003	 -4.0932003272897032e+003	
  1.2060000000000000e+004	  5.7870363008090981e+003	 -4.0902882713696549e+003	
  1.2090000000000000e+004	  5.8056433250933405e+003	 -4.0987149766620696e+003	
  1.2120000000000000e+004	  5.8058226000783870e+003	 -4.1002800942927915e+003	
  1.2150000000000000e+004	  5.7939210930940708e+003	 -4.1063799578158514e+003	
  1.2180000000000000e+004	  5.7811694784680185e+003	 -4.1129155258762721e+003	
  1.2210000000000000e+004	  5.7684178638419644e+003	 -4.1194510939366928e+003	
  1.2240000000000000e+004	  5.7556662492159121e+003	 -4.1259866619971135e+003	
  1.2270000000000000e+004	  5.7429146345898589e+003	 -4.1325222300575342e+003	
  1.2300000000000000e+004	  5.7301630199638057e+003	 -4.1390577981179549e+003	
  1.2330000000000000e+004	  5.7174114053377534e+003	 -4.1455933661783756e+003	
  1.2360000000000000e+004	  5.7046597907117002e+003	 -4.1521289342387972e+003	
  1.2390000000000000e+004	  5.6919081760856479e+003	 -4.1586645022992179e+003	
  1.2420000000000000e+004	  5.7035171361689081e+003	 -4.1619030162063091e+003	
  1.2450000000000000e+004	  5.7188810627253351e+003	 -4.1586280654368074e+003	
  1.2480000000000000e+004	  5.7295443802519221e+003	 -4.1588952266249398e+003	
  1.2510000000000000e+004	  5.7352525185779286e+003	 -4.1589152633307585e+003	
  1.2540000000000000e+004	  5.7273823156103217e+003	 -4.1639067230906776e+003	
  1.2570000000000000e+004	  5.7279362775856544e+003	 -4.1656696146324639e+003	
  1.2600000000000000e+004	  5.7412474980160187e+003	 -4.1665360323899104e+003	
  1.2630000000000000e+004	  5.7529721270829432e+003	 -4.1709553202942398e+003	
  1.2660000000000000e+004	  5.7604120692878405e+003	 -4.1676937311748543e+003	
  1.2690000000000000e+004	  5.7518247630165388e+003	 -4.1734376934942975e+003	
  1.2720000000000000e+004	  5.7414626275377914e+003	 -4.1796714508709183e+003	
  1.2750000000000000e+004	  5.7361855324155131e+003	 -4.1741430689807121e+003	
  1.2780000000000000e+004	  5.7282698897320943e+003	 -4.1658504961454028e+003	
  1.2810000000000000e+004	  5.7203542470486755e+003	 -4.1575579233100925e+003	
  1.2840000000000000e+004	  5.7328116803984094e+003	 -4.1567423537446466e+003	
  1.2870000000000000e+004	  5.7296026456373384e+003	 -4.1552217624600462e+003	
  1.2900000000000000e+004	  5.7444931924855109e+003	 -4.1642583140390252e+003	
  1.2930000000000000e+004	  5.7601281010652365e+003	 -4.1737630823285508e+003	
  1.2960000000000000e+004	  5.7615719817503032e+003	 -4.1755271145903034e+003	
  1.2990000000000000e+004	  5.7788147173662510e+003	 -4.1854376774131069e+003	
  1.3020000000000000e+004	  5.7146071311514506e+003	 -4.1576406832553057e+003	
  1.3050000000000000e+004	  5.7146376068018844e+003	 -4.1594506988790690e+003	
  1.3080000000000000e+004	  5.7091562530277852e+003	 -4.1686109832297789e+003	
  1.3110000000000000e+004	  5.7674405723460386e+003	 -4.1818165311028552e+003	
  1.3140000000000000e+004	  5.7772830309214205e+003	 -4.1876431462598885e+003	
  1.3170000000000000e+004	  5.7505563870766782e+003	 -4.1822306310177764e+003	
  1.3200000000000000e+004	  5.7430689389669651e+003	 -4.1804874036370247e+003	
  1.3230000000000000e+004	  5.7408261988209051e+003	 -4.1806733037587410e+003	
  1.3260000000000000e+004	  5.7513325011467814e+003	 -4.1871565976808979e+003	
  1.3290000000000000e+004	  5.7655931361660796e+003	 -4.1991330189891778e+003	
  1.3320000000000000e+004	  5.7637277723984134e+003	 -4.1769887078484880e+003	
  1.3350000000000000e+004	  5.7592324337804839e+003	 -4.1724291605503695e+003	
  1.3380000000000000e+004	  5.7514222880919642e+003	 -4.1622859458255189e+003	
  1.3410000000000000e+004	  5.7464482851490020e+003	 -4.1741556877965158e+003	
  1.3440000000000000e+004	  5.7570067270992458e+003	 -4.1701994789052806e+003	
  1.3470000000000000e+004	  5.7483737057136914e+003	 -4.1736380629346813e+003	
  1.3500000000000000e+004	  5.7484364528467904e+003	 -4.1840951917340826e+003	
  1.3530000000000000e+004	  5.7309041867792048e+003	 -4.1798451055348396e+003	
  1.3560000000000000e+004	  5.7533943214866040e+003	 -4.1707282345128169e+003	
  1.3590000000000000e+004	  5.7280958326723721e+003	 -4.1699111675372224e+003	
  1.3620000000000000e+004	  5.7618832501530806e+003	 -4.1736380644793735e+003	
  1.3650000000000000e+004	  5.7405438405902341e+003	 -4.1579534847565646e+003	
  1.3680000000000000e+004	  5.7436587552550081e+003	 -4.1563560839051443e+003	
  1.3710000000000000e+004	  5.7607885469018929e+003	 -4.1538904094205227e+003	
  1.3740000000000000e+004	  5.7617431909398319e+003	 -4.1761649610206023e+003	
  1.3770000000000000e+004	  5.7640199916008569e+003	 -4.1805675524394801e+003	
  1.3800000000000000e+004	  5.7622989444859440e+003	 -4.1751909376735402e+003	
  1.3830000000000000e+004	  5.7711775735646606e+003	 -4.1801445478867045e+003	
  1.3860000000000000e+004	  5.7571133958240380e+003	 -4.1791092995979952e+003	
  1.3890000000000000e+004	  5.7500947524502499e+003	 -4.1731482692562258e+003	
  1.3920000000000000e+004	  5.7499233203087861e+003	 -4.1689989238471435e+003	
  1.3950000000000000e+004	  5.7566293515857196e+003	 -4.1674210038409456e+003	
  1.3980000000000000e+004	  5.7543973694156721e+003	 -4.1801055869564134e+003	
  1.4010000000000000e+004	  5.7620479592333340e+003	 -4.1575638745981796e+003	
  1.4040000000000000e+004	  5.7524611909315081e+003	 -4.1985953567688357e+003	
  1.4070000000000000e+004	  5.7957204155960453e+003	 -4.1535620249814947e+003	
  1.4100000000000000e+004	  5.7365235831447699e+003	 -4.1635249051998308e+003	
  1.4130000000000000e+004	  5.7418884075444557e+003	 -4.1615935533464535e+003	
  1.4160000000000000e+004	  5.7374871902679888e+003	 -4.1637920660569580e+003	
  1.4190000000000000e+004	  5.7321089191997980e+003	 -4.1833282172187974e+003	
  1.4220000000000000e+004	  5.7488711964741997e+003	 -4.1640759259435090e+003	
  1.4250000000000000e+004	  5.7480420460237383e+003	 -4.1749738690389522e+003	
  1.4280000000000000e+004	  5.7518023532417046e+003	 -4.1715174724607541e+003	
  1.4310000000000000e+004	  5.7526808036296206e+003	 -4.1565508890713627e+003	
  1.4340000000000000e+004	  5.7522908796529155e+003	 -4.1600573773234310e+003	
  1.4370000000000000e+004	  5.7447254457707577e+003	 -4.1748625506473236e+003	
  1.4400000000000000e+004	  5.7369852180828120e+003	 -4.1617271340747520e+003	
  1.4430000000000000e+004	  5.7582966147132956e+003	 -4.1557048787938529e+003	
  1.4460000000000000e+004	  5.7514438027301003e+003	 -4.1483134235020552e+003	
  1.4490000000000000e+004	  5.7345291413075965e+003	 -4.1618384512949124e+003	
  1.4520000000000000e+004	  5.7616221793614623e+003	 -4.1431316130483374e+003	
  1.4550000000000000e+004	  5.7604389599980186e+003	 -4.1580870644155602e+003	
  1.4580000000000000e+004	  5.7714106322207808e+003	 -4.1294952671153096e+003	
  1.4610000000000000e+004	  5.7599549154423075e+003	 -4.1436492364590413e+003	
  1.4640000000000000e+004	  5.7758252950168044e+003	 -4.0950704547679097e+003	
  1.4670000000000000e+004	  5.7783306729426786e+003	 -4.1134043808067117e+003	
  1.4700000000000000e+004	  5.7584714091565966e+003	 -4.1534896678006044e+003	
  1.4730000000000000e+004	  5.7523043252448597e+003	 -4.1920276489532171e+003	
  1.4760000000000000e+004	  5.7417853248685487e+003	 -4.2021686356328673e+003	
  1.4790000000000000e+004	  5.7512421167400271e+003	 -4.1860165260391659e+003	
  1.4820000000000000e+004	  5.7413953995481479e+003	 -4.1338644641937462e+003	
  1.4850000000000000e+004	  5.7700436554360949e+003	 -4.1398588887552687e+003	
  1.4880000000000000e+004	  5.7690262658032179e+003	 -4.1469609211545703e+003	
  1.4910000000000000e+004	  5.7714420053412814e+003	 -4.1552874396545740e+003	
  1.4940000000000000e+004	  5.7696582122531536e+003	 -4.1478570234374793e+003	
  1.4970000000000000e+004	  5.7557553816721629e+003	 -4.1587382698835136e+003	
  1.5000000000000000e+004	  5.7579604728551958e+003	 -4.1597067292552438e+003	
  1.5030000000000000e+004	  5.7550472429451056e+003	 -4.1643375198357026e+003	
  1.5060000000000000e+004	  5.7640334371157014e+003	 -4.1658458665841799e+003	
  1.5090000000000000e+004	  5.7487098477821219e+003	 -4.1657234179749439e+003	
  1.5120000000000000e+004	  5.7527032137324513e+003	 -4.1711723904788632e+003	
  1.5150000000000000e+004	  5.7456845705913802e+003	 -4.1723579166139707e+003	
  1.5180000000000000e+004	  5.7545273440060901e+003	 -4.1588662846291954e+003	
  1.5210000000000000e+004	  5.7596815204384638e+003	 -4.1520425467307459e+003	
  1.5240000000000000e+004	  5.7592333309282039e+003	 -4.1761371323665026e+003	
  1.5270000000000000e+004	  5.7567817360755917e+003	 -4.1578087728391747e+003	
  1.5300000000000000e+004	  5.7583996995653488e+003	 -4.1430147292039037e+003	
  1.5330000000000000e+004	  5.7519726650408338e+003	 -4.1313876577097544e+003	
  1.5360000000000000e+004	  5.7426906669403152e+003	 -4.1168273812388215e+003	
  1.5390000000000000e+004	  5.7240459948008356e+003	 -4.1193153181247771e+003	
  1.5420000000000000e+004	  5.6981899587798907e+003	 -4.1543802043528331e+003	
  1.5450000000000000e+004	  5.6665522817362353e+003	 -4.1554544145745949e+003	
  1.5480000000000000e+004	  5.6606003288734591e+003	 -4.1270963845288406e+003	
  1.5510000000000000e+004	  5.6389796814032052e+003	 -4.1210518657230041e+003	
  1.5540000000000000e+004	  5.6442459049813360e+003	 -4.1194544650444859e+003	
  1.5570000000000000e+004	  5.6607975327867498e+003	 -4.1243078911156463e+003	
  1.5600000000000000e+004	  5.6659517083931041e+003	 -4.1439887539970669e+003	
  1.5630000000000000e+004	  5.6759328821406525e+003	 -4.1573635033686505e+003	
  1.5660000000000000e+004	  5.6887600578953661e+003	 -4.1823875869584353e+003	
  1.5690000000000000e+004	  5.6973159907102136e+003	 -4.1972094582031805e+003	
  1.5720000000000000e+004	  5.7074136928475755e+003	 -4.2300758336418703e+003	
  1.5750000000000000e+004	  5.7181298974363599e+003	 -4.1716900135464512e+003	
  1.5780000000000000e+004	  5.6705178603874274e+003	 -4.1668432678494592e+003	
  1.5810000000000000e+004	  5.6758118720426137e+003	 -4.1905693941611189e+003	
  1.5840000000000000e+004	  5.6758118720426137e+003	 -4.1905693941611189e+003	
  1.5870000000000000e+004	  5.6758118720426137e+003	 -4.1905693941611189e+003	
  1.5900000000000000e+004	  5.6758118720426137e+003	 -4.1905693941611189e+003	
  1.5930000000000000e+004	  5.6758118720426137e+003	 -4.1905693941611189e+003	
  1.5960000000000000e+004	  5.6758118720426137e+003	 -4.1905693941611189e+003	
  1.5990000000000000e+004	  5.6758118720426137e+003	 -4.1905693941611189e+003	
  1.6020000000000000e+004	  5.6758118720426137e+003	 -4.1905693941611189e+003	
  1.6050000000000000e+004	  5.6758118720426137e+003	 -4.1905693941611189e+003	
  1.6080000000000000e+004	  5.6758118720426137e+003	 -4.1905693941611189e+003	
  1.6110000000000000e+004	  5.6758118720426137e+003	 -4.1905693941611189e+003	
  1.6140000000000000e+004	  5.6758118720426137e+003	 -4.1905693941611189e+003	
  1.6170000000000000e+004	  5.6758118720426137e+003	 -4.1905693941611189e+003	
  1.6200000000000000e+004	  5.6758118720426137e+003	 -4.1905693941611189e+003	
  1.6230000000000000e+004	  5.6758118720426137e+003	 -4.1905693941611189e+003	
  1.6260000000000000e+004	  5.6758118720426137e+003	 -4.1905693941611189e+003	
  1.6290000000000000e+004	  5.6758118720426137e+003	 -4.1905693941611189e+003	
  1.6320000000000000e+004	  5.6758118720426137e+003	 -4.1905693941611189e+003	
  1.6350000000000000e+004	  5.6758118720426137e+003	 -4.1905693941611189e+003	
  1.6380000000000000e+004	  5.7132903507871861e+003	 -4.1897289496805333e+003	
  1.6410000000000000e+004	  5.6957392608084965e+003	 -4.2290416975424696e+003	
  1.6440000000000000e+004	  5.7040917154628705e+003	 -4.2021485992107564e+003	
  1.6470000000000000e+004	  5.7102211511947044e+003	 -4.2017901584621341e+003	
  1.6500000000000000e+004	  5.7116562527976130e+003	 -4.2250643368354304e+003	
  1.6530000000000000e+004	  5.7140567531204006e+003	 -4.2252135020798323e+003	
  1.6560000000000000e+004	  5.7043355293286058e+003	 -4.2010042597867232e+003	
  1.6590000000000000e+004	  5.6862295814181798e+003	 -4.1717723884595498e+003	
  1.6620000000000000e+004	  5.6756675546097322e+003	 -4.1529542321356876e+003	
  1.6650000000000000e+004	  5.7235852568352375e+003	 -4.1337331098968334e+003	
  1.6680000000000000e+004	  5.7369565344711664e+003	 -4.1434099041821155e+003	
  1.6710000000000000e+004	  5.6740074620318364e+003	 -4.2598231009302854e+003	
  1.6740000000000000e+004	  5.7453529110197414e+003	 -4.1620276899185719e+003	
  1.6770000000000000e+004	  5.7451774769184121e+003	 -4.1587504615018261e+003	
  1.6800000000000000e+004	  5.7399144538785285e+003	 -4.0604336089994458e+003	
  1.6830000000000000e+004	  5.7538111382118750e+003	 -4.0452493721696364e+003	
  1.6860000000000000e+004	  5.7570856079283312e+003	 -4.0970908603649295e+003	
  1.6890000000000000e+004	  5.7465719848624694e+003	 -4.1174006652675471e+003	
  1.6920000000000000e+004	  5.7255568321978135e+003	 -4.0940627082047504e+003	
  1.6950000000000000e+004	  5.6927839011792794e+003	 -4.0816389341695103e+003	
  1.6980000000000000e+004	  5.6874594124069090e+003	 -4.0787558200230837e+003	
  1.7010000000000000e+004	  5.7269287478480337e+003	 -4.0782860624389787e+003	
  1.7040000000000000e+004	  5.7394135073644848e+003	 -4.0918778807333342e+003	
  1.7070000000000000e+004	  5.7386211084698507e+003	 -4.0931313116229967e+003	
  1.7100000000000000e+004	  5.7524145802564199e+003	 -4.0624968452200492e+003	
  1.7130000000000000e+004	  5.7414751775709256e+003	 -4.0851632318123302e+003	
  1.7160000000000000e+004	  5.7360951140198895e+003	 -4.0808263189721788e+003	
  1.7190000000000000e+004	  5.7288954024996710e+003	 -4.0543306222169836e+003	
  1.7220000000000000e+004	  5.7347254471789583e+003	 -4.0456389827683329e+003	
  1.7250000000000000e+004	  5.7344188861080675e+003	 -4.0446905616242075e+003	
  1.7280000000000000e+004	  5.7361811663580720e+003	 -4.0457592054563670e+003	
  1.7310000000000000e+004	  5.7394852171930852e+003	 -4.0539944438590842e+003	
  1.7340000000000000e+004	  5.7306684395654502e+003	 -4.0696790247099498e+003	
  1.7370000000000000e+004	  5.7468516550387239e+003	 -4.1796336034933283e+003	
  1.7400000000000000e+004	  5.7410735999038170e+003	 -4.1477457071825502e+003	
  1.7430000000000000e+004	  5.7372478564398934e+003	 -4.1430837451622956e+003	
  1.7460000000000000e+004	  5.7498903788942062e+003	 -4.1239260739816718e+003	
  1.7490000000000000e+004	  5.7234974115394461e+003	 -4.0705606556208745e+003	
  1.7520000000000000e+004	  5.7274360989589286e+003	 -4.0687016608351719e+003	
  1.7550000000000000e+004	  5.7157293960057932e+003	 -4.0166586891644829e+003	
  1.7580000000000000e+004	  5.7063120438644146e+003	 -4.0044227138924762e+003	
  1.7610000000000000e+004	  5.7302220421058837e+003	 -4.0210623944481231e+003	
  1.7640000000000000e+004	  5.7216777625889426e+003	 -4.0049926576619096e+003	
  1.7670000000000000e+004	  5.7255608750166193e+003	 -4.0193414325326207e+003	
  1.7700000000000000e+004	  5.7355572865113982e+003	 -4.0417117169201456e+003	
  1.7730000000000000e+004	  5.7108692329989190e+003	 -4.0056494283871120e+003	
  1.7760000000000000e+004	  5.7039183558619916e+003	 -3.9421799802550177e+003	
  1.7790000000000000e+004	  5.6863792762858138e+003	 -3.9256458293217706e+003	
  1.7820000000000000e+004	  5.5684391803797980e+003	 -3.7981064873828632e+003	
  1.7850000000000000e+004	  5.5540310806274920e+003	 -3.7575979648738839e+003	
  1.7880000000000000e+004	  5.6630425379314374e+003	 -3.9360035702226351e+003	
  1.7910000000000000e+004	  5.7486605475267097e+003	 -4.0916975457519002e+003	
  1.7940000000000000e+004	  5.7476117839910285e+003	 -4.0547847956818146e+003	
  1.7970000000000000e+004	  5.7481406476916363e+003	 -4.0216234326416502e+003	
  1.8000000000000000e+004	  5.7348742466519907e+003	 -4.0055381113797503e+003	
  1.8030000000000000e+004	  5.7354658573276265e+003	 -4.0326883527033865e+003	
  1.8060000000000000e+004	  5.7274880882571642e+003	 -3.9613563535205199e+003	
  1.8090000000000000e+004	  5.7348721372753398e+003	 -3.9670341814278268e+003	
  1.8120000000000000e+004	  5.7389975872279956e+003	 -4.0220108166511150e+003	
  1.8150000000000000e+004	  5.7518408977383679e+003	 -4.0851810434231534e+003	
  1.8180000000000000e+004	  5.7525095965931450e+003	 -4.0848960716674387e+003	
  1.8210000000000000e+004	  5.7552679112606256e+003	 -4.0862829509156068e+003	
  1.8240000000000000e+004	  5.7682177318314034e+003	 -4.0943446667340395e+003	
  1.8270000000000000e+004	  5.7829701105946642e+003	 -4.1679598790571899e+003	
  1.8300000000000000e+004	  5.7615344425469993e+003	 -4.1161822481313820e+003	
  1.8330000000000000e+004	  5.7400987744993354e+003	 -4.0644046172055737e+003	
  1.8360000000000000e+004	  5.7555877595838929e+003	 -4.0687907126452747e+003	
  1.8390000000000000e+004	  5.7557240088711824e+003	 -4.0894199982378254e+003	
  1.8420000000000000e+004	  5.7404084868836662e+003	 -4.0892686061374093e+003	
  1.8450000000000000e+004	  5.7454784031566005e+003	 -4.0911565457807346e+003	
  1.8480000000000000e+004	  5.7555447331897831e+003	 -4.1025799065968786e+003	
  1.8510000000000000e+004	  5.7723105958372325e+003	 -4.1183290495644314e+003	
  1.8540000000000000e+004	  5.7621241506614997e+003	 -4.1082904740806189e+003	
  1.8570000000000000e+004	  5.7638003789411960e+003	 -4.1024841746871207e+003	
  1.8600000000000000e+004	  5.7639498382356605e+003	 -4.1023360642614980e+003	
  1.8630000000000000e+004	  5.7642300744127797e+003	 -4.1020583572134556e+003	
  1.8660000000000000e+004	  5.7645103105898997e+003	 -4.1017806501654140e+003	
  1.8690000000000000e+004	  5.7613649190937786e+003	 -4.0823758518916256e+003	
  1.8720000000000000e+004	  5.7668928835674024e+003	 -4.0804879131164294e+003	
  1.8750000000000000e+004	  5.7639767068977908e+003	 -4.0816436287208926e+003	
  1.8780000000000000e+004	  5.7560234977988466e+003	 -4.0847955803694290e+003	
  1.8810000000000000e+004	  5.7480702886999052e+003	 -4.0879475320179658e+003	
  1.8840000000000000e+004	  5.7503618733078210e+003	 -4.0771283646304132e+003	
  1.8870000000000000e+004	  5.7621116019387355e+003	 -4.0878660122853457e+003	
  1.8900000000000000e+004	  5.7696089114133347e+003	 -4.0996567184264568e+003	
  1.8930000000000000e+004	  5.7590047543074452e+003	 -4.0790686205651032e+003	
  1.8960000000000000e+004	  5.7548778275401410e+003	 -4.0771372698136743e+003	
  1.8990000000000000e+004	  5.7583163359921773e+003	 -4.0883802967536240e+003	
  1.9020000000000000e+004	  5.7605716236196749e+003	 -4.0748708536818604e+003	
  1.9050000000000000e+004	  5.7624540190069556e+003	 -4.0831172242532325e+003	
  1.9080000000000000e+004	  5.7563980865048306e+003	 -4.1333546305397922e+003	
  1.9110000000000000e+004	  5.7548365945538044e+003	 -4.1397086105817289e+003	
  1.9140000000000000e+004	  5.7527713386080168e+003	 -4.1394147343484783e+003	
  1.9170000000000000e+004	  5.7505536977618631e+003	 -4.1035906658609902e+003	
  1.9200000000000000e+004	  5.7510341572412917e+003	 -4.0973702672386089e+003	
  1.9230000000000000e+004	  5.7551861816020300e+003	 -4.0922808478769571e+003	
  1.9260000000000000e+004	  5.7553403592753739e+003	 -4.1042674737901280e+003	
  1.9290000000000000e+004	  5.7516472797868391e+003	 -4.0967424366940377e+003	
  1.9320000000000000e+004	  5.7488129312429437e+003	 -4.0424419559499556e+003	
  1.9350000000000000e+004	  5.7515845332526433e+003	 -4.0426178379136459e+003	
  1.9380000000000000e+004	  5.7556038942373716e+003	 -4.1140477936398484e+003	
  1.9410000000000000e+004	  5.7540244750566471e+003	 -4.1139965884316771e+003	
  1.9440000000000000e+004	  5.7605859657981446e+003	 -4.0749109283106263e+003	
  1.9470000000000000e+004	  5.7366670032596821e+003	 -4.0856085012626486e+003	
  1.9500000000000000e+004	  5.7550517252793816e+003	 -4.0812715869025815e+003	
  1.9530000000000000e+004	  5.7647774304191898e+003	 -4.0787624998323095e+003	
  1.9560000000000000e+004	  5.7679160760970981e+003	 -4.0931599019965965e+003	
  1.9590000000000000e+004	  5.7721960474760626e+003	 -4.1127927231297144e+003	
  1.9620000000000000e+004	  5.7764760188550281e+003	 -4.1324255442628328e+003	
  1.9650000000000000e+004	  5.7725920583805291e+003	 -4.0947342767776836e+003	
  1.9680000000000000e+004	  5.7713174084253242e+003	 -4.0658129809337565e+003	
  1.9710000000000000e+004	  5.7609023877387499e+003	 -4.0916496808043130e+003	
  1.9740000000000000e+004	  5.7501099911554102e+003	 -4.0843728808225642e+003	
  1.9770000000000000e+004	  5.7462286728144163e+003	 -4.0927550589398511e+003	
  1.9800000000000000e+004	  5.7591070079323035e+003	 -4.1086309392708981e+003	
  1.9830000000000000e+004	  5.7443489662638867e+003	 -4.0697235510567157e+003	
  1.9860000000000000e+004	  5.7481137565590352e+003	 -4.0741539725263433e+003	
  1.9890000000000000e+004	  5.7688496780407386e+003	 -4.1405256790447138e+003	
  1.9920000000000000e+004	  5.7283925342324783e+003	 -4.0578148468737500e+003	
  1.9950000000000000e+004	  5.7181119698091716e+003	 -4.0354824120760982e+003	
  1.9980000000000000e+004	  5.7088105496545331e+003	 -4.0277069125206922e+003	
  2.0010000000000000e+004	  5.6955228065764768e+003	 -4.0165990560129680e+003	
  2.0040000000000000e+004	  5.6822350634984214e+003	 -4.0054911995052457e+003	
  2.0070000000000000e+004	  5.6689473204203650e+003	 -3.9943833429975220e+003	
  2.0100000000000000e+004	  5.6584759119315222e+003	 -3.9810761778931655e+003	
  2.0130000000000000e+004	  5.6846770536460608e+003	 -3.9551170313475500e+003	
  2.0160000000000000e+004	  5.6814549392406661e+003	 -3.9266030421277487e+003	
  2.0190000000000000e+004	  5.7096661642832414e+003	 -3.9881829802128832e+003	
  2.0220000000000000e+004	  5.7378773893258176e+003	 -4.0497629182980186e+003	
  2.0250000000000000e+004	  5.7660886143683920e+003	 -4.1113428563831530e+003	
  2.0280000000000000e+004	  5.7784023835883736e+003	 -4.1250904497241754e+003	
  2.0310000000000000e+004	  5.7600588954999757e+003	 -4.1072340741587950e+003	
  2.0340000000000000e+004	  5.7588344429336821e+003	 -4.1101316594386626e+003	
  2.0370000000000000e+004	  5.7431207969366478e+003	 -4.0773842960872844e+003	
  2.0400000000000000e+004	  5.7256611902732775e+003	 -4.0409983368079743e+003	
  2.0430000000000000e+004	  5.7360350566158058e+003	 -4.0651339461845846e+003	
  2.0460000000000000e+004	  5.7466383170999343e+003	 -4.0977854789568582e+003	
  2.0490000000000000e+004	  5.7539572467882290e+003	 -4.0924745398653199e+003	
  2.0520000000000000e+004	  5.7642898013659169e+003	 -4.1410677929066132e+003	
  2.0550000000000000e+004	  5.7831585672976671e+003	 -4.2245166565200325e+003	
  2.0580000000000000e+004	  5.7904156480703759e+003	 -4.2435051286507378e+003	
  2.0610000000000000e+004	  5.7852067917742497e+003	 -4.1369880217623104e+003	
  2.0640000000000000e+004	  5.7807831644429916e+003	 -4.1371594500110268e+003	
  2.0670000000000000e+004	  5.7456334762463539e+003	 -4.1054374141960152e+003	
  2.0700000000000000e+004	  5.7284337675795769e+003	 -4.0892841922893085e+003	
  2.0730000000000000e+004	  5.7533082687300821e+003	 -4.0894456013882591e+003	
  2.0760000000000000e+004	  5.7863230817926869e+003	 -4.1643564433280517e+003	
  2.0790000000000000e+004	  5.7768606130765165e+003	 -4.1569516314472803e+003	
  2.0820000000000000e+004	  5.6821304434082049e+003	 -4.0345751766035028e+003	
  2.0850000000000000e+004	  5.6996815330180198e+003	 -4.0472041012216673e+003	
  2.0880000000000000e+004	  5.7097505517428244e+003	 -4.0720645494717346e+003	
  2.0910000000000000e+004	  5.7253439509870323e+003	 -4.0774879179983536e+003	
  2.0940000000000000e+004	  5.7345847161513229e+003	 -4.0786912552740423e+003	
  2.0970000000000000e+004	  5.7543373114652013e+003	 -4.1147112446649753e+003	
  2.1000000000000000e+004	  5.7581442301827074e+003	 -4.1176244108266255e+003	
  2.1030000000000000e+004	  5.7581576761052593e+003	 -4.1120797070040398e+003	
  2.1060000000000000e+004	  5.7619717672107881e+003	 -4.1063001236547952e+003	
  2.1090000000000000e+004	  5.7664034616772315e+003	 -4.1093991930694683e+003	
  2.1120000000000000e+004	  5.7512753696816726e+003	 -4.1296602675176537e+003	
  2.1150000000000000e+004	  5.7635332586159666e+003	 -4.1411824494627772e+003	
  2.1180000000000000e+004	  5.7566849264922175e+003	 -4.1228952773199217e+003	
  2.1210000000000000e+004	  5.7859355477299960e+003	 -4.1446755812727042e+003	
  2.1240000000000000e+004	  5.7413030730319424e+003	 -4.0920671194796278e+003	
  2.1270000000000000e+004	  5.7479362736173734e+003	 -4.1026043953966564e+003	
  2.1300000000000000e+004	  5.7455501146038096e+003	 -4.0940262993268398e+003	
  2.1330000000000000e+004	  5.7503905573194779e+003	 -4.0895580316157220e+003	
  2.1360000000000000e+004	  5.7504174495278639e+003	 -4.0972433648345977e+003	
  2.1390000000000000e+004	  5.6963353523588657e+003	 -4.0610897970095380e+003	
  2.1420000000000000e+004	  5.7304461375604606e+003	 -4.1159223736825097e+003	
  2.1450000000000000e+004	  5.7518624110845258e+003	 -4.1221739431577707e+003	
  2.1480000000000000e+004	  5.7335798761606320e+003	 -4.0973034751292926e+003	
  2.1510000000000000e+004	  5.7538936046349163e+003	 -4.1170021494918237e+003	
  2.1540000000000000e+004	  5.7582822729718127e+003	 -4.1039379743335503e+003	
  2.1570000000000000e+004	  5.7335189231477816e+003	 -4.1004003173753954e+003	
  2.1600000000000000e+004	  5.7342378187822687e+003	 -4.1491861490028305e+003	
  2.1630000000000000e+004	  5.6967942981837869e+003	 -4.1385553658790113e+003	
  2.1660000000000000e+004	  5.6889312655298036e+003	 -4.1815994623934694e+003	
  2.1690000000000000e+004	  5.6554820081868256e+003	 -4.1836677332632335e+003	
  2.1720000000000000e+004	  5.6311776033975939e+003	 -4.1942851585716007e+003	
  2.1750000000000000e+004	  5.6021223930816732e+003	 -4.2069641776467788e+003	
  2.1780000000000000e+004	  5.6011130710742655e+003	 -4.2316988359530787e+003	
  2.1810000000000000e+004	  5.6047720877972752e+003	 -4.2719889474098945e+003	
  2.1840000000000000e+004	  5.6374845222981085e+003	 -4.2774546179760391e+003	
  2.1870000000000000e+004	  5.6706702447024118e+003	 -4.2695310652521712e+003	
  2.1900000000000000e+004	  5.6924432765155225e+003	 -4.2695132548978509e+003	
  2.1930000000000000e+004	  5.7129488301479914e+003	 -4.2833967231533079e+003	
  2.1960000000000000e+004	  5.7129488301479914e+003	 -4.2833967231533088e+003	
  2.1990000000000000e+004	  5.7129488301479914e+003	 -4.2833967231533088e+003	
  2.2020000000000000e+004	  5.7129488301479914e+003	 -4.2833967231533088e+003	
  2.2050000000000000e+004	  5.7129488301479914e+003	 -4.2833967231533088e+003	
  2.2080000000000000e+004	  5.7129488301479914e+003	 -4.2833967231533088e+003	
  2.2110000000000000e+004	  5.7129488301479914e+003	 -4.2833967231533088e+003	
  2.2140000000000000e+004	  5.7129488301479914e+003	 -4.2833967231533088e+003	
  2.2170000000000000e+004	  5.7129488301479914e+003	 -4.2833967231533088e+003	
  2.2200000000000000e+004	  5.7129488301479914e+003	 -4.2833967231533088e+003	
  2.2230000000000000e+004	  5.7263909478626802e+003	 -4.2955027028639643e+003	
  2.2260000000000000e+004	  5.7394959744174548e+003	 -4.3098968731868899e+003	
  2.2290000000000000e+004	  5.7428609782494577e+003	 -4.3241165176636441e+003	
  2.2320000000000000e+004	  5.7428609782494577e+003	 -4.3241165176636432e+003	
  2.2350000000000000e+004	  5.7428609782494577e+003	 -4.3241165176636432e+003	
  2.2380000000000000e+004	  5.7428609782494577e+003	 -4.3241165176636432e+003	
  2.2410000000000000e+004	  5.7428609782494577e+003	 -4.3241165176636432e+003	
  2.2440000000000000e+004	  5.7428609782494577e+003	 -4.3241165176636432e+003	
  2.2470000000000000e+004	  5.7428609782494577e+003	 -4.3241165176636432e+003	
  2.2500000000000000e+004	  5.7428609782494577e+003	 -4.3241165176636432e+003	
  2.2530000000000000e+004	  5.7428609782494577e+003	 -4.3241165176636432e+003	
  2.2560000000000000e+004	  5.7428609782494577e+003	 -4.3241165176636432e+003	
  2.2590000000000000e+004	  5.7428609782494577e+003	 -4.3241165176636432e+003	
  2.2620000000000000e+004	  5.7428609782494577e+003	 -4.3241165176636432e+003	
  2.2650000000000000e+004	  5.7428609782494577e+003	 -4.3241165176636432e+003	
  2.2680000000000000e+004	  5.7428609782494577e+003	 -4.3241165176636432e+003	
  2.2710000000000000e+004	  5.7428609782494577e+003	 -4.3241165176636432e+003	
  2.2740000000000000e+004	  5.7428609782494577e+003	 -4.3241165176636432e+003	
  2.2770000000000000e+004	  5.7428609782494577e+003	 -4.3241165176636432e+003	
  2.2800000000000000e+004	  5.7428609782494577e+003	 -4.3241165176636432e+003	
  2.2830000000000000e+004	  5.7428609782494577e+003	 -4.3241165176636432e+003	
  2.2860000000000000e+004	  5.7428609782494577e+003	 -4.3241165176636432e+003	
  2.2890000000000000e+004	  5.7428609782494577e+003	 -4.3241165176636432e+003	
  2.2920000000000000e+004	  5.7428609782494577e+003	 -4.3241165176636432e+003	
  2.2950000000000000e+004	  5.7428609782494577e+003	 -4.3241165176636432e+003	
  2.2980000000000000e+004	  5.7428609782494577e+003	 -4.3241165176636432e+003	
  2.3010000000000000e+004	  5.7428609782494577e+003	 -4.3241165176636432e+003	
  2.3040000000000000e+004	  5.7428609782494577e+003	 -4.3241165176636432e+003	
  2.3070000000000000e+004	  5.7428609782494577e+003	 -4.3241165176636432e+003	
  2.3100000000000000e+004	  5.7428609782494577e+003	 -4.3241165176636432e+003	
  2.3130000000000000e+004	  5.7428609782494577e+003	 -4.3241165176636432e+003	
  2.3160000000000000e+004	  5.7428609782494577e+003	 -4.3241165176636432e+003	
  2.3190000000000000e+004	  5.7428609782494577e+003	 -4.3241165176636432e+003	
  2.3220000000000000e+004	  5.7428609782494577e+003	 -4.3241165176636432e+003	
  2.3250000000000000e+004	  5.7428609782494577e+003	 -4.3241165176636432e+003	
  2.3280000000000000e+004	  5.7428609782494577e+003	 -4.3241165176636432e+003	
  2.3310000000000000e+004	  5.7428609782494577e+003	 -4.3241165176636432e+003	
  2.3340000000000000e+004	  5.7298562866627572e+003	 -4.3053518418004978e+003	
  2.3370000000000000e+004	  5.7069576672640042e+003	 -4.2723110604896528e+003	
  2.3400000000000000e+004	  5.6840590478652502e+003	 -4.2392702791788079e+003	
  2.3430000000000000e+004	  5.6611604284664963e+003	 -4.2062294978679629e+003	
  2.3460000000000000e+004	  5.6382618090677433e+003	 -4.1731887165571188e+003	
  2.3490000000000000e+004	  5.6435332828391911e+003	 -4.1825545628111231e+003	
  2.3520000000000000e+004	  5.6435332828391911e+003	 -4.1825545628111231e+003	
  2.3550000000000000e+004	  5.6435332828391911e+003	 -4.1825545628111231e+003	
  2.3580000000000000e+004	  5.6435332828391911e+003	 -4.1825545628111231e+003	
  2.3610000000000000e+004	  5.6435332828391911e+003	 -4.1825545628111231e+003	
  2.3640000000000000e+004	  5.6435332828391911e+003	 -4.1825545628111231e+003	
  2.3670000000000000e+004	  5.6435332828391911e+003	 -4.1825545628111231e+003	
  2.3700000000000000e+004	  5.6435332828391911e+003	 -4.1825545628111231e+003	
  2.3730000000000000e+004	  5.6435332828391911e+003	 -4.1825545628111231e+003	
  2.3760000000000000e+004	  5.6435332828391911e+003	 -4.1825545628111231e+003	
  2.3790000000000000e+004	  5.6435332828391911e+003	 -4.1825545628111231e+003	
  2.3820000000000000e+004	  5.6435332828391911e+003	 -4.1825545628111231e+003	
  2.3850000000000000e+004	  5.6435332828391911e+003	 -4.1825545628111231e+003	
  2.3880000000000000e+004	  5.6435332828391911e+003	 -4.1825545628111231e+003	
  2.3910000000000000e+004	  5.6334630782354006e+003	 -4.1702167288102928e+003	
  2.3940000000000000e+004	  5.6354820121998755e+003	 -4.1725894569143675e+003	
  2.3970000000000000e+004	  5.6065881494928371e+003	 -4.1665093175334787e+003	
  2.4000000000000000e+004	  5.6143866432313625e+003	 -4.2387808310110831e+003	
  2.4030000000000000e+004	  5.6164752048000937e+003	 -4.2657863586851618e+003	
  2.4060000000000000e+004	  5.6039402487455854e+003	 -4.2573373906349061e+003	
  2.4090000000000000e+004	  5.5898581429354062e+003	 -4.2328364977606088e+003	
  2.4120000000000000e+004	  5.5704945754455030e+003	 -4.2200550676680496e+003	
  2.4150000000000000e+004	  5.5589456355361954e+003	 -4.2069441400490787e+003	
  2.4180000000000000e+004	  5.5669162321030435e+003	 -4.2125701066192396e+003	
  2.4210000000000000e+004	  5.5403166389148291e+003	 -4.1954966522733421e+003	
  2.4240000000000000e+004	  5.4445211932570865e+003	 -4.1383338977462608e+003	
  2.4270000000000000e+004	  5.3487257475993420e+003	 -4.0811711432191805e+003	
  2.4300000000000000e+004	  5.2529303019416002e+003	 -4.0240083886920993e+003	
  2.4330000000000000e+004	  5.1571348562838566e+003	 -3.9668456341650181e+003	
  2.4360000000000000e+004	  5.0613394106261139e+003	 -3.9096828796379373e+003	
  2.4390000000000000e+004	  4.9655439649683703e+003	 -3.8525201251108560e+003	
  2.4420000000000000e+004	  4.8697485193106277e+003	 -3.7953573705837748e+003	
  2.4450000000000000e+004	  4.7739530736528850e+003	 -3.7381946160566940e+003	
  2.4480000000000000e+004	  4.6781576279951414e+003	 -3.6810318615296128e+003	
  2.4510000000000000e+004	  4.5823621823373987e+003	 -3.6238691070025316e+003	
  2.4540000000000000e+004	  4.4865667366796561e+003	 -3.5667063524754508e+003	
  2.4570000000000000e+004	  4.3907712910219125e+003	 -3.5095435979483705e+003	
  2.4600000000000000e+004	  4.2949758453641689e+003	 -3.4523808434212888e+003	
  2.4630000000000000e+004	  4.1991803997064262e+003	 -3.3952180888942080e+003	
  2.4660000000000000e+004	  4.1033849540486835e+003	 -3.3380553343671272e+003	
  2.4690000000000000e+004	  4.0075895083909400e+003	 -3.2808925798400455e+003	
  2.4720000000000000e+004	  3.9117940627331968e+003	 -3.2237298253129647e+003	
  2.4750000000000000e+004	  3.8159986170754541e+003	 -3.1665670707858840e+003	
  2.4780000000000000e+004	  3.7202031714177110e+003	 -3.1094043162588023e+003	
  2.4810000000000000e+004	  3.6244077257599674e+003	 -3.0522415617317215e+003	
  2.4840000000000000e+004	  3.5286122801022248e+003	 -2.9950788072046407e+003	
  2.4870000000000000e+004	  3.4328168344444816e+003	 -2.9379160526775590e+003	
  2.4900000000000000e+004	  3.3370213887867390e+003	 -2.8807532981504783e+003	
  2.4930000000000000e+004	  3.2412259431289954e+003	 -2.8235905436233975e+003	
  2.4960000000000000e+004	  3.1454304974712522e+003	 -2.7664277890963167e+003	
  2.4990000000000000e+004	  3.0496350518135096e+003	 -2.7092650345692355e+003	
  2.5020000000000000e+004	  2.9538396061557669e+003	 -2.6521022800421542e+003	
  2.5050000000000000e+004	  2.8580441604980233e+003	 -2.5949395255150735e+003	
  2.5080000000000000e+004	  2.7622487148402806e+003	 -2.5377767709879927e+003	
  2.5110000000000000e+004	  2.6664532691825375e+003	 -2.4806140164609114e+003	
  2.5140000000000000e+004	  2.5706578235247948e+003	 -2.4234512619338302e+003	
  2.5170000000000000e+004	  2.4748623778670512e+003	 -2.3662885074067494e+003	
  2.5200000000000000e+004	  2.3790669322093081e+003	 -2.3091257528796682e+003	
  2.5230000000000000e+004	  2.2832714865515654e+003	 -2.2519629983525874e+003	
  2.5260000000000000e+004	  2.1874760408938223e+003	 -2.1948002438255062e+003	
  2.5290000000000000e+004	  2.0916805952360792e+003	 -2.1376374892984250e+003	
  2.5320000000000000e+004	  1.9958851495783358e+003	 -2.0804747347713442e+003	
  2.5350000000000000e+004	  1.9000897039205929e+003	 -2.0233119802442629e+003	
  2.5380000000000000e+004	  1.8042942582628498e+003	 -1.9661492257171822e+003	
  2.5410000000000000e+004	  1.7084988126051069e+003	 -1.9089864711901012e+003	
  2.5440000000000000e+004	  1.6127033669473637e+003	 -1.8518237166630202e+003	
  2.5470000000000000e+004	  1.5169079212896206e+003	 -1.7946609621359389e+003	
  2.5500000000000000e+004	  1.4211124756318777e+003	 -1.7374982076088579e+003	
  2.5530000000000000e+004	  1.3253170299741346e+003	 -1.6803354530817769e+003	
  2.5560000000000000e+004	  1.2295215843163915e+003	 -1.6231726985546961e+003	
  2.5590000000000000e+004	  1.1337261386586486e+003	 -1.5660099440276149e+003	
  2.5620000000000000e+004	  1.0379306930009054e+003	 -1.5088471895005337e+003	
  2.5650000000000000e+004	  9.4213524734316229e+002	 -1.4516844349734529e+003	
  2.5680000000000000e+004	  8.4633980168541916e+002	 -1.3945216804463716e+003	
  2.5710000000000000e+004	  7.5054435602767626e+002	 -1.3373589259192909e+003	
  2.5740000000000000e+004	  6.5474891036993313e+002	 -1.2801961713922096e+003	
  2.5770000000000000e+004	  5.5895346471219011e+002	 -1.2230334168651286e+003	
  2.5800000000000000e+004	  4.6315801905444710e+002	 -1.1658706623380476e+003	
  2.5830000000000000e+004	  3.6736257339670402e+002	 -1.1087079078109666e+003	
  2.5860000000000000e+004	  2.7156712773896089e+002	 -1.0515451532838856e+003	
  2.5890000000000000e+004	  1.7577168208121788e+002	 -9.9438239875680461e+002	
  2.5920000000000000e+004	  7.9976236423474802e+001	 -9.3721964422972360e+002	
  2.5950000000000000e+004	  9.1598758868424053e+000	 -8.5559591241031558e+002	
  2.5980000000000000e+004	 -6.5221553025985486e+001	 -8.2458074430668273e+002	
  2.6010000000000000e+004	 -1.5566430746958207e+002	 -8.3164715853201778e+002	
  2.6040000000000000e+004	 -2.4179555307216168e+002	 -8.1592472399948429e+002	
  2.6070000000000000e+004	 -2.9706445520628216e+002	 -8.0726425517490702e+002	
  2.6100000000000000e+004	 -2.9128280019249195e+002	 -8.0391584002676427e+002	
  2.6130000000000000e+004	 -2.9516950625754987e+002	 -7.4397158572753290e+002	
  2.6160000000000000e+004	 -3.1195508433211756e+002	 -7.2046140823342193e+002	
  2.6190000000000000e+004	 -3.0502608670207735e+002	 -7.0864621161451737e+002	
  2.6220000000000000e+004	 -3.5019459812226853e+002	 -7.5127621299630368e+002	
  2.6250000000000000e+004	 -4.6120210681056358e+002	 -7.3873744615073156e+002	
  2.6280000000000000e+004	 -5.5935734528554985e+002	 -7.2002058985129486e+002	
  2.6310000000000000e+004	 -5.2087044047672384e+002	 -6.7073828669604666e+002	
  2.6340000000000000e+004	 -4.6220425456619284e+002	 -6.1144411886453122e+002	
  2.6370000000000000e+004	 -4.8616265968410846e+002	 -5.4069987551408485e+002	
  2.6400000000000000e+004	 -5.3142440665006757e+002	 -4.9033111113513223e+002	
  2.6430000000000000e+004	 -5.6565709191403698e+002	 -4.4547033027310283e+002	
  2.6460000000000000e+004	 -5.6434299778769923e+002	 -4.5049962335333231e+002	
  2.6490000000000000e+004	 -5.9919240424615145e+002	 -3.9982808310346797e+002	
  2.6520000000000000e+004	 -6.1193710947964132e+002	 -3.5905041039821447e+002	
  2.6550000000000000e+004	 -5.4033440553957018e+002	 -2.9970059045923790e+002	
  2.6580000000000000e+004	 -4.8135089987875034e+002	 -2.5310545016325131e+002	
  2.6610000000000000e+004	 -4.5782993362062626e+002	 -1.8834787187849182e+002	
  2.6640000000000000e+004	 -3.7256819358576064e+002	 -1.9554562377208049e+002	
  2.6670000000000000e+004	 -2.7274569529335406e+002	 -1.5271746394907476e+002	
  2.6700000000000000e+004	 -1.5852732863925837e+002	 -7.9014480036136860e+001	
  2.6730000000000000e+004	 -5.6722017261032192e+001	  3.9244439313288176e+001	
  2.6760000000000000e+004	 -8.4043701254618071e+001	  1.6996629942172981e+002	
  2.6790000000000000e+004	  6.8185548508174749e+000	  2.4514541184644980e+002	
  2.6820000000000000e+004	  2.6539073297636481e+001	  3.4137458806963571e+002	
  2.6850000000000000e+004	  4.5323449753409399e+001	  3.9480234794254187e+002	
  2.6880000000000000e+004	  3.1902767709596105e+001	  3.4379685474104053e+002	
  2.6910000000000000e+004	  6.2870959566367901e+001	  2.9184736866882145e+002	
  2.6940000000000000e+004	  7.0081403752310820e+001	  2.9247521113826656e+002	
  2.6970000000000000e+004	  6.3349595620628520e+001	  2.7827338168256784e+002	
