  0.0000000000000000e+000	 -6.5652835740705643e+002	  9.5362755051544343e+002	
  3.0000000000000000e+001	 -5.0727072274971175e+002	  1.0000775373324608e+003	
  6.0000000000000000e+001	 -3.5801308809236713e+002	  1.0465275241494783e+003	
  9.0000000000000000e+001	 -2.8212182933899834e+002	  1.0694574415624222e+003	
  1.2000000000000000e+002	 -2.7200349127017085e+002	  1.0688607796196304e+003	
  1.5000000000000000e+002	 -2.6427672917240983e+002	  1.0650136628698419e+003	
  1.8000000000000000e+002	 -2.6277440335310723e+002	  1.0617498473639996e+003	
  2.1000000000000000e+002	 -2.6309527425627647e+002	  1.0614403845872216e+003	
  2.4000000000000000e+002	 -2.6573602118854313e+002	  1.0664451981640273e+003	
  2.7000000000000000e+002	 -2.6548504633450597e+002	  1.0643991950568629e+003	
  3.0000000000000000e+002	 -2.6520537272409848e+002	  1.0640385264131480e+003	
  3.3000000000000000e+002	 -2.6648899715181369e+002	  1.0646596736327815e+003	
  3.6000000000000000e+002	 -2.6765607380599789e+002	  1.0657171879689026e+003	
  3.9000000000000000e+002	 -2.6673637924069425e+002	  1.0644125535439130e+003	
  4.2000000000000000e+002	 -2.6571092396693177e+002	  1.0648734029337043e+003	
  4.5000000000000000e+002	 -2.6465856974344723e+002	  1.0653743353785014e+003	
  4.8000000000000000e+002	 -2.6461017421190462e+002	  1.0647887988278753e+003	
  5.1000000000000000e+002	 -2.6501712481059883e+002	  1.0648778576159771e+003	
  5.4000000000000000e+002	 -2.6710210250168245e+002	  1.0654611570137697e+003	
  5.7000000000000000e+002	 -2.6916557425148858e+002	  1.0678299881983635e+003	
  6.0000000000000000e+002	 -2.6917991096868298e+002	  1.0666500265273462e+003	
  6.3000000000000000e+002	 -2.6622722242007114e+002	  1.0666678322732510e+003	
  6.6000000000000000e+002	 -2.6478048583744823e+002	  1.0659487241889024e+003	
  6.9000000000000000e+002	 -2.6428211236836069e+002	  1.0659531803621685e+003	
  7.2000000000000000e+002	 -2.6275825566670653e+002	  1.0668014146295122e+003	
  7.5000000000000000e+002	 -2.6206266678243236e+002	  1.0678500183134306e+003	
  7.8000000000000000e+002	 -2.6219890541265079e+002	  1.0669528071114012e+003	
  8.1000000000000000e+002	 -2.6366538576475068e+002	  1.0665631956880793e+003	
  8.4000000000000000e+002	 -2.6615911716660537e+002	  1.0662426060091173e+003	
  8.7000000000000000e+002	 -2.6985936984383341e+002	  1.0702121759420345e+003	
  9.0000000000000000e+002	 -2.7610712075400795e+002	  1.0700741370129751e+003	
  9.3000000000000000e+002	 -2.7790704411518527e+002	  1.0695130965999360e+003	
  9.6000000000000000e+002	 -2.6573780880056813e+002	  1.0716771044815982e+003	
  9.9000000000000000e+002	 -2.6112505604330710e+002	  1.0726433386831202e+003	
  1.0200000000000000e+003	 -2.6203218907884423e+002	  1.0768488960663276e+003	
  1.0500000000000000e+003	 -2.5648001976151062e+002	  1.0775190261099265e+003	
  1.0800000000000000e+003	 -2.5102285696469016e+002	  1.0798411007653840e+003	
  1.1100000000000000e+003	 -2.5403112053111454e+002	  1.0713476112073997e+003	
  1.1400000000000000e+003	 -2.6339467364824452e+002	  1.0672177437043108e+003	
  1.1700000000000000e+003	 -2.5987551114091366e+002	  1.0685379608524941e+003	
  1.2000000000000000e+003	 -2.4556570802345527e+002	  1.0731709789485717e+003	
  1.2300000000000000e+003	 -2.4558363513484392e+002	  1.0795895226212274e+003	
  1.2600000000000000e+003	 -2.4980558071551587e+002	  1.0772540928685683e+003	
  1.2900000000000000e+003	 -2.4277079541262424e+002	  1.0771605863858688e+003	
  1.3200000000000000e+003	 -2.4213974411736567e+002	  1.0764949107868854e+003	
  1.3500000000000000e+003	 -2.4449901601279680e+002	  1.0755130914159315e+003	
  1.3800000000000000e+003	 -2.4353270746483386e+002	  1.0740570681641032e+003	
  1.4100000000000000e+003	 -2.4094934888913949e+002	  1.0741750618149933e+003	
  1.4400000000000000e+003	 -2.4048145229163237e+002	  1.0721090146996619e+003	
  1.4700000000000000e+003	 -2.4321181406584384e+002	  1.0695197779242797e+003	
  1.5000000000000000e+003	 -2.4416377066291520e+002	  1.0699984407716101e+003	
  1.5300000000000000e+003	 -2.4649615247313801e+002	  1.0718574391574730e+003	
  1.5600000000000000e+003	 -2.5003146321631567e+002	  1.0726589203239728e+003	
  1.5900000000000000e+003	 -2.5923009903146686e+002	  1.0706930616712950e+003	
  1.6200000000000000e+003	 -2.6350942053964280e+002	  1.0715323911225962e+003	
  1.6500000000000000e+003	 -2.7104257427456793e+002	  1.0684310987546010e+003	
  1.6800000000000000e+003	 -2.7625591854499089e+002	  1.0656993801166386e+003	
  1.7100000000000000e+003	 -2.7689234415153680e+002	  1.0652897297219367e+003	
  1.7400000000000000e+003	 -2.7740864684273186e+002	  1.0663071656027737e+003	
  1.7700000000000000e+003	 -2.7746782558489701e+002	  1.0672221959939375e+003	
  1.8000000000000000e+003	 -2.7569120820528934e+002	  1.0682930654857241e+003	
  1.8300000000000000e+003	 -2.6531292843520060e+002	  1.0687628227415069e+003	
  1.8600000000000000e+003	 -2.6560157263334412e+002	  1.0702032659381862e+003	
  1.8900000000000000e+003	 -2.6627206573137511e+002	  1.0720466776800963e+003	
  1.9200000000000000e+003	 -2.6797338318501545e+002	  1.0700763644551585e+003	
  1.9500000000000000e+003	 -2.6999919085807812e+002	  1.0685112484446213e+003	
  1.9800000000000000e+003	 -2.7184394423098604e+002	  1.0700318416635259e+003	
  2.0100000000000000e+003	 -2.6686366385658073e+002	  1.0701654191383216e+003	
  2.0400000000000000e+003	 -2.6824587425058087e+002	  1.0696555854546750e+003	
  2.0700000000000000e+003	 -2.7058544188054714e+002	  1.0702121706837293e+003	
  2.1000000000000000e+003	 -2.7019460275434187e+002	  1.0665810042378630e+003	
  2.1300000000000000e+003	 -2.7075394653859934e+002	  1.0660400082784495e+003	
  2.1600000000000000e+003	 -2.6807018880701497e+002	  1.0670351811044868e+003	
  2.1900000000000000e+003	 -2.6095652144234856e+002	  1.0697246043620471e+003	
  2.2200000000000000e+003	 -2.6456177135128746e+002	  1.0687004847443754e+003	
  2.2500000000000000e+003	 -2.6577187979594493e+002	  1.0681082819375747e+003	
  2.2800000000000000e+003	 -2.6548145964364011e+002	  1.0667234935425524e+003	
  2.3100000000000000e+003	 -2.6765425913464662e+002	  1.0684489074248336e+003	
  2.3400000000000000e+003	 -2.7244630490922111e+002	  1.0682396338596034e+003	
  2.3700000000000000e+003	 -2.7179194358501053e+002	  1.0675361054946995e+003	
  2.4000000000000000e+003	 -2.6832834521678757e+002	  1.0667368540260861e+003	
  2.4300000000000000e+003	 -2.6637424498689654e+002	  1.0656971511239840e+003	
  2.4600000000000000e+003	 -2.6706445673752989e+002	  1.0665008598965749e+003	
  2.4900000000000000e+003	 -2.6841798006027142e+002	  1.0678433447659868e+003	
  2.5200000000000000e+003	 -2.7157501994082457e+002	  1.0689453816303508e+003	
  2.5500000000000000e+003	 -2.7004580963846138e+002	  1.0699694999610695e+003	
  2.5800000000000000e+003	 -2.7187980228049418e+002	  1.0682262718287377e+003	
  2.6100000000000000e+003	 -2.7123262157848006e+002	  1.0678099490174377e+003	
  2.6400000000000000e+003	 -2.6774928622531871e+002	  1.0690767377503068e+003	
  2.6700000000000000e+003	 -2.6849865173006265e+002	  1.0702900952015946e+003	
  2.7000000000000000e+003	 -2.7302357906461879e+002	  1.0688474222282935e+003	
  2.7300000000000000e+003	 -2.7485038997903291e+002	  1.0681305409911236e+003	
  2.7600000000000000e+003	 -2.7171487770530882e+002	  1.0688607846162572e+003	
  2.7900000000000000e+003	 -2.7194613212548433e+002	  1.0741683788477585e+003	
  2.8200000000000000e+003	 -2.7594935018238937e+002	  1.0738811827424513e+003	
  2.8500000000000000e+003	 -2.7513722477865241e+002	  1.0729127256252891e+003	
  2.8800000000000000e+003	 -2.7300206633900240e+002	  1.0719977002591336e+003	
  2.9100000000000000e+003	 -2.6362057470297805e+002	  1.0727568838172199e+003	
  2.9400000000000000e+003	 -2.6663239686483621e+002	  1.0733179221623477e+003	
  2.9700000000000000e+003	 -2.6849865756313613e+002	  1.0700095756687824e+003	
  3.0000000000000000e+003	 -2.6829428638009057e+002	  1.0661646807761140e+003	
  3.0300000000000000e+003	 -2.6601569680609919e+002	  1.0640207097812831e+003	
  3.0600000000000000e+003	 -2.6393070578318873e+002	  1.0643546700001630e+003	
  3.0900000000000000e+003	 -2.6246245261050689e+002	  1.0606411279687568e+003	
  3.1200000000000000e+003	 -2.6264888793121838e+002	  1.0592852865327466e+003	
  3.1500000000000000e+003	 -2.6335882128750592e+002	  1.0606834310628437e+003	
  3.1800000000000000e+003	 -2.6733515104877432e+002	  1.0685802658432131e+003	
  3.2100000000000000e+003	 -2.6300026011622322e+002	  1.0778730173990039e+003	
  3.2400000000000000e+003	 -2.2925699010995777e+002	  1.0908280985407491e+003	
  3.2700000000000000e+003	 -1.9331042961920343e+002	  1.0656971529154341e+003	
  3.3000000000000000e+003	 -2.1423011378289758e+002	  1.0515554253309383e+003	
  3.3300000000000000e+003	 -1.2066971715808636e+002	  9.9266422572640022e+002	
  3.3600000000000000e+003	  9.3168550073663440e+001	  8.7699240317716612e+002	
  3.3900000000000000e+003	 -7.7276022095475355e+001	  7.3573990522089525e+002	
  3.4200000000000000e+003	 -1.8690313285359525e+002	  6.0256013482063349e+002	
  3.4500000000000000e+003	 -9.0225092649916377e+001	  4.8465083692162762e+002	
  3.4800000000000000e+003	 -1.3338212241638041e+002	  4.6524157739146597e+002	
  3.5100000000000000e+003	 -1.3703041288892268e+002	  4.7110130961815941e+002	
  3.5400000000000000e+003	 -1.3853095941762695e+002	  4.7987754839477600e+002	
  3.5700000000000000e+003	 -1.3977332759343190e+002	  4.8292986875616964e+002	
  3.6000000000000000e+003	 -1.3593501967952790e+002	  4.7301819167357951e+002	
  3.6300000000000000e+003	 -1.3444167717918927e+002	  4.6717404105121494e+002	
  3.6600000000000000e+003	 -1.3624516507463522e+002	  4.6848758982141698e+002	
  3.6900000000000000e+003	 -1.3701248649950571e+002	  4.6832729782030799e+002	
  3.7200000000000000e+003	 -1.3845389272969908e+002	  4.7396439718896761e+002	
  3.7500000000000000e+003	 -1.3861341411454742e+002	  4.7514435608038309e+002	
  3.7800000000000000e+003	 -1.3969801672416401e+002	  4.7882004099961125e+002	
  3.8100000000000000e+003	 -1.3990059176956242e+002	  4.7866419420332340e+002	
  3.8400000000000000e+003	 -1.4086333480937978e+002	  4.7989537258625694e+002	
  3.8700000000000000e+003	 -1.4110177784218985e+002	  4.7957477480447534e+002	
  3.9000000000000000e+003	 -1.4008168514653457e+002	  4.7729499917554978e+002	
  3.9300000000000000e+003	 -1.3890027250089031e+002	  4.7314286423959385e+002	
  3.9600000000000000e+003	 -1.4032012701956887e+002	  4.7660705678086481e+002	
  3.9900000000000000e+003	 -1.4035237059854157e+002	  4.7663153903318909e+002	
  4.0200000000000000e+003	 -1.4021613111998212e+002	  4.7732394597236635e+002	
  4.0500000000000000e+003	 -1.3974461463859831e+002	  4.7719926343590186e+002	
  4.0800000000000000e+003	 -1.4043486385539435e+002	  4.7962597965468524e+002	
  4.1100000000000000e+003	 -1.4068583005025738e+002	  4.8024491144697743e+002	
  4.1400000000000000e+003	 -1.4142445047494857e+002	  4.8218404483577524e+002	
  4.1700000000000000e+003	 -1.4195331995238024e+002	  4.8411650151382207e+002	
  4.2000000000000000e+003	 -1.4261127094099933e+002	  4.8561928611049007e+002	
  4.2300000000000000e+003	 -1.4321180953545340e+002	  4.8671464590997647e+002	
  4.2600000000000000e+003	 -1.4293573215437041e+002	  4.8878737811441607e+002	
  4.2900000000000000e+003	 -1.4192106976083878e+002	  4.8661001004252358e+002	
  4.3200000000000000e+003	 -1.3564817429335386e+002	  4.8092171358057158e+002	
  4.3500000000000000e+003	 -1.3224196055059292e+002	  4.8099740664178688e+002	
  4.3800000000000000e+003	 -1.2605697110218235e+002	  4.9327568596662405e+002	
  4.4100000000000000e+003	 -1.2693539170581285e+002	  5.0106342771501784e+002	
  4.4400000000000000e+003	 -1.2791244049397032e+002	  4.9799774839841029e+002	
  4.4700000000000000e+003	 -1.2995797415780143e+002	  5.0227455444724683e+002	
  4.5000000000000000e+003	 -1.4151407144720619e+002	  4.9022114296833195e+002	
  4.5300000000000000e+003	 -1.3464427309659249e+002	  4.7983303562987942e+002	
  4.5600000000000000e+003	 -8.2053757715981405e+001	  5.3700993881878219e+002	
  4.5900000000000000e+003	 -2.5541152598953718e+002	  4.6473620691894791e+002	
  4.6200000000000000e+003	 -1.7994898913715178e+002	  2.5003446914500228e+002	
  4.6500000000000000e+003	 -2.8632405372025738e+002	  1.8143865391502996e+002	
  4.6800000000000000e+003	 -2.5772955739549104e+002	  1.8955811320860644e+002	
  4.7100000000000000e+003	 -2.3991494089071952e+002	  1.9496812463746636e+002	
  4.7400000000000000e+003	 -2.6387334643230133e+002	  1.8086870214268896e+002	
  4.7700000000000000e+003	 -2.6440579749153113e+002	  1.8273881422004780e+002	
  4.8000000000000000e+003	 -2.6160728632496432e+002	  1.8033435960918655e+002	
  4.8300000000000000e+003	 -2.5832476633779447e+002	  1.7764269885613507e+002	
  4.8600000000000000e+003	 -2.5791241848727992e+002	  1.7742007552427759e+002	
  4.8900000000000000e+003	 -2.5923010446100216e+002	  1.7873140933920200e+002	
  4.9200000000000000e+003	 -2.6029679309450859e+002	  1.7968204739954692e+002	
  4.9500000000000000e+003	 -2.6060695302076510e+002	  1.8000487813286492e+002	
  4.9800000000000000e+003	 -2.6174712635771112e+002	  1.8079745675208989e+002	
  5.0100000000000000e+003	 -2.6344844727230367e+002	  1.8212657304422549e+002	
  5.0400000000000000e+003	 -2.6407772510007356e+002	  1.8279668393702809e+002	
  5.0700000000000000e+003	 -2.6367971774668388e+002	  1.8215996650639107e+002	
  5.1000000000000000e+003	 -2.6384826035031699e+002	  1.8226682373692637e+002	
  5.1300000000000000e+003	 -2.6529499938642977e+002	  1.8369613432749503e+002	
  5.1600000000000000e+003	 -2.6535953925885968e+002	  1.8367612062640370e+002	
  5.1900000000000000e+003	 -2.6535595154252667e+002	  1.8335329594061659e+002	
  5.2200000000000000e+003	 -2.6589019823761930e+002	  1.8361822795426406e+002	
  5.2500000000000000e+003	 -2.6602466448853630e+002	  1.8411914185707593e+002	
  5.2800000000000000e+003	 -2.6610352429746519e+002	  1.8470243738228601e+002	
  5.3100000000000000e+003	 -2.6556212248049798e+002	  1.8501191665628480e+002	
  5.3400000000000000e+003	 -2.6452232759160171e+002	  1.8471803145438952e+002	
  5.3700000000000000e+003	 -2.6372276998012183e+002	  1.8403011571688674e+002	
  5.4000000000000000e+003	 -2.6298950645946479e+002	  1.8309058832140258e+002	
  5.4300000000000000e+003	 -2.6341798173081469e+002	  1.8360709241735304e+002	
  5.4600000000000000e+003	 -2.6406516507734608e+002	  1.8387647383069782e+002	
  5.4900000000000000e+003	 -2.6353810265255146e+002	  1.8374955828891711e+002	
  5.5200000000000000e+003	 -2.6246422874238925e+002	  1.8289911785031649e+002	
  5.5500000000000000e+003	 -2.6390023144723250e+002	  1.8425717374012007e+002	
  5.5800000000000000e+003	 -2.6435202523196506e+002	  1.8414586067062965e+002	
  5.6100000000000000e+003	 -2.6436096690768244e+002	  1.8493842600173116e+002	
  5.6400000000000000e+003	 -2.6754311613363950e+002	  1.8642340073238807e+002	
  5.6700000000000000e+003	 -2.7394685949454168e+002	  1.8930875183163073e+002	
  5.7000000000000000e+003	 -2.7069657979296210e+002	  1.8640560204956256e+002	
  5.7300000000000000e+003	 -2.6357036621903757e+002	  1.7971545606653336e+002	
  5.7600000000000000e+003	 -2.6230647932102511e+002	  1.7774513323088462e+002	
  5.7900000000000000e+003	 -2.6355245057128229e+002	  1.7903864748023389e+002	
  5.8200000000000000e+003	 -2.6284788379846913e+002	  1.8116700846638636e+002	
  5.8500000000000000e+003	 -2.6276183957695810e+002	  1.8789502751314771e+002	
  5.8800000000000000e+003	 -1.6441656504528692e+002	  2.5530644344319663e+002	
  5.9100000000000000e+003	 -3.0327275792118553e+002	  4.8303672844586691e+002	
  5.9400000000000000e+003	 -2.2360982081495951e+002	  6.5288881826535692e+002	
  5.9700000000000000e+003	  7.4339224349929438e+001	  7.8975764319151369e+002	
  6.0000000000000000e+003	 -1.0914583021056110e+002	  9.6663161163716973e+002	
  6.0300000000000000e+003	 -4.1367432382918759e+002	  9.3964611996260760e+002	
  6.0600000000000000e+003	 -5.3193533105599090e+002	  8.5291229115711906e+002	
  6.0900000000000000e+003	 -5.8217555168993147e+002	  8.5566182256434718e+002	
  6.1200000000000000e+003	 -5.8555490776581132e+002	  8.5609373026454193e+002	
  6.1500000000000000e+003	 -5.8203213864671204e+002	  8.5710672060413765e+002	
  6.1800000000000000e+003	 -5.8332113004407813e+002	  8.5817536023495575e+002	
  6.2100000000000000e+003	 -5.8293389259813068e+002	  8.5582656533704755e+002	
  6.2400000000000000e+003	 -5.8059434616119688e+002	  8.5746961113876682e+002	
  6.2700000000000000e+003	 -5.8146741917537634e+002	  8.5806849821236415e+002	
  6.3000000000000000e+003	 -6.0874600639384983e+002	  8.5369818393330536e+002	
  6.3300000000000000e+003	 -4.5491849711595677e+002	  8.6314678121961936e+002	
  6.3600000000000000e+003	 -3.8836778019990891e+002	  9.4769879722076689e+002	
  6.3900000000000000e+003	 -1.2335693877978092e+002	  9.6732623316307581e+002	
  6.4200000000000000e+003	  6.8446515604778369e+001	  7.9103333504586078e+002	
  6.4500000000000000e+003	 -1.8251085837508867e+002	  6.9222605830267514e+002	
  6.4800000000000000e+003	 -9.5829251843428295e+001	  5.5003627188997120e+002	
  6.5100000000000000e+003	 -1.1099954664071507e+002	  4.7109908989218945e+002	
  6.5400000000000000e+003	 -1.1340369820538240e+002	  4.6825605450718729e+002	
  6.5700000000000000e+003	 -1.1119498157679331e+002	  4.6967423306709077e+002	
  6.6000000000000000e+003	 -1.1208420475534744e+002	  4.7175363435251467e+002	
  6.6300000000000000e+003	 -1.1423552244566773e+002	  4.7449203742279877e+002	
  6.6600000000000000e+003	 -1.1517308432778285e+002	  4.7339667363334274e+002	
  6.6900000000000000e+003	 -1.1321184123825137e+002	  4.7192506901727938e+002	
  6.7200000000000000e+003	 -1.1268657269203202e+002	  4.7222116335914450e+002	
  6.7500000000000000e+003	 -1.1169155109558756e+002	  4.7322969182740565e+002	
  6.7800000000000000e+003	 -1.1475718849132656e+002	  4.7716587707730798e+002	
  6.8100000000000000e+003	 -1.1506375266469763e+002	  4.7809648641902515e+002	
  6.8400000000000000e+003	 -1.1532906744318470e+002	  4.7860631994410977e+002	
  6.8700000000000000e+003	 -1.1730471132231301e+002	  4.8024935562295911e+002	
  6.9000000000000000e+003	 -1.2127029059102522e+002	  4.8504712663559746e+002	
  6.9300000000000000e+003	 -1.2070377852092028e+002	  4.8553914367230516e+002	
  6.9600000000000000e+003	 -1.1990956905358016e+002	  4.8561929165378876e+002	
  6.9900000000000000e+003	 -1.2114836579736081e+002	  4.8803709223512612e+002	
  7.0200000000000000e+003	 -1.2033085162508542e+002	  4.8860704622863170e+002	
  7.0500000000000000e+003	 -1.1816705525476300e+002	  4.8946641686792009e+002	
  7.0800000000000000e+003	 -1.1878908428049246e+002	  4.9294618083103870e+002	
  7.1100000000000000e+003	 -1.1680990945196095e+002	  4.9013654481389574e+002	
  7.1400000000000000e+003	 -1.1255571187947510e+002	  4.8315249830440814e+002	
  7.1700000000000000e+003	 -1.0916738473080036e+002	  4.7837255209683553e+002	
  7.2000000000000000e+003	 -1.1175431593571156e+002	  4.8208830691633665e+002	
  7.2300000000000000e+003	 -1.1497951640554459e+002	  4.8679925669469520e+002	
  7.2600000000000000e+003	 -1.1246424290639474e+002	  4.8437032335718669e+002	
  7.2900000000000000e+003	 -1.1174892305948455e+002	  4.8335956066351321e+002	
  7.3200000000000000e+003	 -1.1169158987592741e+002	  4.8307236067677604e+002	
  7.3500000000000000e+003	 -1.1161628779708501e+002	  4.8382707577801511e+002	
  7.3800000000000000e+003	 -1.1048684965106357e+002	  4.8247347061932652e+002	
  7.4100000000000000e+003	 -1.1068045324181465e+002	  4.8129795951657098e+002	
  7.4400000000000000e+003	 -1.1081674916516199e+002	  4.8077254859617494e+002	
  7.4700000000000000e+003	 -1.1013186324990718e+002	  4.8027161618022620e+002	
  7.5000000000000000e+003	 -1.0810068041454493e+002	  4.7782041197333831e+002	
  7.5300000000000000e+003	 -1.0703935537804864e+002	  4.7595250735731298e+002	
  7.5600000000000000e+003	 -1.0711465213203948e+002	  4.7581002498801610e+002	
  7.5900000000000000e+003	 -1.0750909263616749e+002	  4.7625751927077562e+002	
  7.6200000000000000e+003	 -1.0658221922318521e+002	  4.7615734371164388e+002	
  7.6500000000000000e+003	 -1.0692824381459636e+002	  4.7665603526743217e+002	
  7.6800000000000000e+003	 -1.0934847080874950e+002	  4.7969277304962054e+002	
  7.7100000000000000e+003	 -1.0705730609039051e+002	  4.7764676587806332e+002	
  7.7400000000000000e+003	 -1.0299846119856178e+002	  4.7085864557913118e+002	
  7.7700000000000000e+003	 -1.0300926139581190e+002	  4.7171578409988160e+002	
  7.8000000000000000e+003	 -1.0959046600331926e+002	  4.7598813256195643e+002	
  7.8300000000000000e+003	 -1.1007450711889560e+002	  4.7971725564522802e+002	
  7.8600000000000000e+003	 -1.1008526199435191e+002	  4.8558589468623296e+002	
  7.8900000000000000e+003	 -1.1231546572509691e+002	  4.9182187502714157e+002	
  7.9200000000000000e+003	 -1.1320283663958480e+002	  4.9176399280331077e+002	
  7.9500000000000000e+003	 -1.1232621851221366e+002	  4.8798366980377921e+002	
  7.9800000000000000e+003	 -1.1303436508644897e+002	  4.8660555776197896e+002	
  8.0100000000000000e+003	 -1.1368689951463561e+002	  4.8903226559537814e+002	
  8.0400000000000000e+003	 -1.1476797033818029e+002	  4.9216474297267524e+002	
  8.0700000000000000e+003	 -1.1670415614944832e+002	  4.9641259814683292e+002	
  8.1000000000000000e+003	 -1.1512651928781479e+002	  4.9330240104696696e+002	
  8.1300000000000000e+003	 -1.1522865868722738e+002	  4.9386566376409644e+002	
  8.1600000000000000e+003	 -1.1398806979649355e+002	  4.8951984153821121e+002	
  8.1900000000000000e+003	 -1.1267939203519673e+002	  4.8946863430774681e+002	
  8.2200000000000000e+003	 -1.1298954292509379e+002	  4.9102039222161545e+002	
  8.2500000000000000e+003	 -1.1363849380139291e+002	  4.9173505158692330e+002	
  8.2800000000000000e+003	 -1.1553346767815215e+002	  4.9571130422145296e+002	
  8.3100000000000000e+003	 -1.1597090562986291e+002	  4.9647938770746521e+002	
  8.3400000000000000e+003	 -1.1588306766377029e+002	  4.9942260413725472e+002	
  8.3700000000000000e+003	 -1.1704835634833969e+002	  5.0555173129908542e+002	
  8.4000000000000000e+003	 -1.1790529731828738e+002	  5.0859737267268537e+002	
  8.4300000000000000e+003	 -1.1531297302218840e+002	  5.0036435191446134e+002	
  8.4600000000000000e+003	 -1.1549759997967007e+002	  4.9897511903535644e+002	
  8.4900000000000000e+003	 -1.1487551539104315e+002	  4.8991612833137367e+002	
  8.5200000000000000e+003	 -1.1609641341732129e+002	  4.9602743813111266e+002	
  8.5500000000000000e+003	 -1.1551374512840918e+002	  5.0984188856634410e+002	
  8.5800000000000000e+003	 -1.1312401349570068e+002	  5.0455210859985925e+002	
  8.6100000000000000e+003	 -1.1315987349621419e+002	  5.0277771257211805e+002	
  8.6400000000000000e+003	 -1.1158580403656292e+002	  4.9724747216086359e+002	
  8.6700000000000000e+003	 -1.1366002877265885e+002	  5.0550052217686272e+002	
  8.7000000000000000e+003	 -1.1646566779083926e+002	  5.0957695815175992e+002	
  8.7300000000000000e+003	 -1.1533626907236189e+002	  5.0566526567189715e+002	
  8.7600000000000000e+003	 -1.1350763300257844e+002	  4.9763263698002118e+002	
  8.7900000000000000e+003	 -1.1663243320605253e+002	  5.0418253156197017e+002	
  8.8200000000000000e+003	 -1.1362237125322778e+002	  4.8961335522547125e+002	
  8.8500000000000000e+003	 -1.1358654991769870e+002	  4.8762744497837156e+002	
  8.8800000000000000e+003	 -1.1340544726980129e+002	  4.8472429646188982e+002	
  8.9100000000000000e+003	 -1.0988627694427294e+002	  4.8050538961206769e+002	
  8.9400000000000000e+003	 -1.1145493615743553e+002	  4.8248014970261994e+002	
  8.9700000000000000e+003	 -1.1134738886540261e+002	  4.8990500688382809e+002	
  9.0000000000000000e+003	 -1.0372100643753565e+002	  4.7521336931875186e+002	
  9.0300000000000000e+003	 -1.0707165096848738e+002	  4.7959258403669548e+002	
  9.0600000000000000e+003	 -1.0523585869257538e+002	  4.7738404974892990e+002	
  9.0900000000000000e+003	 -1.0343776864663853e+002	  4.6914657936943939e+002	
  9.1200000000000000e+003	 -1.0392180850543912e+002	  4.6734993228072892e+002	
  9.1500000000000000e+003	 -1.0076832422533330e+002	  4.6225383310852078e+002	
  9.1800000000000000e+003	 -1.0190314087735572e+002	  4.6789093134873548e+002	
  9.2100000000000000e+003	 -9.9848636927446407e+001	  4.5805717757040730e+002	
  9.2400000000000000e+003	 -9.8161681271120514e+001	  4.5122008284120193e+002	
  9.2700000000000000e+003	 -1.0372099769309042e+002	  4.7197182134066441e+002	
  9.3000000000000000e+003	 -1.0748933528349751e+002	  4.8624711958946398e+002	
  9.3300000000000000e+003	 -1.0588484158425703e+002	  4.8046976659741057e+002	
  9.3600000000000000e+003	 -1.0584899628406205e+002	  4.8335954359573100e+002	
  9.3900000000000000e+003	 -1.0305050771706806e+002	  4.6973879074435007e+002	
  9.4200000000000000e+003	 -1.0530218435746042e+002	  4.7275548732179425e+002	
  9.4500000000000000e+003	 -1.0789988191743414e+002	  4.7983079957220400e+002	
  9.4800000000000000e+003	 -1.1125770215597352e+002	  4.9154804567128485e+002	
  9.5100000000000000e+003	 -1.1448287838335447e+002	  5.0196954784392358e+002	
  9.5400000000000000e+003	 -1.1151589967051780e+002	  4.8469312912806038e+002	
  9.5700000000000000e+003	 -1.0616272006935590e+002	  4.5994956909104440e+002	
  9.6000000000000000e+003	 -1.0773677417121856e+002	  4.6495438913821636e+002	
  9.6300000000000000e+003	 -1.0923550750163140e+002	  4.6561783583123372e+002	
  9.6600000000000000e+003	 -1.0706268516237355e+002	  4.5569057812978718e+002	
  9.6900000000000000e+003	 -1.1014622070582364e+002	  4.6800669757159721e+002	
  9.7200000000000000e+003	 -1.1757898690721738e+002	  5.0586564662513155e+002	
  9.7500000000000000e+003	 -1.1002612370606376e+002	  4.7381522334307692e+002	
  9.7800000000000000e+003	 -1.1179018613916563e+002	  4.7468794285525655e+002	
  9.8100000000000000e+003	 -1.1194794865371921e+002	  4.7800965319179039e+002	
  9.8400000000000000e+003	 -1.1137065736225880e+002	  4.7680966034888513e+002	
  9.8700000000000000e+003	 -1.1131332184153652e+002	  4.7794509514621387e+002	
  9.9000000000000000e+003	 -1.1100852679172729e+002	  4.7955695691334904e+002	
  9.9300000000000000e+003	 -1.0899707753090429e+002	  4.7633990219302348e+002	
  9.9600000000000000e+003	 -1.1372995268134900e+002	  4.7724601350239908e+002	
  9.9900000000000000e+003	 -1.1086694924494410e+002	  4.7707013444127671e+002	
  1.0020000000000000e+004	 -1.1094578554246041e+002	  4.7772690493693392e+002	
  1.0050000000000000e+004	 -1.1099776387245269e+002	  4.7568757574392413e+002	
  1.0080000000000000e+004	 -1.1051014857608034e+002	  4.7522895263669108e+002	
  1.0110000000000000e+004	 -1.0964782909241526e+002	  4.7748870345655524e+002	
  1.0140000000000000e+004	 -1.0906161770406086e+002	  4.7797626882811073e+002	
  1.0170000000000000e+004	 -1.0812579854952932e+002	  4.7870649566110785e+002	
  1.0200000000000000e+004	 -1.0838396339912333e+002	  4.7792505842544676e+002	
  1.0230000000000000e+004	 -1.0773677523566728e+002	  4.8017587464373145e+002	
  1.0260000000000000e+004	 -1.0595117944387593e+002	  4.7993990149295024e+002	
  1.0290000000000000e+004	 -1.0727244545059861e+002	  4.8031169084460555e+002	
  1.0320000000000000e+004	 -1.0818138645777631e+002	  4.8103080335587765e+002	
  1.0350000000000000e+004	 -1.0924444827834789e+002	  4.8326159180526611e+002	
  1.0380000000000000e+004	 -1.0767041370105463e+002	  4.8679702397881294e+002	
  1.0410000000000000e+004	 -8.2907052551312773e+001	  5.5941362307394456e+002	
  1.0440000000000000e+004	 -2.5440580111023618e+002	  4.2371139874057337e+002	
  1.0470000000000000e+004	 -2.0619677888907682e+002	  1.9062007151022470e+002	
  1.0500000000000000e+004	 -2.7802895675144379e+002	  1.8540149410434242e+002	
  1.0530000000000000e+004	 -2.7621467345392182e+002	  1.8661710984819081e+002	
  1.0560000000000000e+004	 -2.8118061779059769e+002	  1.8011172643943900e+002	
  1.0590000000000000e+004	 -2.7402392829464208e+002	  1.7801674982059330e+002	
  1.0620000000000000e+004	 -2.7271703186804433e+002	  1.7212139292699021e+002	
  1.0650000000000000e+004	 -2.7208954455558808e+002	  1.7247984010126896e+002	
  1.0680000000000000e+004	 -2.7217380516246504e+002	  1.7271582204461168e+002	
  1.0710000000000000e+004	 -2.7324229832010815e+002	  1.7294289443662882e+002	
  1.0740000000000000e+004	 -2.7455101465943034e+002	  1.7465051016565843e+002	
  1.0770000000000000e+004	 -2.7308631907012420e+002	  1.7634699722900689e+002	
  1.0800000000000000e+004	 -2.7288194622941199e+002	  1.7670986612158663e+002	
  1.0830000000000000e+004	 -2.7248037718883944e+002	  1.7468392462681700e+002	
  1.0860000000000000e+004	 -2.7224553535247702e+002	  1.7506684136807047e+002	
  1.0890000000000000e+004	 -2.7257538046420621e+002	  1.7783195375137075e+002	
  1.0920000000000000e+004	 -2.7177581636986480e+002	  1.7910988430412220e+002	
  1.0950000000000000e+004	 -2.7076112327805151e+002	  1.8025869118014867e+002	
  1.0980000000000000e+004	 -2.7025017758122112e+002	  1.8081080725978981e+002	
  1.1010000000000000e+004	 -2.6879805060740483e+002	  1.8058595220749947e+002	
  1.1040000000000000e+004	 -2.6678478570914967e+002	  1.7931471172702558e+002	
  1.1070000000000000e+004	 -2.6616269260273032e+002	  1.7881376565972727e+002	
  1.1100000000000000e+004	 -2.6658218716475784e+002	  1.7885384128124252e+002	
  1.1130000000000000e+004	 -2.6641546362608403e+002	  1.7851099749635077e+002	
  1.1160000000000000e+004	 -2.6573063655054193e+002	  1.7632251676518496e+002	
  1.1190000000000000e+004	 -2.6623261607324861e+002	  1.7633141307780673e+002	
  1.1220000000000000e+004	 -2.6678836239121637e+002	  1.7574142936498689e+002	
  1.1250000000000000e+004	 -2.6730648268758233e+002	  1.7576146041743138e+002	
  1.1280000000000000e+004	 -2.6890740953483072e+002	  1.7805905305705284e+002	
  1.1310000000000000e+004	 -2.6761842482987277e+002	  1.7585498176909414e+002	
  1.1340000000000000e+004	 -2.6800566124613852e+002	  1.7605980788853790e+002	
  1.1370000000000000e+004	 -2.7205908139331484e+002	  1.8576218258335857e+002	
  1.1400000000000000e+004	 -2.7283535509667956e+002	  1.9092285247287947e+002	
  1.1430000000000000e+004	 -2.7164316405943413e+002	  1.8874549475058626e+002	
  1.1460000000000000e+004	 -2.7305764194818528e+002	  1.8729391604801398e+002	
  1.1490000000000000e+004	 -2.7310244784683874e+002	  1.8327091374438859e+002	
  1.1520000000000000e+004	 -2.7201425026156812e+002	  1.8064160297994417e+002	
  1.1550000000000000e+004	 -2.7121469433400728e+002	  1.8032548062362525e+002	
  1.1580000000000000e+004	 -2.7336777664990785e+002	  1.8337333194975136e+002	
  1.1610000000000000e+004	 -2.7274569492033640e+002	  1.8300375367431977e+002	
  1.1640000000000000e+004	 -2.7093859854525499e+002	  1.8073290864401557e+002	
  1.1670000000000000e+004	 -2.6960119239388780e+002	  1.7851990204519757e+002	
  1.1700000000000000e+004	 -2.6895221612443510e+002	  1.7396480058139690e+002	
  1.1730000000000000e+004	 -2.6803254027294196e+002	  1.7114179999063543e+002	
  1.1760000000000000e+004	 -2.6817596171963424e+002	  1.7117076439859980e+002	
  1.1790000000000000e+004	 -2.6759153562645207e+002	  1.7051621473466906e+002	
  1.1820000000000000e+004	 -2.6057825934955548e+002	  1.7679894856249331e+002	
  1.1850000000000000e+004	 -1.8135631928004014e+002	  2.9528485834517130e+002	
  1.1880000000000000e+004	 -1.9323691920004993e+002	  5.0865079481489011e+002	
  1.1910000000000000e+004	 -9.2466076048703115e+001	  4.7626420433274978e+002	
  1.1940000000000000e+004	 -1.0484508150101692e+002	  4.3548206649598421e+002	
  1.1970000000000000e+004	 -1.0004403034351365e+002	  4.1752217233925586e+002	
  1.2000000000000000e+004	 -9.3921757212466005e+001	  4.1857967297493087e+002	
  1.2030000000000000e+004	 -1.0442551974811904e+002	  4.4461006471136750e+002	
  1.2060000000000000e+004	 -1.0888952062014923e+002	  4.5816849708354903e+002	
  1.2090000000000000e+004	 -1.0285330140162429e+002	  4.6606086678397543e+002	
  1.2120000000000000e+004	 -1.0049581709028226e+002	  4.9874358234141164e+002	
  1.2150000000000000e+004	 -1.0477336267811833e+002	  4.9883263236827190e+002	
  1.2180000000000000e+004	 -1.0582030824546305e+002	  5.0165340879370024e+002	
  1.2210000000000000e+004	 -1.0765789851907834e+002	  4.9989014333646503e+002	
  1.2240000000000000e+004	 -1.1114121145883773e+002	  5.0279551542434729e+002	
  1.2270000000000000e+004	 -6.4900599238287697e+001	  5.2313315469887198e+002	
  1.2300000000000000e+004	 -1.9859367468750440e+002	  4.9619441266479146e+002	
  1.2330000000000000e+004	 -1.9960300269975960e+002	  3.1815383488921361e+002	
  1.2360000000000000e+004	 -4.0813053095329288e+001	  3.2177814302514761e+001	
  1.2390000000000000e+004	 -1.8843772927381050e+002	 -1.4159468138558472e+002	
  1.2420000000000000e+004	 -5.2755204703859340e+002	 -3.8609600309979385e+002	
  1.2450000000000000e+004	 -6.1843586117111431e+002	 -3.4164263265160292e+002	
  1.2480000000000000e+004	 -6.2182775838237194e+002	 -3.4294949356639927e+002	
  1.2510000000000000e+004	 -6.3339821566968862e+002	 -3.4732426012899839e+002	
  1.2540000000000000e+004	 -6.3549215028946651e+002	 -3.4766489525510224e+002	
  1.2570000000000000e+004	 -6.2921571152215597e+002	 -3.4557212678936338e+002	
  1.2600000000000000e+004	 -6.2620746298580468e+002	 -3.4439217948705129e+002	
  1.2630000000000000e+004	 -6.2350039494663838e+002	 -3.4356619373133270e+002	
  1.2660000000000000e+004	 -6.2647637387479085e+002	 -3.4436767945462537e+002	
  1.2690000000000000e+004	 -6.4417805292947924e+002	 -3.0823859297424781e+002	
  1.2720000000000000e+004	 -5.9801276728818470e+002	 -2.2447915905706404e+002	
  1.2750000000000000e+004	 -4.8165746622250253e+002	 -1.4827150787225986e+002	
  1.2780000000000000e+004	 -4.2135628354026903e+002	 -2.6437742674543358e+002	
  1.2810000000000000e+004	 -4.1258073467344957e+002	 -2.9749205982807558e+002	
  1.2840000000000000e+004	 -4.1091348005820475e+002	 -2.9561969166818835e+002	
  1.2870000000000000e+004	 -4.1883746408040099e+002	 -2.9307719410601214e+002	
  1.2900000000000000e+004	 -4.1698554417175939e+002	 -2.9138072729057421e+002	
  1.2930000000000000e+004	 -4.1894323365652087e+002	 -2.9069058307540325e+002	
  1.2960000000000000e+004	 -4.0077364213804736e+002	 -3.1436771728137677e+002	
  1.2990000000000000e+004	 -4.0481452188223676e+002	 -3.0674695727261923e+002	
  1.3020000000000000e+004	 -4.0398985086381271e+002	 -3.0281522568460457e+002	
  1.3050000000000000e+004	 -4.0710207426132018e+002	 -3.0012359415364091e+002	
  1.3080000000000000e+004	 -4.0332833494570366e+002	 -3.0585641594719971e+002	
  1.3110000000000000e+004	 -4.0432151903019070e+002	 -3.0915585869089239e+002	
  1.3140000000000000e+004	 -4.0745165895559956e+002	 -3.0754174948167355e+002	
  1.3170000000000000e+004	 -4.0809885885147366e+002	 -3.0660445869934938e+002	
  1.3200000000000000e+004	 -4.1037744514272555e+002	 -3.0431132568272290e+002	
  1.3230000000000000e+004	 -4.1068400550249180e+002	 -3.0350317078311798e+002	
  1.3260000000000000e+004	 -4.0597084736644712e+002	 -3.0814510985030103e+002	
  1.3290000000000000e+004	 -4.0622363083874410e+002	 -3.0811170550538208e+002	
  1.3320000000000000e+004	 -4.0351835001849429e+002	 -3.1053842490160099e+002	
  1.3350000000000000e+004	 -4.0698016941090128e+002	 -3.0784675677537405e+002	
  1.3380000000000000e+004	 -4.0824228271507747e+002	 -3.0778220831016142e+002	
  1.3410000000000000e+004	 -4.0878189318851054e+002	 -3.0948536448420316e+002	
  1.3440000000000000e+004	 -4.0986292302674622e+002	 -3.0883082038904860e+002	
  1.3470000000000000e+004	 -4.1041151617254638e+002	 -3.0940966181823376e+002	
  1.3500000000000000e+004	 -4.1106766460054098e+002	 -3.0960112010179563e+002	
  1.3530000000000000e+004	 -4.1731183326932887e+002	 -2.9250280224100732e+002	
  1.3560000000000000e+004	 -4.1916554662130977e+002	 -2.9641893692836913e+002	
  1.3590000000000000e+004	 -4.1979121833795637e+002	 -2.9559743504805857e+002	
  1.3620000000000000e+004	 -4.1709850190073985e+002	 -2.9786383754702331e+002	
  1.3650000000000000e+004	 -4.1617522213478134e+002	 -2.9981857195764974e+002	
  1.3680000000000000e+004	 -4.1653557488128320e+002	 -3.0008573197125736e+002	
  1.3710000000000000e+004	 -4.1728134747792745e+002	 -3.0007906215456285e+002	
  1.3740000000000000e+004	 -4.1778153275309285e+002	 -2.9930873767534888e+002	
  1.3770000000000000e+004	 -4.1310602562493330e+002	 -3.0317367257159344e+002	
  1.3800000000000000e+004	 -4.0944521074097992e+002	 -3.0639296203436845e+002	
  1.3830000000000000e+004	 -3.7273134900939419e+002	 -2.8006423448247324e+002	
  1.3860000000000000e+004	  8.7212855378254488e+001	  1.7664468789147964e+001	
  1.3890000000000000e+004	  5.5352343554310141e+002	  3.8436303797859046e+002	
  1.3920000000000000e+004	  3.8389634538182952e+002	  6.1253413919829768e+002	
  1.3950000000000000e+004	  1.7742812285006107e+002	  8.7092116904219506e+002	
  1.3980000000000000e+004	 -1.7358292876836879e+002	  9.6845053228132201e+002	
  1.4010000000000000e+004	 -4.1647102372048664e+002	  9.3104353389593564e+002	
  1.4040000000000000e+004	 -3.6265605218834474e+002	  8.5474901578031790e+002	
  1.4070000000000000e+004	 -3.4084717041327076e+002	  8.5826886850573396e+002	
  1.4100000000000000e+004	 -3.4095832136611716e+002	  8.5709112885605282e+002	
  1.4130000000000000e+004	 -3.4098880243668361e+002	  8.6215160895709164e+002	
  1.4160000000000000e+004	 -3.3512467829800715e+002	  8.4977092220119880e+002	
  1.4190000000000000e+004	 -3.3458684753679091e+002	  8.4397575491525879e+002	
  1.4220000000000000e+004	 -3.3682421754133929e+002	  8.5378278472524175e+002	
  1.4250000000000000e+004	 -3.4121467350927833e+002	  8.5963361234798958e+002	
  1.4280000000000000e+004	 -3.4022506761222473e+002	  8.5399651626046943e+002	
  1.4310000000000000e+004	 -3.4024837447984618e+002	  8.5215978249043530e+002	
  1.4340000000000000e+004	 -3.4129176095910407e+002	  8.5846923834784980e+002	
  1.4370000000000000e+004	 -4.1022506218004429e+002	  8.5625402700847769e+002	
  1.4400000000000000e+004	 -6.2291057625638734e+002	  8.4809003495923173e+002	
  1.4430000000000000e+004	 -6.2069652446116652e+002	  8.4954160962997230e+002	
  1.4460000000000000e+004	 -6.2289086026237624e+002	  8.5234902449951983e+002	
  1.4490000000000000e+004	 -6.2353445778185994e+002	  8.4858205221150752e+002	
  1.4520000000000000e+004	 -6.2235124388450708e+002	  8.4237500974434954e+002	
  1.4550000000000000e+004	 -6.2267931431632394e+002	  8.4215237932576929e+002	
  1.4580000000000000e+004	 -6.2546525371854034e+002	  8.4282250547441618e+002	
  1.4610000000000000e+004	 -6.2756995557425785e+002	  8.4354606692051198e+002	
  1.4640000000000000e+004	 -6.2994177647087110e+002	  8.4403808813029866e+002	
  1.4670000000000000e+004	 -6.2601384225884999e+002	  8.4556980944280747e+002	
  1.4700000000000000e+004	 -6.2283886882372758e+002	  8.4038243431923070e+002	
  1.4730000000000000e+004	 -6.2231180092840839e+002	  8.4036908233542704e+002	
  1.4760000000000000e+004	 -6.2079871443000536e+002	  8.4378428974413839e+002	
  1.4790000000000000e+004	 -6.2049573941818085e+002	  8.4712602660803418e+002	
  1.4820000000000000e+004	 -6.1847888946819967e+002	  8.5058798491332925e+002	
  1.4850000000000000e+004	 -5.9157856633810184e+002	  8.5817758485991669e+002	
  1.4880000000000000e+004	 -5.7322073270271540e+002	  8.7176940898570319e+002	
  1.4910000000000000e+004	 -5.6479299248426958e+002	  8.6800243089846151e+002	
  1.4940000000000000e+004	 -5.6479299248426958e+002	  8.6800243089846140e+002	
  1.4970000000000000e+004	 -5.6479299248426958e+002	  8.6800243089846140e+002	
  1.5000000000000000e+004	 -5.6479299248426958e+002	  8.6800243089846140e+002	
  1.5030000000000000e+004	 -5.6479299248426958e+002	  8.6800243089846140e+002	
  1.5060000000000000e+004	 -5.6479299248426958e+002	  8.6800243089846140e+002	
  1.5090000000000000e+004	 -5.6479299248426958e+002	  8.6800243089846140e+002	
  1.5120000000000000e+004	 -5.6479299248426958e+002	  8.6800243089846140e+002	
  1.5150000000000000e+004	 -5.6479299248426958e+002	  8.6800243089846140e+002	
  1.5180000000000000e+004	 -5.6479299248426958e+002	  8.6800243089846140e+002	
  1.5210000000000000e+004	 -5.6479299248426958e+002	  8.6800243089846140e+002	
  1.5240000000000000e+004	 -5.6479299248426958e+002	  8.6800243089846140e+002	
  1.5270000000000000e+004	 -5.6479299248426958e+002	  8.6800243089846140e+002	
  1.5300000000000000e+004	 -5.6479299248426958e+002	  8.6800243089846140e+002	
  1.5330000000000000e+004	 -5.6479299248426958e+002	  8.6800243089846140e+002	
  1.5360000000000000e+004	 -5.6479299248426958e+002	  8.6800243089846140e+002	
  1.5390000000000000e+004	 -5.6479299248426958e+002	  8.6800243089846140e+002	
  1.5420000000000000e+004	 -5.6479299248426958e+002	  8.6800243089846140e+002	
  1.5450000000000000e+004	 -5.6479299248426958e+002	  8.6800243089846140e+002	
  1.5480000000000000e+004	 -5.6479299248426958e+002	  8.6800243089846140e+002	
  1.5510000000000000e+004	 -5.6479299248426958e+002	  8.6800243089846140e+002	
  1.5540000000000000e+004	 -5.6479299248426958e+002	  8.6800243089846140e+002	
  1.5570000000000000e+004	 -5.6479299248426958e+002	  8.6800243089846140e+002	
  1.5600000000000000e+004	 -5.6479299248426958e+002	  8.6800243089846140e+002	
  1.5630000000000000e+004	 -5.6479299248426958e+002	  8.6800243089846140e+002	
  1.5660000000000000e+004	 -5.6479299248426958e+002	  8.6800243089846140e+002	
  1.5690000000000000e+004	 -5.6479299248426958e+002	  8.6800243089846140e+002	
  1.5720000000000000e+004	 -5.6479299248426958e+002	  8.6800243089846140e+002	
  1.5750000000000000e+004	 -5.6479299248426958e+002	  8.6800243089846140e+002	
  1.5780000000000000e+004	 -5.6479299248426958e+002	  8.6800243089846140e+002	
  1.5810000000000000e+004	 -5.6479299248426958e+002	  8.6800243089846140e+002	
  1.5840000000000000e+004	 -5.6479299248426958e+002	  8.6800243089846140e+002	
  1.5870000000000000e+004	 -5.6479299248426958e+002	  8.6800243089846140e+002	
  1.5900000000000000e+004	 -5.6479299248426958e+002	  8.6800243089846140e+002	
  1.5930000000000000e+004	 -5.6479299248426958e+002	  8.6800243089846140e+002	
  1.5960000000000000e+004	 -5.6479299248426958e+002	  8.6800243089846140e+002	
  1.5990000000000000e+004	 -5.6479299248426958e+002	  8.6800243089846140e+002	
  1.6020000000000000e+004	 -5.6479299248426958e+002	  8.6800243089846140e+002	
  1.6050000000000000e+004	 -5.6479299248426958e+002	  8.6800243089846140e+002	
  1.6080000000000000e+004	 -5.6479299248426958e+002	  8.6800243089846140e+002	
  1.6110000000000000e+004	 -5.6479299248426958e+002	  8.6800243089846140e+002	
  1.6140000000000000e+004	 -5.6479299248426958e+002	  8.6800243089846140e+002	
  1.6170000000000000e+004	 -5.6479299248426958e+002	  8.6800243089846140e+002	
  1.6200000000000000e+004	 -5.6479299248426958e+002	  8.6800243089846140e+002	
  1.6230000000000000e+004	 -5.6479299248426958e+002	  8.6800243089846140e+002	
  1.6260000000000000e+004	 -5.6479299248426958e+002	  8.6800243089846140e+002	
  1.6290000000000000e+004	 -5.6479299248426958e+002	  8.6800243089846140e+002	
  1.6320000000000000e+004	 -5.6479299248426958e+002	  8.6800243089846140e+002	
  1.6350000000000000e+004	 -5.6479299248426958e+002	  8.6800243089846140e+002	
  1.6380000000000000e+004	 -5.6479299248426958e+002	  8.6800243089846140e+002	
  1.6410000000000000e+004	 -5.6479299248426958e+002	  8.6800243089846140e+002	
  1.6440000000000000e+004	 -5.6479299248426958e+002	  8.6800243089846140e+002	
  1.6470000000000000e+004	 -5.6479299248426958e+002	  8.6800243089846140e+002	
  1.6500000000000000e+004	 -5.6479299248426958e+002	  8.6800243089846140e+002	
  1.6530000000000000e+004	 -5.6479299248426958e+002	  8.6800243089846140e+002	
  1.6560000000000000e+004	 -5.6479299248426958e+002	  8.6800243089846140e+002	
  1.6590000000000000e+004	 -5.6479299248426958e+002	  8.6800243089846140e+002	
  1.6620000000000000e+004	 -5.6479299248426958e+002	  8.6800243089846140e+002	
  1.6650000000000000e+004	 -5.6479299248426958e+002	  8.6800243089846140e+002	
  1.6680000000000000e+004	 -5.6479299248426958e+002	  8.6800243089846140e+002	
  1.6710000000000000e+004	 -5.6479299248426958e+002	  8.6800243089846140e+002	
  1.6740000000000000e+004	 -5.6479299248426958e+002	  8.6800243089846140e+002	
  1.6770000000000000e+004	 -5.6479299248426958e+002	  8.6800243089846140e+002	
  1.6800000000000000e+004	 -5.6479299248426958e+002	  8.6800243089846140e+002	
  1.6830000000000000e+004	 -5.6479299248426958e+002	  8.6800243089846140e+002	
  1.6860000000000000e+004	 -5.6479299248426958e+002	  8.6800243089846140e+002	
  1.6890000000000000e+004	 -5.6479299248426958e+002	  8.6800243089846140e+002	
  1.6920000000000000e+004	 -5.6479299248426958e+002	  8.6800243089846140e+002	
  1.6950000000000000e+004	 -5.6479299248426958e+002	  8.6800243089846140e+002	
  1.6980000000000000e+004	 -5.6479299248426958e+002	  8.6800243089846140e+002	
  1.7010000000000000e+004	 -5.6479299248426958e+002	  8.6800243089846140e+002	
  1.7040000000000000e+004	 -5.6479299248426958e+002	  8.6800243089846140e+002	
  1.7070000000000000e+004	 -5.6479299248426958e+002	  8.6800243089846140e+002	
  1.7100000000000000e+004	 -5.6479299248426958e+002	  8.6800243089846140e+002	
  1.7130000000000000e+004	 -5.6479299248426958e+002	  8.6800243089846140e+002	
  1.7160000000000000e+004	 -5.6479299248426958e+002	  8.6800243089846140e+002	
  1.7190000000000000e+004	 -5.6479299248426958e+002	  8.6800243089846140e+002	
  1.7220000000000000e+004	 -5.6479299248426958e+002	  8.6800243089846140e+002	
  1.7250000000000000e+004	 -5.6479299248426958e+002	  8.6800243089846140e+002	
  1.7280000000000000e+004	 -5.6479299248426958e+002	  8.6800243089846140e+002	
  1.7310000000000000e+004	 -5.6479299248426958e+002	  8.6800243089846140e+002	
  1.7340000000000000e+004	 -5.6479299248426958e+002	  8.6800243089846140e+002	
  1.7370000000000000e+004	 -5.6479299248426958e+002	  8.6800243089846140e+002	
  1.7400000000000000e+004	 -5.6479299248426958e+002	  8.6800243089846140e+002	
  1.7430000000000000e+004	 -5.6479299248426958e+002	  8.6800243089846140e+002	
  1.7460000000000000e+004	 -5.6479299248426958e+002	  8.6800243089846140e+002	
  1.7490000000000000e+004	 -5.6479299248426958e+002	  8.6800243089846140e+002	
  1.7520000000000000e+004	 -5.6479299248426958e+002	  8.6800243089846140e+002	
  1.7550000000000000e+004	 -5.6479299248426958e+002	  8.6800243089846140e+002	
  1.7580000000000000e+004	 -5.6479299248426958e+002	  8.6800243089846140e+002	
  1.7610000000000000e+004	 -5.6479299248426958e+002	  8.6800243089846140e+002	
  1.7640000000000000e+004	 -5.6479299248426958e+002	  8.6800243089846140e+002	
  1.7670000000000000e+004	 -5.6479299248426958e+002	  8.6800243089846140e+002	
  1.7700000000000000e+004	 -5.6479299248426958e+002	  8.6800243089846140e+002	
  1.7730000000000000e+004	 -5.6479299248426958e+002	  8.6800243089846140e+002	
  1.7760000000000000e+004	 -5.6479299248426958e+002	  8.6800243089846140e+002	
  1.7790000000000000e+004	 -5.6479299248426958e+002	  8.6800243089846140e+002	
  1.7820000000000000e+004	 -5.6479299248426958e+002	  8.6800243089846140e+002	
  1.7850000000000000e+004	 -5.6479299248426958e+002	  8.6800243089846140e+002	
  1.7880000000000000e+004	 -5.6479299248426958e+002	  8.6800243089846140e+002	
  1.7910000000000000e+004	 -5.6479299248426958e+002	  8.6800243089846140e+002	
  1.7940000000000000e+004	 -5.6479299248426958e+002	  8.6800243089846140e+002	
  1.7970000000000000e+004	 -5.6479299248426958e+002	  8.6800243089846140e+002	
  1.8000000000000000e+004	 -5.6479299248426958e+002	  8.6800243089846140e+002	
  1.8030000000000000e+004	 -5.6479299248426958e+002	  8.6800243089846140e+002	
  1.8060000000000000e+004	 -5.6479299248426958e+002	  8.6800243089846140e+002	
  1.8090000000000000e+004	 -5.6479299248426958e+002	  8.6800243089846140e+002	
  1.8120000000000000e+004	 -5.6479299248426958e+002	  8.6800243089846140e+002	
  1.8150000000000000e+004	 -5.6479299248426958e+002	  8.6800243089846140e+002	
  1.8180000000000000e+004	 -5.6479299248426958e+002	  8.6800243089846140e+002	
  1.8210000000000000e+004	 -5.6479299248426958e+002	  8.6800243089846140e+002	
  1.8240000000000000e+004	 -5.6479299248426958e+002	  8.6800243089846140e+002	
  1.8270000000000000e+004	 -5.6479299248426958e+002	  8.6800243089846140e+002	
  1.8300000000000000e+004	 -5.6479299248426958e+002	  8.6800243089846140e+002	
  1.8330000000000000e+004	 -5.6479299248426958e+002	  8.6800243089846140e+002	
  1.8360000000000000e+004	 -5.6479299248426958e+002	  8.6800243089846140e+002	
  1.8390000000000000e+004	 -5.6479299248426958e+002	  8.6800243089846140e+002	
  1.8420000000000000e+004	 -5.6479299248426958e+002	  8.6800243089846140e+002	
  1.8450000000000000e+004	 -5.6479299248426958e+002	  8.6800243089846140e+002	
  1.8480000000000000e+004	 -5.6479299248426958e+002	  8.6800243089846140e+002	
  1.8510000000000000e+004	 -5.6479299248426958e+002	  8.6800243089846140e+002	
  1.8540000000000000e+004	 -5.6479299248426958e+002	  8.6800243089846140e+002	
  1.8570000000000000e+004	 -5.6479299248426958e+002	  8.6800243089846140e+002	
  1.8600000000000000e+004	 -5.6479299248426958e+002	  8.6800243089846140e+002	
  1.8630000000000000e+004	 -5.6479299248426958e+002	  8.6800243089846140e+002	
  1.8660000000000000e+004	 -5.6479299248426958e+002	  8.6800243089846140e+002	
  1.8690000000000000e+004	 -5.6479299248426958e+002	  8.6800243089846140e+002	
  1.8720000000000000e+004	 -5.6479299248426958e+002	  8.6800243089846140e+002	
  1.8750000000000000e+004	 -5.6479299248426958e+002	  8.6800243089846140e+002	
  1.8780000000000000e+004	 -5.6479299248426958e+002	  8.6800243089846140e+002	
  1.8810000000000000e+004	 -5.6479299248426958e+002	  8.6800243089846140e+002	
  1.8840000000000000e+004	 -5.6479299248426958e+002	  8.6800243089846140e+002	
  1.8870000000000000e+004	 -5.6479299248426958e+002	  8.6800243089846140e+002	
  1.8900000000000000e+004	 -5.6479299248426958e+002	  8.6800243089846140e+002	
  1.8930000000000000e+004	 -5.6479299248426958e+002	  8.6800243089846140e+002	
  1.8960000000000000e+004	 -5.6479299248426958e+002	  8.6800243089846140e+002	
  1.8990000000000000e+004	 -5.6479299248426958e+002	  8.6800243089846140e+002	
  1.9020000000000000e+004	 -5.6479299248426958e+002	  8.6800243089846140e+002	
  1.9050000000000000e+004	 -5.6479299248426958e+002	  8.6800243089846140e+002	
  1.9080000000000000e+004	 -5.6479299248426958e+002	  8.6800243089846140e+002	
  1.9110000000000000e+004	 -5.6479299248426958e+002	  8.6800243089846140e+002	
  1.9140000000000000e+004	 -5.6479299248426958e+002	  8.6800243089846140e+002	
  1.9170000000000000e+004	 -5.6479299248426958e+002	  8.6800243089846140e+002	
  1.9200000000000000e+004	 -5.6479299248426958e+002	  8.6800243089846140e+002	
  1.9230000000000000e+004	 -5.6479299248426958e+002	  8.6800243089846140e+002	
  1.9260000000000000e+004	 -5.6479299248426958e+002	  8.6800243089846140e+002	
  1.9290000000000000e+004	 -5.6479299248426958e+002	  8.6800243089846140e+002	
  1.9320000000000000e+004	 -5.6479299248426958e+002	  8.6800243089846140e+002	
  1.9350000000000000e+004	 -5.6479299248426958e+002	  8.6800243089846140e+002	
  1.9380000000000000e+004	 -5.6479299248426958e+002	  8.6800243089846140e+002	
  1.9410000000000000e+004	 -5.6479299248426958e+002	  8.6800243089846140e+002	
  1.9440000000000000e+004	 -5.6479299248426958e+002	  8.6800243089846140e+002	
  1.9470000000000000e+004	 -5.6479299248426958e+002	  8.6800243089846140e+002	
  1.9500000000000000e+004	 -5.6479299248426958e+002	  8.6800243089846140e+002	
  1.9530000000000000e+004	 -5.6479299248426958e+002	  8.6800243089846140e+002	
  1.9560000000000000e+004	 -5.6479299248426958e+002	  8.6800243089846140e+002	
  1.9590000000000000e+004	 -5.6479299248426958e+002	  8.6800243089846140e+002	
  1.9620000000000000e+004	 -5.6479299248426958e+002	  8.6800243089846140e+002	
  1.9650000000000000e+004	 -5.6479299248426958e+002	  8.6800243089846140e+002	
  1.9680000000000000e+004	 -5.6479299248426958e+002	  8.6800243089846140e+002	
  1.9710000000000000e+004	 -5.6479299248426958e+002	  8.6800243089846140e+002	
  1.9740000000000000e+004	 -5.6479299248426958e+002	  8.6800243089846140e+002	
  1.9770000000000000e+004	 -5.6479299248426958e+002	  8.6800243089846140e+002	
  1.9800000000000000e+004	 -5.6479299248426958e+002	  8.6800243089846140e+002	
  1.9830000000000000e+004	 -5.6479299248426958e+002	  8.6800243089846140e+002	
  1.9860000000000000e+004	 -5.6479299248426958e+002	  8.6800243089846140e+002	
  1.9890000000000000e+004	 -5.6479299248426958e+002	  8.6800243089846140e+002	
  1.9920000000000000e+004	 -5.6479299248426958e+002	  8.6800243089846140e+002	
  1.9950000000000000e+004	 -5.6479299248426958e+002	  8.6800243089846140e+002	
  1.9980000000000000e+004	 -5.6479299248426958e+002	  8.6800243089846140e+002	
  2.0010000000000000e+004	 -5.6479299248426958e+002	  8.6800243089846140e+002	
  2.0040000000000000e+004	 -5.6479299248426958e+002	  8.6800243089846140e+002	
  2.0070000000000000e+004	 -5.6479299248426958e+002	  8.6800243089846140e+002	
  2.0100000000000000e+004	 -5.6479299248426958e+002	  8.6800243089846140e+002	
  2.0130000000000000e+004	 -5.6479299248426958e+002	  8.6800243089846140e+002	
  2.0160000000000000e+004	 -5.6479299248426958e+002	  8.6800243089846140e+002	
  2.0190000000000000e+004	 -5.6479299248426958e+002	  8.6800243089846140e+002	
  2.0220000000000000e+004	 -5.6479299248426958e+002	  8.6800243089846140e+002	
  2.0250000000000000e+004	 -5.6479299248426958e+002	  8.6800243089846140e+002	
  2.0280000000000000e+004	 -5.6479299248426958e+002	  8.6800243089846140e+002	
  2.0310000000000000e+004	 -5.6479299248426958e+002	  8.6800243089846140e+002	
  2.0340000000000000e+004	 -5.6479299248426958e+002	  8.6800243089846140e+002	
  2.0370000000000000e+004	 -5.6479299248426958e+002	  8.6800243089846140e+002	
  2.0400000000000000e+004	 -5.6479299248426958e+002	  8.6800243089846140e+002	
  2.0430000000000000e+004	 -5.6479299248426958e+002	  8.6800243089846140e+002	
  2.0460000000000000e+004	 -5.6479299248426958e+002	  8.6800243089846140e+002	
  2.0490000000000000e+004	 -5.6479299248426958e+002	  8.6800243089846140e+002	
  2.0520000000000000e+004	 -5.6479299248426958e+002	  8.6800243089846140e+002	
  2.0550000000000000e+004	 -5.6479299248426958e+002	  8.6800243089846140e+002	
  2.0580000000000000e+004	 -5.6479299248426958e+002	  8.6800243089846140e+002	
  2.0610000000000000e+004	 -5.6479299248426958e+002	  8.6800243089846140e+002	
  2.0640000000000000e+004	 -5.6479299248426958e+002	  8.6800243089846140e+002	
  2.0670000000000000e+004	 -5.6479299248426958e+002	  8.6800243089846140e+002	
  2.0700000000000000e+004	 -5.6479299248426958e+002	  8.6800243089846140e+002	
  2.0730000000000000e+004	 -5.6479299248426958e+002	  8.6800243089846140e+002	
  2.0760000000000000e+004	 -5.6479299248426958e+002	  8.6800243089846140e+002	
  2.0790000000000000e+004	 -5.6479299248426958e+002	  8.6800243089846140e+002	
  2.0820000000000000e+004	 -5.6479299248426958e+002	  8.6800243089846140e+002	
  2.0850000000000000e+004	 -5.6479299248426958e+002	  8.6800243089846140e+002	
  2.0880000000000000e+004	 -5.6479299248426958e+002	  8.6800243089846140e+002	
  2.0910000000000000e+004	 -5.6479299248426958e+002	  8.6800243089846140e+002	
  2.0940000000000000e+004	 -5.6479299248426958e+002	  8.6800243089846140e+002	
  2.0970000000000000e+004	 -5.6479299248426958e+002	  8.6800243089846140e+002	
  2.1000000000000000e+004	 -5.6479299248426958e+002	  8.6800243089846140e+002	
  2.1030000000000000e+004	 -5.6479299248426958e+002	  8.6800243089846140e+002	
  2.1060000000000000e+004	 -5.6479299248426958e+002	  8.6800243089846140e+002	
  2.1090000000000000e+004	 -5.6479299248426958e+002	  8.6800243089846140e+002	
  2.1120000000000000e+004	 -5.6479299248426958e+002	  8.6800243089846140e+002	
  2.1150000000000000e+004	 -5.6479299248426958e+002	  8.6800243089846140e+002	
  2.1180000000000000e+004	 -5.6479299248426958e+002	  8.6800243089846140e+002	
  2.1210000000000000e+004	 -5.6479299248426958e+002	  8.6800243089846140e+002	
  2.1240000000000000e+004	 -5.6479299248426958e+002	  8.6800243089846140e+002	
  2.1270000000000000e+004	 -5.6479299248426958e+002	  8.6800243089846140e+002	
  2.1300000000000000e+004	 -5.6479299248426958e+002	  8.6800243089846140e+002	
  2.1330000000000000e+004	 -5.6479299248426958e+002	  8.6800243089846140e+002	
  2.1360000000000000e+004	 -5.6479299248426958e+002	  8.6800243089846140e+002	
  2.1390000000000000e+004	 -5.6479299248426958e+002	  8.6800243089846140e+002	
  2.1420000000000000e+004	 -5.6479299248426958e+002	  8.6800243089846140e+002	
  2.1450000000000000e+004	 -5.6479299248426958e+002	  8.6800243089846140e+002	
  2.1480000000000000e+004	 -5.6479299248426958e+002	  8.6800243089846140e+002	
  2.1510000000000000e+004	 -5.6479299248426958e+002	  8.6800243089846140e+002	
  2.1540000000000000e+004	 -5.6479299248426958e+002	  8.6800243089846140e+002	
  2.1570000000000000e+004	 -5.6479299248426958e+002	  8.6800243089846140e+002	
  2.1600000000000000e+004	 -5.6479299248426958e+002	  8.6800243089846140e+002	
  2.1630000000000000e+004	 -5.6479299248426958e+002	  8.6800243089846140e+002	
  2.1660000000000000e+004	 -5.6479299248426958e+002	  8.6800243089846140e+002	
  2.1690000000000000e+004	 -5.6479299248426958e+002	  8.6800243089846140e+002	
  2.1720000000000000e+004	 -5.6479299248426958e+002	  8.6800243089846140e+002	
  2.1750000000000000e+004	 -5.6479299248426958e+002	  8.6800243089846140e+002	
  2.1780000000000000e+004	 -5.6479299248426958e+002	  8.6800243089846140e+002	
  2.1810000000000000e+004	 -5.6479299248426958e+002	  8.6800243089846140e+002	
  2.1840000000000000e+004	 -5.6479299248426958e+002	  8.6800243089846140e+002	
  2.1870000000000000e+004	 -5.6479299248426958e+002	  8.6800243089846140e+002	
  2.1900000000000000e+004	 -5.6479299248426958e+002	  8.6800243089846140e+002	
  2.1930000000000000e+004	 -5.6479299248426958e+002	  8.6800243089846140e+002	
  2.1960000000000000e+004	 -5.6479299248426958e+002	  8.6800243089846140e+002	
  2.1990000000000000e+004	 -5.6479299248426958e+002	  8.6800243089846140e+002	
  2.2020000000000000e+004	 -5.6479299248426958e+002	  8.6800243089846140e+002	
  2.2050000000000000e+004	 -5.6479299248426958e+002	  8.6800243089846140e+002	
  2.2080000000000000e+004	 -5.6479299248426958e+002	  8.6800243089846140e+002	
  2.2110000000000000e+004	 -5.6479299248426958e+002	  8.6800243089846140e+002	
  2.2140000000000000e+004	 -5.6479299248426958e+002	  8.6800243089846140e+002	
  2.2170000000000000e+004	 -5.6479299248426958e+002	  8.6800243089846140e+002	
  2.2200000000000000e+004	 -5.6479299248426958e+002	  8.6800243089846140e+002	
  2.2230000000000000e+004	 -5.6479299248426958e+002	  8.6800243089846140e+002	
  2.2260000000000000e+004	 -5.6479299248426958e+002	  8.6800243089846140e+002	
  2.2290000000000000e+004	 -5.6479299248426958e+002	  8.6800243089846140e+002	
  2.2320000000000000e+004	 -5.6479299248426958e+002	  8.6800243089846140e+002	
  2.2350000000000000e+004	 -5.6479299248426958e+002	  8.6800243089846140e+002	
  2.2380000000000000e+004	 -5.6479299248426958e+002	  8.6800243089846140e+002	
  2.2410000000000000e+004	 -5.6479299248426958e+002	  8.6800243089846140e+002	
  2.2440000000000000e+004	 -5.6479299248426958e+002	  8.6800243089846140e+002	
  2.2470000000000000e+004	 -5.6479299248426958e+002	  8.6800243089846140e+002	
  2.2500000000000000e+004	 -5.6479299248426958e+002	  8.6800243089846140e+002	
  2.2530000000000000e+004	 -5.6479299248426958e+002	  8.6800243089846140e+002	
  2.2560000000000000e+004	 -5.6479299248426958e+002	  8.6800243089846140e+002	
  2.2590000000000000e+004	 -5.6479299248426958e+002	  8.6800243089846140e+002	
  2.2620000000000000e+004	 -5.6479299248426958e+002	  8.6800243089846140e+002	
  2.2650000000000000e+004	 -5.6479299248426958e+002	  8.6800243089846140e+002	
  2.2680000000000000e+004	 -5.6479299248426958e+002	  8.6800243089846140e+002	
  2.2710000000000000e+004	 -5.6479299248426958e+002	  8.6800243089846140e+002	
  2.2740000000000000e+004	 -5.6479299248426958e+002	  8.6800243089846140e+002	
  2.2770000000000000e+004	 -5.6479299248426958e+002	  8.6800243089846140e+002	
  2.2800000000000000e+004	 -5.6479299248426958e+002	  8.6800243089846140e+002	
  2.2830000000000000e+004	 -5.6479299248426958e+002	  8.6800243089846140e+002	
  2.2860000000000000e+004	 -5.6479299248426958e+002	  8.6800243089846140e+002	
  2.2890000000000000e+004	 -5.6479299248426958e+002	  8.6800243089846140e+002	
  2.2920000000000000e+004	 -5.6479299248426958e+002	  8.6800243089846140e+002	
  2.2950000000000000e+004	 -5.6479299248426958e+002	  8.6800243089846140e+002	
  2.2980000000000000e+004	 -5.6479299248426958e+002	  8.6800243089846140e+002	
  2.3010000000000000e+004	 -5.6479299248426958e+002	  8.6800243089846140e+002	
  2.3040000000000000e+004	 -5.6479299248426958e+002	  8.6800243089846140e+002	
  2.3070000000000000e+004	 -5.6479299248426958e+002	  8.6800243089846140e+002	
  2.3100000000000000e+004	 -5.6479299248426958e+002	  8.6800243089846140e+002	
  2.3130000000000000e+004	 -5.6479299248426958e+002	  8.6800243089846140e+002	
  2.3160000000000000e+004	 -5.6479299248426958e+002	  8.6800243089846140e+002	
  2.3190000000000000e+004	 -5.6479299248426958e+002	  8.6800243089846140e+002	
  2.3220000000000000e+004	 -5.6479299248426958e+002	  8.6800243089846140e+002	
  2.3250000000000000e+004	 -5.6479299248426958e+002	  8.6800243089846140e+002	
  2.3280000000000000e+004	 -5.6479299248426958e+002	  8.6800243089846140e+002	
  2.3310000000000000e+004	 -5.6479299248426958e+002	  8.6800243089846140e+002	
  2.3340000000000000e+004	 -5.6479299248426958e+002	  8.6800243089846140e+002	
  2.3370000000000000e+004	 -5.6479299248426958e+002	  8.6800243089846140e+002	
  2.3400000000000000e+004	 -5.6479299248426958e+002	  8.6800243089846140e+002	
  2.3430000000000000e+004	 -5.6479299248426958e+002	  8.6800243089846140e+002	
  2.3460000000000000e+004	 -5.6479299248426958e+002	  8.6800243089846140e+002	
  2.3490000000000000e+004	 -5.6479299248426958e+002	  8.6800243089846140e+002	
  2.3520000000000000e+004	 -5.6479299248426958e+002	  8.6800243089846140e+002	
  2.3550000000000000e+004	 -5.6479299248426958e+002	  8.6800243089846140e+002	
  2.3580000000000000e+004	 -5.6479299248426958e+002	  8.6800243089846140e+002	
  2.3610000000000000e+004	 -5.6479299248426958e+002	  8.6800243089846140e+002	
  2.3640000000000000e+004	 -5.6479299248426958e+002	  8.6800243089846140e+002	
  2.3670000000000000e+004	 -5.6479299248426958e+002	  8.6800243089846140e+002	
  2.3700000000000000e+004	 -5.6479299248426958e+002	  8.6800243089846140e+002	
  2.3730000000000000e+004	 -5.6479299248426958e+002	  8.6800243089846140e+002	
  2.3760000000000000e+004	 -5.6479299248426958e+002	  8.6800243089846140e+002	
  2.3790000000000000e+004	 -5.6479299248426958e+002	  8.6800243089846140e+002	
  2.3820000000000000e+004	 -5.6479299248426958e+002	  8.6800243089846140e+002	
  2.3850000000000000e+004	 -5.6479299248426958e+002	  8.6800243089846140e+002	
  2.3880000000000000e+004	 -5.6479299248426958e+002	  8.6800243089846140e+002	
  2.3910000000000000e+004	 -5.6479299248426958e+002	  8.6800243089846140e+002	
  2.3940000000000000e+004	 -5.6479299248426958e+002	  8.6800243089846140e+002	
  2.3970000000000000e+004	 -5.6479299248426958e+002	  8.6800243089846140e+002	
  2.4000000000000000e+004	 -5.6479299248426958e+002	  8.6800243089846140e+002	
  2.4030000000000000e+004	 -5.6479299248426958e+002	  8.6800243089846140e+002	
  2.4060000000000000e+004	 -5.6479299248426958e+002	  8.6800243089846140e+002	
  2.4090000000000000e+004	 -5.6479299248426958e+002	  8.6800243089846140e+002	
  2.4120000000000000e+004	 -5.6479299248426958e+002	  8.6800243089846140e+002	
  2.4150000000000000e+004	 -5.7798857286813495e+002	  8.6425995469004829e+002	
  2.4180000000000000e+004	 -6.2053517605338163e+002	  8.5009262773758383e+002	
  2.4210000000000000e+004	 -5.7860168833119155e+002	  8.4739318380081136e+002	
  2.4240000000000000e+004	 -4.2327633396860745e+002	  8.4806220370763299e+002	
  2.4270000000000000e+004	 -3.4861069010378168e+002	  8.5780022306760748e+002	
  2.4300000000000000e+004	 -3.4035862305353459e+002	  8.6043843651404825e+002	
  2.4330000000000000e+004	 -4.4270982962286496e+002	  8.6438128797037712e+002	
  2.4360000000000000e+004	 -2.5001980126945278e+002	  9.6309172442077272e+002	
  2.4390000000000000e+004	  9.6760321534637683e+001	  8.5255050973731886e+002	
  2.4420000000000000e+004	 -1.8248217863160082e+002	  6.9016001089963891e+002	
  2.4450000000000000e+004	 -3.3143249812969464e+002	  4.9631463876879400e+002	
  2.4480000000000000e+004	 -1.1570553487589424e+002	  1.5397448766000585e+002	
  2.4510000000000000e+004	  6.9165299667071423e+001	  1.0896007273061078e+002	
  2.4540000000000000e+004	  6.2680924129010997e+001	  1.1831737292225455e+002	
  2.4570000000000000e+004	  6.1857981361713641e+001	  1.1759159906094669e+002	
  2.4600000000000000e+004	  6.2020257403946104e+001	  1.1758378848215773e+002	
  2.4630000000000000e+004	  6.2274003389849256e+001	  1.1820274438438894e+002	
  2.4660000000000000e+004	  6.2728393276616927e+001	  1.1863461472097450e+002	
  2.4690000000000000e+004	  6.1085357973394522e+001	  1.1758377525004278e+002	
  2.4720000000000000e+004	  6.1268164848250692e+001	  1.1762162768500552e+002	
  2.4750000000000000e+004	  6.1488775237221304e+001	  1.1734334553125196e+002	
  2.4780000000000000e+004	  6.0942806999283370e+001	  1.1734670673064196e+002	
  2.4810000000000000e+004	  6.0317192596757742e+001	  1.1707395648435832e+002	
  2.4840000000000000e+004	  6.1458264522855735e+001	  1.1790437779329586e+002	
  2.4870000000000000e+004	  6.0409500286321155e+001	  1.1700828293746285e+002	
  2.4900000000000000e+004	  5.9980092854052508e+001	  1.1655300697962927e+002	
  2.4930000000000000e+004	  5.8901781567874444e+001	  1.1503684328057798e+002	
  2.4960000000000000e+004	  5.8899140523991193e+001	  1.1438342737902883e+002	
  2.4990000000000000e+004	  5.8495739432293817e+001	  1.1294968381633396e+002	
  2.5020000000000000e+004	  6.0903377719314577e+001	  1.1397598588642083e+002	
  2.5050000000000000e+004	  6.2101795901464335e+001	  1.1512480900924552e+002	
  2.5080000000000000e+004	  6.5757294768550651e+001	  1.1699606235802598e+002	
  2.5110000000000000e+004	  6.6705652983567191e+001	  1.1763392233233768e+002	
  2.5140000000000000e+004	  6.7279372410244520e+001	  1.1758606521123893e+002	
  2.5170000000000000e+004	  6.7869120984353302e+001	  1.1815930454761352e+002	
  2.5200000000000000e+004	  6.8137183826750814e+001	  1.1841534892724663e+002	
  2.5230000000000000e+004	  6.8258194751301360e+001	  1.1883945809193771e+002	
  2.5260000000000000e+004	  6.8422244781847553e+001	  1.1933928526639325e+002	
  2.5290000000000000e+004	  6.7983849167975535e+001	  1.1768399557166504e+002	
  2.5320000000000000e+004	  6.7663031564491959e+001	  1.1704615842876342e+002	
  2.5350000000000000e+004	  6.7737342124280829e+001	  1.1756490340878852e+002	
  2.5380000000000000e+004	  6.7711423937898104e+001	  1.1828957429092529e+002	
  2.5410000000000000e+004	  6.6343464713464186e+001	  1.2137189576304488e+002	
  2.5440000000000000e+004	  6.7087510437984534e+001	  1.2269880711433666e+002	
  2.5470000000000000e+004	  6.7115315053911374e+001	  1.2425615262644700e+002	
  2.5500000000000000e+004	  6.7093818851810980e+001	  1.2388877379622852e+002	
  2.5530000000000000e+004	  6.6457391028388429e+001	  1.2273777579182001e+002	
  2.5560000000000000e+004	  6.4951418407586019e+001	  1.1922463492315640e+002	
  2.5590000000000000e+004	  6.5211366959484891e+001	  1.1793446837741962e+002	
  2.5620000000000000e+004	  6.5106478288641227e+001	  1.1778863847876951e+002	
  2.5650000000000000e+004	  6.4886900464189935e+001	  1.1769176962731827e+002	
  2.5680000000000000e+004	  6.4894920194273411e+001	  1.1760497080162384e+002	
  2.5710000000000000e+004	  6.5089503119634131e+001	  1.1738897860325008e+002	
  2.5740000000000000e+004	  6.4992687709366209e+001	  1.1753929103793658e+002	
  2.5770000000000000e+004	  6.4873382990251784e+001	  1.1768956064079457e+002	
  2.5800000000000000e+004	  6.5013257439052936e+001	  1.1703612829888561e+002	
  2.5830000000000000e+004	  6.4349050283892822e+001	  1.1680793735296174e+002	
  2.5860000000000000e+004	  6.4363398872612905e+001	  1.1655635795178166e+002	
  2.5890000000000000e+004	  6.4172451582699452e+001	  1.1642499678689289e+002	
  2.5920000000000000e+004	  6.4104307322395442e+001	  1.1656081783157533e+002	
  2.5950000000000000e+004	  6.3814799684016499e+001	  1.1686022022440925e+002	
  2.5980000000000000e+004	  6.2758020783412306e+001	  1.1925021669475851e+002	
  2.6010000000000000e+004	  6.2346618919775480e+001	  1.1797454749860950e+002	
  2.6040000000000000e+004	  6.2662936543783232e+001	  1.1894406981022034e+002	
  2.6070000000000000e+004	  6.2217505801321046e+001	  1.1792442454701263e+002	
  2.6100000000000000e+004	  6.1876898386685546e+001	  1.1835968450906039e+002	
  2.6130000000000000e+004	  6.2594015288445121e+001	  1.1985800873201640e+002	
  2.6160000000000000e+004	  6.2278459893360079e+001	  1.1869250325789294e+002	
  2.6190000000000000e+004	  6.2800179795035582e+001	  1.1962312333394659e+002	
  2.6220000000000000e+004	  6.2959712002211994e+001	  1.1848659261098339e+002	
  2.6250000000000000e+004	  6.3778969984393221e+001	  1.1842646961696769e+002	
  2.6280000000000000e+004	  6.4448596548134248e+001	  1.1832295197348768e+002	
  2.6310000000000000e+004	  6.4782037554753828e+001	  1.1809251415776446e+002	
  2.6340000000000000e+004	  6.4877032169292946e+001	  1.1741906536819019e+002	
  2.6370000000000000e+004	  6.4226295516781789e+001	  1.1637821207350915e+002	
  2.6400000000000000e+004	  6.4111536842826268e+001	  1.1612665764854155e+002	
  2.6430000000000000e+004	  6.4441414133180473e+001	  1.1628140509055825e+002	
  2.6460000000000000e+004	  6.4386678146645835e+001	  1.1598866529919228e+002	
  2.6490000000000000e+004	  6.4479087737132090e+001	  1.1635818825619603e+002	
  2.6520000000000000e+004	  6.4557066399948638e+001	  1.1745578304072708e+002	
  2.6550000000000000e+004	  6.4114191962710905e+001	  1.1903980675635925e+002	
  2.6580000000000000e+004	  6.4500568052091140e+001	  1.2031107858004589e+002	
  2.6610000000000000e+004	  6.5651509039913648e+001	  1.2256079555078334e+002	
  2.6640000000000000e+004	  6.8207038455018235e+001	  1.2594484931334777e+002	
  2.6670000000000000e+004	  6.9368783902605884e+001	  1.2682982324862273e+002	
  2.6700000000000000e+004	  6.7671059240872381e+001	  1.2143538151666004e+002	
  2.6730000000000000e+004	  6.5057229862200245e+001	  1.1598308275420295e+002	
  2.6760000000000000e+004	  6.5092209226529079e+001	  1.1475524438724115e+002	
  2.6790000000000000e+004	  6.5979545479066630e+001	  1.1514262273698361e+002	
  2.6820000000000000e+004	  6.6754887034092874e+001	  1.1606762886580373e+002	
  2.6850000000000000e+004	  6.5167386838035583e+001	  1.1318456929599942e+002	
  2.6880000000000000e+004	  6.4449484982044879e+001	  1.1207028730935295e+002	
  2.6910000000000000e+004	  8.0197944452725480e+001	  8.2846171065918881e+001	
  2.6940000000000000e+004	 -1.0716219122049031e+002	  1.5961825100130918e+002	
  2.6970000000000000e+004	 -3.1036312222895714e+002	  4.9266677674933192e+002	
  2.7000000000000000e+004	 -1.9047250067848969e+002	  6.6903981888573867e+002	
  2.7030000000000000e+004	  8.5716910373347446e+001	  7.9132053594385559e+002	
  2.7060000000000000e+004	 -5.1323175110748387e+001	  9.6034664851244747e+002	
  2.7090000000000000e+004	 -3.9649792070414259e+002	  9.4123572874475428e+002	
  2.7120000000000000e+004	 -5.0527614516709474e+002	  8.4714049859502143e+002	
  2.7150000000000000e+004	 -6.5485571443578976e+002	  8.5249485250948533e+002	
  2.7180000000000000e+004	 -4.7432957520594044e+002	  8.5429930017590107e+002	
  2.7210000000000000e+004	 -3.8502607027842583e+002	  9.3657043096260679e+002	
  2.7240000000000000e+004	 -3.8297246382392615e+002	  9.3113592400001403e+002	
  2.7270000000000000e+004	 -3.8305583823018941e+002	  9.3045689468399519e+002	
  2.7300000000000000e+004	 -3.8330411816313500e+002	  9.3058157022093235e+002	
  2.7330000000000000e+004	 -3.8395220471315440e+002	  9.3164018835495756e+002	
  2.7360000000000000e+004	 -3.8472220349831241e+002	  9.3363611272544472e+002	
  2.7390000000000000e+004	 -3.8454113076775337e+002	  9.3426616377200241e+002	
  2.7420000000000000e+004	 -3.8720964161778221e+002	  9.2966877012982422e+002	
  2.7450000000000000e+004	 -3.8039180039883604e+002	  9.1760199412003715e+002	
  2.7480000000000000e+004	 -3.8105779790625104e+002	  9.2262796101969980e+002	
  2.7510000000000000e+004	 -3.8705995961324959e+002	  9.3719825757969215e+002	
  2.7540000000000000e+004	 -4.4945865243074712e+002	  8.9700944291105588e+002	
  2.7570000000000000e+004	 -5.8050739939913228e+002	  8.5084178636812680e+002	
  2.7600000000000000e+004	 -5.9866533340835372e+002	  8.5167889221820656e+002	
  2.7630000000000000e+004	 -4.4584984126335212e+002	  8.9235749804633326e+002	
  2.7660000000000000e+004	 -2.7114117910257875e+002	  9.6005833440660751e+002	
  2.7690000000000000e+004	  8.8668709669731712e+001	  8.8500723181054434e+002	
  2.7720000000000000e+004	 -1.0674714929819001e+002	  7.1970802218244842e+002	
  2.7750000000000000e+004	 -1.6277437890080938e+002	  5.6879320577179806e+002	
  2.7780000000000000e+004	 -1.5485130825855487e+002	  5.2341367363634356e+002	
  2.7810000000000000e+004	 -2.4914942509749781e+002	  4.0517376271900412e+002	
  2.7840000000000000e+004	 -2.1443269970648208e+002	  3.6680609169837618e+002	
  2.7870000000000000e+004	 -2.1546443038062188e+002	  3.6889328816817078e+002	
  2.7900000000000000e+004	 -2.1415569586058459e+002	  3.6760424764288041e+002	
  2.7930000000000000e+004	 -2.5332297794433083e+002	  4.5508723979686567e+002	
  2.7960000000000000e+004	 -9.9135085594440355e+001	  5.4624369761191360e+002	
  2.7990000000000000e+004	 -8.9074175634999548e+001	  4.6165383080969389e+002	
  2.8020000000000000e+004	 -3.6474662161357088e+001	  4.3860451320751633e+002	
  2.8050000000000000e+004	  3.8116499902481948e+001	  3.7472407976580524e+002	
  2.8080000000000000e+004	 -5.3481698759804431e+001	  4.9287048117012557e+002	
  2.8110000000000000e+004	 -1.1804782285563434e+002	  5.5149229567329917e+002	
  2.8140000000000000e+004	 -2.1932600115579081e+002	  4.9438551435748678e+002	
  2.8170000000000000e+004	 -1.5543217828143548e+002	  5.2962850161136316e+002	
  2.8200000000000000e+004	 -1.5381422667878292e+002	  5.3138619863937890e+002	
  2.8230000000000000e+004	 -1.5403292500849224e+002	  5.3352905498958160e+002	
  2.8260000000000000e+004	 -1.5141010300680085e+002	  5.2836951515258909e+002	
  2.8290000000000000e+004	 -7.0342563624206690e+001	  5.2464817230580707e+002	
  2.8320000000000000e+004	 -7.3313149712416717e+001	  4.9568904252957373e+002	
  2.8350000000000000e+004	 -4.8642943070347656e+001	  4.7876882804419108e+002	
  2.8380000000000000e+004	 -5.3023618729015809e+001	  4.9263894824699508e+002	
  2.8410000000000000e+004	 -6.1775840308882870e+001	  4.9725860805271077e+002	
  2.8440000000000000e+004	 -1.9499831007757842e+002	  6.2119572811536705e+002	
  2.8470000000000000e+004	 -5.0169545364861925e+001	  7.4109426137406376e+002	
  2.8500000000000000e+004	  8.0281322263255674e+001	  9.0739978330425527e+002	
  2.8530000000000000e+004	 -2.0583552250048882e+002	  9.6717261255829749e+002	
  2.8560000000000000e+004	 -4.2882939861681388e+002	  9.2077564145579129e+002	
  2.8590000000000000e+004	 -4.6879980387473915e+002	  8.5803065196985403e+002	
  2.8620000000000000e+004	 -6.4539982465473645e+002	  8.4701471299731713e+002	
  2.8650000000000000e+004	 -6.4095019803131231e+002	  8.4277908961636570e+002	
  2.8680000000000000e+004	 -4.5612592206129631e+002	  8.5981283632857662e+002	
  2.8710000000000000e+004	 -3.9311857384439764e+002	  9.3631551349633810e+002	
  2.8740000000000000e+004	 -2.3878728047684595e+002	  9.6305276936716893e+002	
  2.8770000000000000e+004	  8.6871454755943105e+001	  8.8422578901787142e+002	
  2.8800000000000000e+004	 -8.4145854862190276e+001	  7.3032989792230592e+002	
  2.8830000000000000e+004	 -3.0264979244940895e+002	  6.0621020963785963e+002	
  2.8860000000000000e+004	 -5.1904361258082395e+002	  6.2943653102232781e+002	
  2.8890000000000000e+004	 -7.3601651595668034e+002	  6.2259498190833222e+002	
  2.8920000000000000e+004	 -7.2458409899320247e+002	  3.2784398850358218e+002	
  2.8950000000000000e+004	 -5.5937527164780431e+002	  2.0660988053656702e+001	
  2.8980000000000000e+004	 -5.2986828377160145e+002	 -3.6643780169949750e+001	
  2.9010000000000000e+004	 -5.2622540508655948e+002	 -3.7931713123046237e+001	
  2.9040000000000000e+004	 -5.3085519490098829e+002	 -3.6373282001995641e+001	
  2.9070000000000000e+004	 -5.2231091599331785e+002	 -4.0665743327412244e+001	
  2.9100000000000000e+004	 -5.2260851812918349e+002	 -4.1346955381187726e+001	
  2.9130000000000000e+004	 -5.2195058014521328e+002	 -4.3075681709874353e+001	
  2.9160000000000000e+004	 -5.2591435917797469e+002	 -3.8501670154275295e+001	
  2.9190000000000000e+004	 -5.2134820257363936e+002	 -3.9480202943473934e+001	
  2.9220000000000000e+004	 -5.1925068806630350e+002	 -4.3051206395947830e+001	
  2.9250000000000000e+004	 -5.1957248017768484e+002	 -4.3870464377233915e+001	
  2.9280000000000000e+004	 -5.2073956923015169e+002	 -4.2291026686738249e+001	
  2.9310000000000000e+004	 -5.2063289591609157e+002	 -4.2565835631319494e+001	
  2.9340000000000000e+004	 -5.2452048796132908e+002	 -3.8816714364725357e+001	
  2.9370000000000000e+004	 -5.2537294887313715e+002	 -4.7594043489037809e+001	
  2.9400000000000000e+004	 -5.2362949212628916e+002	 -4.6291697546663471e+001	
  2.9430000000000000e+004	 -5.2425247355401279e+002	 -4.1481656672778563e+001	
  2.9460000000000000e+004	 -5.3324405111364047e+002	 -3.4238304196008400e+001	
  2.9490000000000000e+004	 -5.2768471049011293e+002	 -4.4916905985940730e+001	
  2.9520000000000000e+004	 -5.2745074956215956e+002	 -4.3626753259100703e+001	
  2.9550000000000000e+004	 -5.1742385859044521e+002	 -4.5185117715301104e+001	
  2.9580000000000000e+004	 -5.0887689415299354e+002	 -5.0118687886805859e+001	
  2.9610000000000000e+004	 -5.1447209231597003e+002	 -5.0516092611896013e+001	
  2.9640000000000000e+004	 -5.1640916265971646e+002	 -5.2608865388881043e+001	
  2.9670000000000000e+004	 -5.2037743549532536e+002	 -4.1608487176839027e+001	
  2.9700000000000000e+004	 -5.1853985945555974e+002	 -4.6523271852145641e+001	
  2.9730000000000000e+004	 -5.0900597602706694e+002	 -6.2392588902007319e+001	
  2.9760000000000000e+004	 -5.1404003132457603e+002	 -4.5952033630586456e+001	
  2.9790000000000000e+004	 -5.1256369693516854e+002	 -3.8775548195635871e+001	
  2.9820000000000000e+004	 -5.1675337135652501e+002	 -2.9113205272646205e+001	
  2.9850000000000000e+004	 -5.2084981957447508e+002	 -2.9851004993685148e+001	
  2.9880000000000000e+004	 -5.2501260832493551e+002	 -2.7414651375951024e+001	
  2.9910000000000000e+004	 -5.1032812431653599e+002	 -4.2191894659513309e+001	
  2.9940000000000000e+004	 -5.1734318762438556e+002	 -3.6215072863405524e+001	
  2.9970000000000000e+004	 -5.1950704915427730e+002	 -4.0465324703352124e+001	
  3.0000000000000000e+004	 -5.1393426691999321e+002	 -5.0192252162719328e+001	
  3.0030000000000000e+004	 -5.1428834165410422e+002	 -5.3509456840815616e+001	
  3.0060000000000000e+004	 -5.2473204135912329e+002	 -4.2424456054007464e+001	
  3.0090000000000000e+004	 -5.1448912216009398e+002	 -5.0242351289203597e+001	
  3.0120000000000000e+004	 -5.2451062883669704e+002	 -3.8568398479957992e+001	
  3.0150000000000000e+004	 -5.1228044564564539e+002	 -4.6457494378302457e+001	
  3.0180000000000000e+004	 -5.1324046918450063e+002	 -4.6566543488648236e+001	
  3.0210000000000000e+004	 -5.2138944283552007e+002	 -4.0432017271758298e+001	
  3.0240000000000000e+004	 -5.2214240224453681e+002	 -4.0102462328384178e+001	
  3.0270000000000000e+004	 -5.2937706759989248e+002	 -3.5285758258811221e+001	
  3.0300000000000000e+004	 -5.1898983830350119e+002	 -4.2594797722691567e+001	
  3.0330000000000000e+004	 -5.2537922458799244e+002	 -3.7141381348771304e+001	
  3.0360000000000000e+004	 -5.2117521000319994e+002	 -3.8323484676598369e+001	
  3.0390000000000000e+004	 -5.1829693920375280e+002	 -3.9251973669029724e+001	
  3.0420000000000000e+004	 -5.2483153678722738e+002	 -3.4468645446253525e+001	
  3.0450000000000000e+004	 -5.1945685442463525e+002	 -3.9288695722360742e+001	
  3.0480000000000000e+004	 -5.0960564685424305e+002	 -4.6219163802372243e+001	
  3.0510000000000000e+004	 -5.1382400591948544e+002	 -4.4883556017950767e+001	
  3.0540000000000000e+004	 -5.1144412368973315e+002	 -4.7090960006100303e+001	
  3.0570000000000000e+004	 -5.2422737601878782e+002	 -3.7038874500839505e+001	
  3.0600000000000000e+004	 -5.2508969144397020e+002	 -3.6747268516132351e+001	
  3.0630000000000000e+004	 -5.2613487595292497e+002	 -3.8827786174975309e+001	
  3.0660000000000000e+004	 -5.2641723438985116e+002	 -4.0111276593788745e+001	
  3.0690000000000000e+004	 -5.2405796117789009e+002	 -3.8873429504803383e+001	
  3.0720000000000000e+004	 -5.2571715013785820e+002	 -3.5283463345787787e+001	
  3.0750000000000000e+004	 -5.3228133898263582e+002	 -1.5883434801133561e+001	
  3.0780000000000000e+004	 -5.2459399023102549e+002	 -2.9295652738120321e+001	
  3.0810000000000000e+004	 -5.2830321369625256e+002	 -2.1732830442204129e+001	
  3.0840000000000000e+004	 -5.3240234819701777e+002	 -2.5808198804502961e+001	
  3.0870000000000000e+004	 -5.2915028827058745e+002	 -3.1184743232325694e+001	
  3.0900000000000000e+004	 -5.2894770685885999e+002	 -3.1908454858589373e+001	
  3.0930000000000000e+004	 -5.1907409757977473e+002	 -4.0509840429775004e+001	
  3.0960000000000000e+004	 -5.1753231589637335e+002	 -3.9009293367634939e+001	
  3.0990000000000000e+004	 -5.2111515170226505e+002	 -3.5917932756842625e+001	
  3.1020000000000000e+004	 -5.2098427325580883e+002	 -3.6796268492798802e+001	
  3.1050000000000000e+004	 -5.2652658288928774e+002	 -3.5299057895418080e+001	
  3.1080000000000000e+004	 -5.1753321784934042e+002	 -3.8725356845497686e+001	
  3.1110000000000000e+004	 -5.1510403483847642e+002	 -4.2612682540143886e+001	
  3.1140000000000000e+004	 -5.1976072454475002e+002	 -4.0976346722743187e+001	
  3.1170000000000000e+004	 -5.1991310371041823e+002	 -3.9351057342913329e+001	
  3.1200000000000000e+004	 -5.2465854134080064e+002	 -3.7675772980805007e+001	
  3.1230000000000000e+004	 -5.2566965258260700e+002	 -3.7210387032861952e+001	
  3.1260000000000000e+004	 -5.3147818286658560e+002	 -3.1303926111055887e+001	
  3.1290000000000000e+004	 -5.3290342425104132e+002	 -1.5179707648721450e+001	
  3.1320000000000000e+004	 -5.3104434045799258e+002	 -1.9160145420396667e+001	
  3.1350000000000000e+004	 -5.3140109218944895e+002	 -1.2289797995523347e+001	
  3.1380000000000000e+004	 -5.3080320864215992e+002	 -2.3461538096442478e+001	
  3.1410000000000000e+004	 -5.3218363321001914e+002	 -2.1134188010243072e+001	
  3.1440000000000000e+004	 -5.2551905781199730e+002	 -2.6378133678396495e+001	
  3.1470000000000000e+004	 -5.2782006101440572e+002	 -2.0883507345227947e+001	
  3.1500000000000000e+004	 -5.3053608791531747e+002	 -2.8331323126593815e+000	
  3.1530000000000000e+004	 -5.2570729926685033e+002	 -2.7376671380224344e+001	
  3.1560000000000000e+004	 -5.2648086921432991e+002	 -4.4800047972367864e+001	
  3.1590000000000000e+004	 -5.2408396125561762e+002	 -3.8817801870348340e+001	
  3.1620000000000000e+004	 -5.2625499130422531e+002	 -3.9180729235078282e+001	
  3.1650000000000000e+004	 -5.2319115805758099e+002	 -3.8523952954278464e+001	
  3.1680000000000000e+004	 -5.2439678951922292e+002	 -3.4485335431375169e+001	
  3.1710000000000000e+004	 -5.2745344619064122e+002	 -4.2042666193604667e+001	
  3.1740000000000000e+004	 -5.2831754810529253e+002	 -3.6359893794571136e+001	
  3.1770000000000000e+004	 -5.1803698296249763e+002	 -3.2537350976922653e+001	
  3.1800000000000000e+004	 -5.1935466677352429e+002	 -4.4609630039749256e+001	
  3.1830000000000000e+004	 -5.2032634450403134e+002	 -4.3714654300599207e+001	
  3.1860000000000000e+004	 -5.1878725729200573e+002	 -3.4813627378138605e+001	
  3.1890000000000000e+004	 -5.2198104537412132e+002	 -3.4952883774654495e+001	
  3.1920000000000000e+004	 -5.2027435228260572e+002	 -2.6699927836013739e+001	
  3.1950000000000000e+004	 -5.1872988022396089e+002	 -2.2957412132506530e+001	
  3.1980000000000000e+004	 -5.2343677505616211e+002	 -3.3375519583066598e+001	
  3.2010000000000000e+004	 -5.2485931731567484e+002	 -3.1685598695793754e+001	
  3.2040000000000000e+004	 -5.2377112147207640e+002	 -3.7198188302327466e+001	
  3.2070000000000000e+004	 -5.2639212638863410e+002	 -3.7470890493781198e+001	
  3.2100000000000000e+004	 -5.2803519017613996e+002	 -2.9779026724820341e+001	
  3.2130000000000000e+004	 -5.2937258472729843e+002	 -2.3658744724217648e+001	
  3.2160000000000000e+004	 -5.3237187130918142e+002	 -1.8975501509925607e+001	
  3.2190000000000000e+004	 -5.2998481469415879e+002	 -2.5670253242291835e+001	
  3.2220000000000000e+004	 -5.2676681047875365e+002	 -2.6699808495019589e+001	
  3.2250000000000000e+004	 -5.3066157829038025e+002	 -2.3589744175009436e+001	
  3.2280000000000000e+004	 -5.3228492369335140e+002	 -2.5162505932591763e+001	
  3.2310000000000000e+004	 -5.2931970535803327e+002	 -1.2409787388445863e+000	
  3.2340000000000000e+004	 -5.3378545446205749e+002	 -3.0829416874780300e+000	
  3.2370000000000000e+004	 -5.3428294614331719e+002	 -1.5408150300369783e+001	
  3.2400000000000000e+004	 -5.3174529222314050e+002	 -1.7233501373219177e+001	
  3.2430000000000000e+004	 -5.3133834050387281e+002	 -2.2054569314373683e+001	
  3.2460000000000000e+004	 -5.2915386986218061e+002	 -2.4221942324666088e+001	
  3.2490000000000000e+004	 -5.2646203999898830e+002	 -2.4161811952551759e+001	
  3.2520000000000000e+004	 -5.2371913682030640e+002	 -2.8140284298599955e+001	
  3.2550000000000000e+004	 -5.2582741839076209e+002	 -2.6870266973320952e+001	
  3.2580000000000000e+004	 -5.2262554329114505e+002	 -1.9091367254349276e+001	
  3.2610000000000000e+004	 -5.2075480451687963e+002	 -2.0507267617993534e+001	
  3.2640000000000000e+004	 -5.2420765346006840e+002	 -1.6690087559362055e+001	
  3.2670000000000000e+004	 -5.2428654260828409e+002	 -6.6958351541820846e+000	
  3.2700000000000000e+004	 -5.2664938805601491e+002	  1.8582100391607839e+000	
  3.2730000000000000e+004	 -5.1862501326208337e+002	  3.9193011665613255e+000	
  3.2760000000000000e+004	 -5.1529765559453449e+002	  6.4845164784873131e+000	
  3.2790000000000000e+004	 -5.1822880855036703e+002	 -1.4623842924551425e+000	
  3.2820000000000000e+004	 -5.2552354512518048e+002	 -9.2916552609336485e+000	
  3.2850000000000000e+004	 -5.2076646075597250e+002	 -1.8289616157969007e+001	
  3.2880000000000000e+004	 -5.2101923393516290e+002	 -1.6887274542177884e+001	
  3.2910000000000000e+004	 -5.2205903055707427e+002	 -1.4021910884184507e+001	
  3.2940000000000000e+004	 -5.2311497590892327e+002	 -1.9228382630569751e+001	
  3.2970000000000000e+004	 -5.2468990739297260e+002	 -2.0717610090659910e+001	
  3.3000000000000000e+004	 -5.2385000203642926e+002	 -1.7153368047709630e+001	
  3.3030000000000000e+004	 -5.2098606986171967e+002	 -2.3437251185070302e+001	
  3.3060000000000000e+004	 -5.1812303795569483e+002	 -2.6718838194518003e+001	
  3.3090000000000000e+004	 -5.1564903995921895e+002	 -1.8555086516499919e+001	
  3.3120000000000000e+004	 -5.1018829099157284e+002	 -1.3746869994046801e+001	
  3.3150000000000000e+004	 -5.1401494233211156e+002	 -2.5532142582310644e+001	
  3.3180000000000000e+004	 -5.1795273452073172e+002	 -3.1488687275347012e+001	
  3.3210000000000000e+004	 -5.1761479197750145e+002	 -3.1281571564834394e+001	
  3.3240000000000000e+004	 -5.1989877198373199e+002	 -2.4749408631870459e+001	
  3.3270000000000000e+004	 -5.2427040361072568e+002	 -1.0014408298189869e+001	
  3.3300000000000000e+004	 -5.2480554099052813e+002	 -1.8055110164520187e+001	
  3.3330000000000000e+004	 -5.2782364905600446e+002	 -2.8299515062084414e+001	
  3.3360000000000000e+004	 -5.3367879092225917e+002	 -3.3535738935928563e+001	
  3.3390000000000000e+004	 -5.3041060055551463e+002	 -3.4996182769868788e+001	
  3.3420000000000000e+004	 -5.2340988066195735e+002	 -3.1985213627161961e+001	
  3.3450000000000000e+004	 -5.2799037807773993e+002	 -2.7568078978000994e+001	
  3.3480000000000000e+004	 -5.3509686081737345e+002	 -2.9847845896474297e+001	
  3.3510000000000000e+004	 -5.3027344953291743e+002	 -2.8377454326212330e+001	
  3.3540000000000000e+004	 -5.2711998675581606e+002	 -2.5968344708650914e+001	
  3.3570000000000000e+004	 -5.3261569058372902e+002	 -2.3159916968351460e+001	
  3.3600000000000000e+004	 -5.2729388337247019e+002	 -1.6735662507457683e+001	
  3.3630000000000000e+004	 -5.2609542016454520e+002	 -2.7457936087910099e+001	
  3.3660000000000000e+004	 -5.2768828751264732e+002	 -3.8079783289472829e+001	
  3.3690000000000000e+004	 -5.3325390892430744e+002	 -4.2398880761222372e+001	
  3.3720000000000000e+004	 -5.3555311930141102e+002	 -4.0547618229413771e+001	
  3.3750000000000000e+004	 -5.2393246562183811e+002	 -4.1361396298988396e+001	
  3.3780000000000000e+004	 -5.2334981608402677e+002	 -4.0114546858697310e+001	
  3.3810000000000000e+004	 -5.2167179921127786e+002	 -3.8448308262206808e+001	
  3.3840000000000000e+004	 -5.2239697090930486e+002	 -3.5676567734301855e+001	
  3.3870000000000000e+004	 -5.2106494905082741e+002	 -3.0408983450424763e+001	
  3.3900000000000000e+004	 -5.2273759843412086e+002	 -3.4498725178467666e+001	
  3.3930000000000000e+004	 -5.2205007206599771e+002	 -3.0859677429617513e+001	
  3.3960000000000000e+004	 -5.1810422129404628e+002	 -3.4603425436611680e+001	
  3.3990000000000000e+004	 -5.2104164518105586e+002	 -2.8559962468074779e+001	
  3.4020000000000000e+004	 -5.1604702281760638e+002	 -3.2128914340397131e+001	
  3.4050000000000000e+004	 -5.2030750888894147e+002	 -3.9080595839039603e+001	
  3.4080000000000000e+004	 -5.1616444856749752e+002	 -3.6109451051073606e+001	
  3.4110000000000000e+004	 -5.1023043042347217e+002	 -2.7128289214115608e+001	
  3.4140000000000000e+004	 -4.9763362206131416e+002	 -1.8061766993086156e+001	
  3.4170000000000000e+004	 -4.9806477417747919e+002	 -1.7720845247415895e+001	
  3.4200000000000000e+004	 -4.9726610405345821e+002	 -1.1305480003149880e+001	
  3.4230000000000000e+004	 -5.0013093235944842e+002	 -1.7610764036768096e+001	
  3.4260000000000000e+004	 -5.0534068162536869e+002	 -1.9809328752104825e+001	
  3.4290000000000000e+004	 -5.1218722019568554e+002	 -2.4258615619926040e+001	
  3.4320000000000000e+004	 -5.2297333651262102e+002	 -3.6968810264590346e+001	
  3.4350000000000000e+004	 -5.2376305428026853e+002	 -4.0817116025254009e+001	
  3.4380000000000000e+004	 -5.2514347824514039e+002	 -2.7246374397520970e+001	
  3.4410000000000000e+004	 -5.2035502612338882e+002	 -2.3434885258460159e+001	
  3.4440000000000000e+004	 -5.1955724143142402e+002	 -2.9300152994794956e+001	
  3.4470000000000000e+004	 -5.1728044407609775e+002	 -2.6999259963718192e+001	
  3.4500000000000000e+004	 -5.1839912361128859e+002	 -3.0038209461543829e+001	
  3.4530000000000000e+004	 -5.1348786100117195e+002	 -2.2094628431517364e+001	
  3.4560000000000000e+004	 -5.2016140487523080e+002	 -3.0211819388914488e+001	
  3.4590000000000000e+004	 -5.2271339947666115e+002	 -3.1645690003270126e+001	
  3.4620000000000000e+004	 -5.2498750285428446e+002	 -2.9377005309290968e+001	
  3.4650000000000000e+004	 -5.1681253580253792e+002	 -1.9760399676655474e+001	
  3.4680000000000000e+004	 -5.0640467974787344e+002	 -1.6270435936232808e+001	
  3.4710000000000000e+004	 -5.1603358446563709e+002	 -2.0639646723474876e+001	
  3.4740000000000000e+004	 -5.1725444667534316e+002	 -2.0419369647357023e+001	
  3.4770000000000000e+004	 -5.1647370040206852e+002	 -2.6717585822629513e+001	
  3.4800000000000000e+004	 -5.2518650357705917e+002	 -3.1429834309704166e+001	
  3.4830000000000000e+004	 -5.1785501698547819e+002	 -2.6765568178137396e+001	
  3.4860000000000000e+004	 -5.1465405496126584e+002	 -2.4468021545922586e+001	
  3.4890000000000000e+004	 -5.2021877460731889e+002	 -2.7784006746944090e+001	
  3.4920000000000000e+004	 -5.2295362474855415e+002	 -2.7894255252226127e+001	
  3.4950000000000000e+004	 -5.1121733726622625e+002	 -2.4170573851296460e+001	
  3.4980000000000000e+004	 -5.2055042804383322e+002	 -3.0011526296087567e+001	
  3.5010000000000000e+004	 -5.2525821530635926e+002	 -3.6530203415582491e+001	
  3.5040000000000000e+004	 -5.1647101967793697e+002	 -3.0261964093103188e+001	
  3.5070000000000000e+004	 -5.2132042274928745e+002	 -2.5423061930528739e+001	
  3.5100000000000000e+004	 -5.2004308665959229e+002	 -1.6950525476983522e+001	
  3.5130000000000000e+004	 -5.2462177593094827e+002	 -2.2970803646509751e+001	
  3.5160000000000000e+004	 -5.1261390056228061e+002	 -3.5499395037144346e+001	
  3.5190000000000000e+004	 -5.1886165577395855e+002	 -3.5880085725570822e+001	
  3.5220000000000000e+004	 -5.2358019020058089e+002	 -3.9860795155540913e+001	
  3.5250000000000000e+004	 -5.1996510208473978e+002	 -3.7691195257082697e+001	
  3.5280000000000000e+004	 -5.1397460141208580e+002	 -3.1676898059032919e+001	
  3.5310000000000000e+004	 -5.2008432164464318e+002	 -3.0683922626643845e+001	
  3.5340000000000000e+004	 -5.2286846379002475e+002	 -3.5010743967803378e+001	
  3.5370000000000000e+004	 -5.2567592219310563e+002	 -2.2407480411588306e+001	
  3.5400000000000000e+004	 -5.1402928105071589e+002	 -8.9617653745692110e+000	
  3.5430000000000000e+004	 -5.1000812069366748e+002	 -1.2888653742797771e+001	
  3.5460000000000000e+004	 -5.1762106505411975e+002	 -3.1214917688009677e+001	
  3.5490000000000000e+004	 -5.2838208636372451e+002	 -3.9555879915112087e+001	
  3.5520000000000000e+004	 -5.2764974761705798e+002	 -3.9837427982077564e+001	
  3.5550000000000000e+004	 -5.2397459666958696e+002	 -3.6441200513200911e+001	
  3.5580000000000000e+004	 -5.1804414885457902e+002	 -3.1677924343686083e+001	
  3.5610000000000000e+004	 -5.2283350280478669e+002	 -2.8990751609733643e+001	
  3.5640000000000000e+004	 -4.7000275347022290e+002	 -1.5276199597597892e+002	
  3.5670000000000000e+004	 -4.6074316166523602e+002	 -1.6766627484739007e+002	
  3.5700000000000000e+004	 -2.8521073842782494e+002	 -1.6178871439983649e+002	
  3.5730000000000000e+004	 -6.0512847866408357e+001	  2.1457767324695368e+001	
  3.5760000000000000e+004	 -1.6291510829363497e+002	  2.7338099192329912e+002	
  3.5790000000000000e+004	 -3.2108918788945027e+002	  5.1070683024588999e+002	
  3.5820000000000000e+004	 -2.1524838472966994e+002	  6.5685838698634177e+002	
  3.5850000000000000e+004	  2.0569154406103902e+001	  7.5385342640090425e+002	
  3.5880000000000000e+004	  6.9604552551429194e+001	  9.1799717347517742e+002	
  3.5910000000000000e+004	 -1.3632048976455093e+002	  9.7297779593553355e+002	
  3.5940000000000000e+004	 -3.4375232457687952e+002	  9.7425906350702030e+002	
  3.5970000000000000e+004	 -4.4656873169750833e+002	  9.0944467730778729e+002	
  3.6000000000000000e+004	 -3.8422649726890410e+002	  8.5217425549596226e+002	
  3.6030000000000000e+004	 -4.1390379247358925e+002	  8.5563955245021930e+002	
  3.6060000000000000e+004	 -5.1466302614011499e+002	  8.6033269014031760e+002	
  3.6090000000000000e+004	 -6.2331574176235677e+002	  8.4717834224198327e+002	
  3.6120000000000000e+004	 -6.2109720700549462e+002	  8.4865440764452285e+002	
  3.6150000000000000e+004	 -6.1870388252712155e+002	  8.4647593658970402e+002	
  3.6180000000000000e+004	 -5.9759057413670644e+002	  8.4676535778327195e+002	
  3.6210000000000000e+004	 -5.7464059768656728e+002	  8.6647627928855240e+002	
  3.6240000000000000e+004	 -5.6261119424296203e+002	  8.7984323261540089e+002	
