  0.0000000000000000e+000	 -2.7960119087175269e+002	  6.9013997329392475e+002	
  3.0000000000000000e+001	 -2.6893431077485479e+002	  6.4906395678815227e+002	
  6.0000000000000000e+001	 -2.2008168725079670e+002	  6.2969479193645122e+002	
  9.0000000000000000e+001	 -1.7750370935720738e+002	  6.0119760682515948e+002	
  1.2000000000000000e+002	 -1.7526272287997872e+002	  5.5756131706543329e+002	
  1.5000000000000000e+002	 -1.4541333046697730e+002	  5.3752423435143442e+002	
  1.8000000000000000e+002	 -3.3366076322506707e+001	  5.7949077098679584e+002	
  2.1000000000000000e+002	 -3.3366076322506707e+001	  5.7949077098679584e+002	
  2.4000000000000000e+002	 -6.3562811977692739e+001	  5.0250804397109840e+002	
  2.7000000000000000e+002	 -9.3759547632878764e+001	  4.2552531695540091e+002	
  3.0000000000000000e+002	 -1.2395628328806481e+002	  3.4854258993970348e+002	
  3.3000000000000000e+002	 -1.4152302167120848e+002	  3.2920541379108647e+002	
  3.6000000000000000e+002	 -1.3345564490420333e+002	  3.9737599068551873e+002	
  3.9000000000000000e+002	 -1.0539901401725425e+002	  4.7322747814976435e+002	
  4.2000000000000000e+002	 -9.7098528735846301e+001	  4.8021818578405617e+002	
  4.5000000000000000e+002	 -1.1215769634921142e+002	  4.6316440599333072e+002	
  4.8000000000000000e+002	 -1.0785508294165683e+002	  4.8645193324914965e+002	
  5.1000000000000000e+002	 -1.0086330905023368e+002	  5.0913837342693421e+002	
  5.4000000000000000e+002	 -1.0086330905023368e+002	  5.0913837342693421e+002	
  5.7000000000000000e+002	 -1.0086330905023368e+002	  5.0913837342693421e+002	
  6.0000000000000000e+002	 -1.0086330905023368e+002	  5.0913837342693421e+002	
  6.3000000000000000e+002	 -1.0086330905023368e+002	  5.0913837342693421e+002	
  6.6000000000000000e+002	 -1.0086330905023368e+002	  5.0913837342693421e+002	
  6.9000000000000000e+002	 -1.0086330905023368e+002	  5.0913837342693421e+002	
  7.2000000000000000e+002	 -1.0086330905023368e+002	  5.0913837342693421e+002	
  7.5000000000000000e+002	 -1.0086330905023368e+002	  5.0913837342693421e+002	
  7.8000000000000000e+002	 -1.0086330905023368e+002	  5.0913837342693421e+002	
  8.1000000000000000e+002	 -1.0086330905023368e+002	  5.0913837342693421e+002	
  8.4000000000000000e+002	 -1.0086330905023368e+002	  5.0913837342693421e+002	
  8.7000000000000000e+002	 -1.0086330905023368e+002	  5.0913837342693421e+002	
  9.0000000000000000e+002	 -1.0086330905023368e+002	  5.0913837342693421e+002	
  9.3000000000000000e+002	 -1.0086330905023368e+002	  5.0913837342693421e+002	
  9.6000000000000000e+002	 -1.0086330905023368e+002	  5.0913837342693421e+002	
  9.9000000000000000e+002	 -1.0086330905023368e+002	  5.0913837342693421e+002	
  1.0200000000000000e+003	 -1.0086330905023368e+002	  5.0913837342693421e+002	
  1.0500000000000000e+003	 -1.0086330905023368e+002	  5.0913837342693421e+002	
  1.0800000000000000e+003	 -1.0086330905023368e+002	  5.0913837342693421e+002	
  1.1100000000000000e+003	 -1.0086330905023368e+002	  5.0913837342693421e+002	
  1.1400000000000000e+003	 -1.0086330905023368e+002	  5.0913837342693421e+002	
  1.1700000000000000e+003	 -1.0086330905023368e+002	  5.0913837342693421e+002	
  1.2000000000000000e+003	 -1.0086330905023368e+002	  5.0913837342693421e+002	
  1.2300000000000000e+003	 -1.0086330905023368e+002	  5.0913837342693421e+002	
  1.2600000000000000e+003	 -1.0086330905023368e+002	  5.0913837342693421e+002	
  1.2900000000000000e+003	 -1.0086330905023368e+002	  5.0913837342693421e+002	
  1.3200000000000000e+003	 -1.0086330905023368e+002	  5.0913837342693421e+002	
  1.3500000000000000e+003	 -1.0086330905023368e+002	  5.0913837342693421e+002	
  1.3800000000000000e+003	 -1.0086330905023368e+002	  5.0913837342693421e+002	
  1.4100000000000000e+003	 -1.0086330905023368e+002	  5.0913837342693421e+002	
  1.4400000000000000e+003	 -1.0086330905023368e+002	  5.0913837342693421e+002	
  1.4700000000000000e+003	 -1.0086330905023368e+002	  5.0913837342693421e+002	
  1.5000000000000000e+003	 -1.0086330905023368e+002	  5.0913837342693421e+002	
  1.5300000000000000e+003	 -1.0086330905023368e+002	  5.0913837342693421e+002	
  1.5600000000000000e+003	 -1.0086330905023368e+002	  5.0913837342693421e+002	
  1.5900000000000000e+003	 -1.0086330905023368e+002	  5.0913837342693421e+002	
  1.6200000000000000e+003	 -1.0086330905023368e+002	  5.0913837342693421e+002	
  1.6500000000000000e+003	 -1.0086330905023368e+002	  5.0913837342693421e+002	
  1.6800000000000000e+003	 -1.0086330905023368e+002	  5.0913837342693421e+002	
  1.7100000000000000e+003	 -1.0086330905023368e+002	  5.0913837342693421e+002	
  1.7400000000000000e+003	 -1.0086330905023368e+002	  5.0913837342693421e+002	
  1.7700000000000000e+003	 -1.0086330905023368e+002	  5.0913837342693421e+002	
  1.8000000000000000e+003	 -1.0086330905023368e+002	  5.0913837342693421e+002	
  1.8300000000000000e+003	 -1.0086330905023368e+002	  5.0913837342693421e+002	
  1.8600000000000000e+003	 -1.0086330905023368e+002	  5.0913837342693421e+002	
  1.8900000000000000e+003	 -1.0086330905023368e+002	  5.0913837342693421e+002	
  1.9200000000000000e+003	 -1.0086330905023368e+002	  5.0913837342693421e+002	
  1.9500000000000000e+003	 -1.0086330905023368e+002	  5.0913837342693421e+002	
  1.9800000000000000e+003	 -1.0086330905023368e+002	  5.0913837342693421e+002	
  2.0100000000000000e+003	 -1.0086330905023368e+002	  5.0913837342693421e+002	
  2.0400000000000000e+003	 -1.0086330905023368e+002	  5.0913837342693421e+002	
  2.0700000000000000e+003	 -1.0086330905023368e+002	  5.0913837342693421e+002	
  2.1000000000000000e+003	 -1.0086330905023368e+002	  5.0913837342693421e+002	
  2.1300000000000000e+003	 -1.0086330905023368e+002	  5.0913837342693421e+002	
  2.1600000000000000e+003	 -1.0086330905023368e+002	  5.0913837342693421e+002	
  2.1900000000000000e+003	 -1.0086330905023368e+002	  5.0913837342693421e+002	
  2.2200000000000000e+003	 -1.0086330905023368e+002	  5.0913837342693421e+002	
  2.2500000000000000e+003	 -1.0086330905023368e+002	  5.0913837342693421e+002	
  2.2800000000000000e+003	 -1.0086330905023368e+002	  5.0913837342693421e+002	
  2.3100000000000000e+003	 -1.0086330905023368e+002	  5.0913837342693421e+002	
  2.3400000000000000e+003	 -1.0086330905023368e+002	  5.0913837342693421e+002	
  2.3700000000000000e+003	 -1.0086330905023368e+002	  5.0913837342693421e+002	
  2.4000000000000000e+003	 -1.0086330905023368e+002	  5.0913837342693421e+002	
  2.4300000000000000e+003	 -1.0086330905023368e+002	  5.0913837342693421e+002	
  2.4600000000000000e+003	 -1.0086330905023368e+002	  5.0913837342693421e+002	
  2.4900000000000000e+003	 -1.0086330905023368e+002	  5.0913837342693421e+002	
  2.5200000000000000e+003	 -1.0086330905023368e+002	  5.0913837342693421e+002	
  2.5500000000000000e+003	 -1.0086330905023368e+002	  5.0913837342693421e+002	
  2.5800000000000000e+003	 -1.0086330905023368e+002	  5.0913837342693421e+002	
  2.6100000000000000e+003	 -1.0086330905023368e+002	  5.0913837342693421e+002	
  2.6400000000000000e+003	 -1.0086330905023368e+002	  5.0913837342693421e+002	
  2.6700000000000000e+003	 -1.0086330905023368e+002	  5.0913837342693421e+002	
  2.7000000000000000e+003	 -1.0086330905023368e+002	  5.0913837342693421e+002	
  2.7300000000000000e+003	 -1.0086330905023368e+002	  5.0913837342693421e+002	
  2.7600000000000000e+003	 -1.0086330905023368e+002	  5.0913837342693421e+002	
  2.7900000000000000e+003	 -1.0086330905023368e+002	  5.0913837342693421e+002	
  2.8200000000000000e+003	 -1.0086330905023368e+002	  5.0913837342693421e+002	
  2.8500000000000000e+003	 -1.0086330905023368e+002	  5.0913837342693421e+002	
  2.8800000000000000e+003	 -1.0086330905023368e+002	  5.0913837342693421e+002	
  2.9100000000000000e+003	 -1.0086330905023368e+002	  5.0913837342693421e+002	
  2.9400000000000000e+003	 -1.0086330905023368e+002	  5.0913837342693421e+002	
  2.9700000000000000e+003	 -1.0086330905023368e+002	  5.0913837342693421e+002	
  3.0000000000000000e+003	 -1.0086330905023368e+002	  5.0913837342693421e+002	
  3.0300000000000000e+003	 -1.0086330905023368e+002	  5.0913837342693421e+002	
  3.0600000000000000e+003	 -1.0086330905023368e+002	  5.0913837342693421e+002	
  3.0900000000000000e+003	 -1.0086330905023368e+002	  5.0913837342693421e+002	
  3.1200000000000000e+003	 -1.0086330905023368e+002	  5.0913837342693421e+002	
  3.1500000000000000e+003	 -1.0086330905023368e+002	  5.0913837342693421e+002	
  3.1800000000000000e+003	 -1.0086330905023368e+002	  5.0913837342693421e+002	
  3.2100000000000000e+003	 -1.0086330905023368e+002	  5.0913837342693421e+002	
  3.2400000000000000e+003	 -1.0086330905023368e+002	  5.0913837342693421e+002	
  3.2700000000000000e+003	 -1.0086330905023368e+002	  5.0913837342693421e+002	
  3.3000000000000000e+003	 -1.0086330905023368e+002	  5.0913837342693421e+002	
  3.3300000000000000e+003	 -1.0086330905023368e+002	  5.0913837342693421e+002	
  3.3600000000000000e+003	 -1.0086330905023368e+002	  5.0913837342693421e+002	
  3.3900000000000000e+003	 -1.0086330905023368e+002	  5.0913837342693421e+002	
  3.4200000000000000e+003	 -1.0086330905023368e+002	  5.0913837342693421e+002	
  3.4500000000000000e+003	 -1.0086330905023368e+002	  5.0913837342693421e+002	
  3.4800000000000000e+003	 -1.0086330905023368e+002	  5.0913837342693421e+002	
  3.5100000000000000e+003	 -1.0086330905023368e+002	  5.0913837342693421e+002	
  3.5400000000000000e+003	 -1.0086330905023368e+002	  5.0913837342693421e+002	
  3.5700000000000000e+003	 -1.0086330905023368e+002	  5.0913837342693421e+002	
  3.6000000000000000e+003	 -1.0086330905023368e+002	  5.0913837342693421e+002	
  3.6300000000000000e+003	 -1.0086330905023368e+002	  5.0913837342693421e+002	
  3.6600000000000000e+003	 -1.0086330905023368e+002	  5.0913837342693421e+002	
  3.6900000000000000e+003	 -1.0086330905023368e+002	  5.0913837342693421e+002	
  3.7200000000000000e+003	 -1.0086330905023368e+002	  5.0913837342693421e+002	
  3.7500000000000000e+003	 -1.0086330905023368e+002	  5.0913837342693421e+002	
  3.7800000000000000e+003	 -1.0086330905023368e+002	  5.0913837342693421e+002	
  3.8100000000000000e+003	 -1.0086330905023368e+002	  5.0913837342693421e+002	
  3.8400000000000000e+003	 -1.0086330905023368e+002	  5.0913837342693421e+002	
  3.8700000000000000e+003	 -1.0086330905023368e+002	  5.0913837342693421e+002	
  3.9000000000000000e+003	 -1.0086330905023368e+002	  5.0913837342693421e+002	
  3.9300000000000000e+003	 -1.0086330905023368e+002	  5.0913837342693421e+002	
  3.9600000000000000e+003	 -1.0086330905023368e+002	  5.0913837342693421e+002	
  3.9900000000000000e+003	 -1.0086330905023368e+002	  5.0913837342693421e+002	
  4.0200000000000000e+003	 -1.0086330905023368e+002	  5.0913837342693421e+002	
  4.0500000000000000e+003	 -1.0086330905023368e+002	  5.0913837342693421e+002	
  4.0800000000000000e+003	 -1.0086330905023368e+002	  5.0913837342693421e+002	
  4.1100000000000000e+003	 -1.0086330905023368e+002	  5.0913837342693421e+002	
  4.1400000000000000e+003	 -1.0086330905023368e+002	  5.0913837342693421e+002	
  4.1700000000000000e+003	 -1.0086330905023368e+002	  5.0913837342693421e+002	
  4.2000000000000000e+003	 -1.0086330905023368e+002	  5.0913837342693421e+002	
  4.2300000000000000e+003	 -1.0086330905023368e+002	  5.0913837342693421e+002	
  4.2600000000000000e+003	 -1.0086330905023368e+002	  5.0913837342693421e+002	
  4.2900000000000000e+003	 -1.0086330905023368e+002	  5.0913837342693421e+002	
  4.3200000000000000e+003	 -1.0086330905023368e+002	  5.0913837342693421e+002	
  4.3500000000000000e+003	 -1.0086330905023368e+002	  5.0913837342693421e+002	
  4.3800000000000000e+003	 -1.0086330905023368e+002	  5.0913837342693421e+002	
  4.4100000000000000e+003	 -1.0086330905023368e+002	  5.0913837342693421e+002	
  4.4400000000000000e+003	 -1.0086330905023368e+002	  5.0913837342693421e+002	
  4.4700000000000000e+003	 -1.0086330905023368e+002	  5.0913837342693421e+002	
  4.5000000000000000e+003	 -1.0086330905023368e+002	  5.0913837342693421e+002	
  4.5300000000000000e+003	 -1.0086330905023368e+002	  5.0913837342693421e+002	
  4.5600000000000000e+003	 -1.0086330905023368e+002	  5.0913837342693421e+002	
  4.5900000000000000e+003	 -1.0086330905023368e+002	  5.0913837342693421e+002	
  4.6200000000000000e+003	 -1.0086330905023368e+002	  5.0913837342693421e+002	
  4.6500000000000000e+003	 -1.0086330905023368e+002	  5.0913837342693421e+002	
  4.6800000000000000e+003	 -1.0086330905023368e+002	  5.0913837342693421e+002	
  4.7100000000000000e+003	 -1.0086330905023368e+002	  5.0913837342693421e+002	
  4.7400000000000000e+003	 -1.0086330905023368e+002	  5.0913837342693421e+002	
  4.7700000000000000e+003	 -1.0086330905023368e+002	  5.0913837342693421e+002	
  4.8000000000000000e+003	 -1.0086330905023368e+002	  5.0913837342693421e+002	
  4.8300000000000000e+003	 -1.0086330905023368e+002	  5.0913837342693421e+002	
  4.8600000000000000e+003	 -1.0086330905023368e+002	  5.0913837342693421e+002	
  4.8900000000000000e+003	 -1.0086330905023368e+002	  5.0913837342693421e+002	
  4.9200000000000000e+003	 -1.0086330905023368e+002	  5.0913837342693421e+002	
  4.9500000000000000e+003	 -1.0086330905023368e+002	  5.0913837342693421e+002	
  4.9800000000000000e+003	 -1.0086330905023368e+002	  5.0913837342693421e+002	
  5.0100000000000000e+003	 -1.0086330905023368e+002	  5.0913837342693421e+002	
  5.0400000000000000e+003	 -1.0086330905023368e+002	  5.0913837342693421e+002	
  5.0700000000000000e+003	 -1.0086330905023368e+002	  5.0913837342693421e+002	
  5.1000000000000000e+003	 -1.0086330905023368e+002	  5.0913837342693421e+002	
  5.1300000000000000e+003	 -1.0086330905023368e+002	  5.0913837342693421e+002	
  5.1600000000000000e+003	 -1.0432533518500775e+002	  4.7419575320123164e+002	
  5.1900000000000000e+003	 -1.0828884309593475e+002	  4.3419162085168523e+002	
  5.2200000000000000e+003	 -1.3855604679803429e+002	  4.4017741614472015e+002	
  5.2500000000000000e+003	 -1.6229215113268310e+002	  4.1853737674296889e+002	
  5.2800000000000000e+003	 -1.3076651910884794e+002	  3.8576561789467985e+002	
  5.3100000000000000e+003	 -1.2434842952744881e+002	  3.4403285140068408e+002	
  5.3400000000000000e+003	 -1.5016414762760459e+002	  2.9780285497784371e+002	
  5.3700000000000000e+003	 -1.5413509055381024e+002	  2.6235946698564567e+002	
  5.4000000000000000e+003	 -1.3905804213652820e+002	  2.2489016048976268e+002	
  5.4300000000000000e+003	 -1.2142622442523982e+002	  1.8578446300732358e+002	
  5.4600000000000000e+003	 -9.9823522036651724e+001	  1.5070844945859136e+002	
  5.4900000000000000e+003	 -7.5164147512333670e+001	  1.1746913904573121e+002	
  5.5200000000000000e+003	 -4.8819669411102929e+001	  7.7873664243439208e+001	
  5.5500000000000000e+003	 -4.3710210340799414e+001	  3.4126096566093608e+001	
  5.5800000000000000e+003	 -2.4133380460745688e+001	 -9.6681190285530043e+000	
  5.6100000000000000e+003	 -9.6745704819075424e+000	 -3.5202264688534250e+001	
  5.6400000000000000e+003	 -9.6836936344521689e+000	 -3.4901671317085821e+001	
  5.6700000000000000e+003	 -1.1287973951635502e+001	 -3.3899684450890469e+001	
  5.7000000000000000e+003	  2.2146744339261225e+001	 -4.2938900389466404e+001	
  5.7300000000000000e+003	  6.1910017192290567e+001	 -2.0118814627991124e+001	
  5.7600000000000000e+003	  7.5803909122609838e+001	 -1.2538042961752703e+001	
  5.7900000000000000e+003	  7.3607732861205378e+001	 -1.5065022505304423e+001	
  5.8200000000000000e+003	  7.2003245646624180e+001	 -1.5499033785797058e+001	
  5.8500000000000000e+003	  7.2720325142477307e+001	 -1.4363751544797401e+001	
  5.8800000000000000e+003	  7.3482231410342365e+001	 -9.5885574089011190e+000	
  5.9100000000000000e+003	  2.2574111983113889e+002	  1.0240792347462920e+002	
  5.9400000000000000e+003	  6.3907020625573909e+002	  4.4779150913698379e+002	
  5.9700000000000000e+003	  1.0816929470762243e+003	  7.8420292033408873e+002	
  6.0000000000000000e+003	  1.3886308645241083e+003	  9.6275554448467665e+002	
  6.0300000000000000e+003	  1.3941525578503038e+003	  6.6774296803768289e+002	
  6.0600000000000000e+003	  1.3962411179768239e+003	  2.9937242026420915e+002	
  6.0900000000000000e+003	  1.3925390767038321e+003	  2.0589945910928901e+002	
  6.1200000000000000e+003	  1.3919833228457269e+003	 -1.1872347150630860e+002	
  6.1500000000000000e+003	  1.3877882696871802e+003	 -3.3460071622180698e+002	
  6.1800000000000000e+003	  1.2450399973304288e+003	 -3.9799581400647605e+002	
  6.2100000000000000e+003	  1.2353142888356883e+003	 -3.5806636367256988e+002	
  6.2400000000000000e+003	  1.0633620082083830e+003	 -3.3846341968180991e+002	
  6.2700000000000000e+003	  9.2884248921747690e+002	 -5.0242238013843070e+002	
  6.3000000000000000e+003	  9.2989125058404920e+002	 -5.6572840966469869e+002	
  6.3300000000000000e+003	  9.2228099742397080e+002	 -6.4506410762133032e+002	
  6.3600000000000000e+003	  9.2887834381215157e+002	 -7.0626624916345293e+002	
  6.3900000000000000e+003	  9.3229354356014881e+002	 -1.2295902009147819e+003	
  6.4200000000000000e+003	  9.2959544342945412e+002	 -1.3898756929934516e+003	
  6.4500000000000000e+003	  9.3078762555264598e+002	 -1.4176604389650217e+003	
  6.4800000000000000e+003	  9.6462591481897869e+002	 -1.4547735616890734e+003	
  6.5100000000000000e+003	  1.0574369449727601e+003	 -1.4550852497194153e+003	
  6.5400000000000000e+003	  1.1411049142694235e+003	 -1.5109107738748237e+003	
  6.5700000000000000e+003	  1.1833153756733454e+003	 -1.5661351882888539e+003	
  6.6000000000000000e+003	  1.2262608668203893e+003	 -1.5967028661683496e+003	
  6.6300000000000000e+003	  1.2359865750101383e+003	 -1.5925841331596823e+003	
  6.6600000000000000e+003	  1.2393569562294560e+003	 -1.5810405492660693e+003	
  6.6900000000000000e+003	  1.2647782536327786e+003	 -1.5893002779147621e+003	
  6.7200000000000000e+003	  1.4302766118693457e+003	 -1.6182427219054816e+003	
  6.7500000000000000e+003	  1.5248714321547259e+003	 -1.6010330983211577e+003	
  6.7800000000000000e+003	  1.5985895985097741e+003	 -1.6052965452703570e+003	
  6.8100000000000000e+003	  1.6604755681579736e+003	 -1.5999867207928107e+003	
  6.8400000000000000e+003	  1.7011532262113476e+003	 -1.7651033710535200e+003	
  6.8700000000000000e+003	  1.7030445821676396e+003	 -1.8212183220516035e+003	
  6.9000000000000000e+003	  1.7062625826314300e+003	 -1.8966801837873682e+003	
  6.9300000000000000e+003	  1.7128330362411011e+003	 -2.0370287833083707e+003	
  6.9600000000000000e+003	  1.9204342937244564e+003	 -2.1193143831823209e+003	
  6.9900000000000000e+003	  2.0495486496797830e+003	 -2.1113663450542126e+003	
  7.0200000000000000e+003	  2.1553123497541974e+003	 -2.1051993745753148e+003	
  7.0500000000000000e+003	  2.2723973046235560e+003	 -2.1012253550568248e+003	
  7.0800000000000000e+003	  2.2839964416586390e+003	 -2.0895815861205256e+003	
  7.1100000000000000e+003	  2.2828580401542195e+003	 -2.0832031171095423e+003	
  7.1400000000000000e+003	  2.2835392913102901e+003	 -2.0635333842184850e+003	
  7.1700000000000000e+003	  2.3139892661128206e+003	 -2.0768357777038391e+003	
  7.2000000000000000e+003	  2.5427809082112485e+003	 -2.0994220176699991e+003	
  7.2300000000000000e+003	  2.7480963983694610e+003	 -2.1020602317169746e+003	
  7.2600000000000000e+003	  2.8095252167369081e+003	 -1.9966429400978159e+003	
  7.2900000000000000e+003	  2.8003104457853924e+003	 -1.9509917947119618e+003	
  7.3200000000000000e+003	  2.8225227051520933e+003	 -1.9220716146414647e+003	
  7.3500000000000000e+003	  2.8197797875679175e+003	 -1.9152590063642369e+003	
  7.3800000000000000e+003	  2.8063968559585128e+003	 -1.7337898717593478e+003	
  7.4100000000000000e+003	  2.8872681210549413e+003	 -1.6082909716982253e+003	
  7.4400000000000000e+003	  3.0644283630200516e+003	 -1.5964245696125265e+003	
  7.4700000000000000e+003	  3.2351884626911501e+003	 -1.5952223484708591e+003	
  7.5000000000000000e+003	  3.3790751332784334e+003	 -1.6372556838536470e+003	
  7.5300000000000000e+003	  3.3784566339775020e+003	 -1.7193409124738457e+003	
  7.5600000000000000e+003	  3.3757316422907693e+003	 -1.7194410986573246e+003	
  7.5900000000000000e+003	  3.3931572414220159e+003	 -1.8591440586152119e+003	
  7.6200000000000000e+003	  3.3857890108706733e+003	 -2.1970359837870665e+003	
  7.6500000000000000e+003	  3.2705954116097651e+003	 -2.4415439923599447e+003	
  7.6800000000000000e+003	  3.2142400967999156e+003	 -2.4943639551811402e+003	
  7.7100000000000000e+003	  3.0695556483600908e+003	 -2.6362264688471541e+003	
  7.7400000000000000e+003	  2.9529637006807452e+003	 -2.7397179748977660e+003	
  7.7700000000000000e+003	  2.8255435001359024e+003	 -2.8628903463919187e+003	
  7.8000000000000000e+003	  2.7007676161495160e+003	 -2.9905042675259533e+003	
  7.8300000000000000e+003	  2.6679780916755562e+003	 -3.0096619432810689e+003	
  7.8600000000000000e+003	  2.6575442445951171e+003	 -3.0073465470864107e+003	
  7.8900000000000000e+003	  2.6516640035120777e+003	 -3.0308455869065651e+003	
  7.9200000000000000e+003	  2.5577056102682009e+003	 -3.1286376579860116e+003	
  7.9500000000000000e+003	  2.3700487767529485e+003	 -3.3070455740624252e+003	
  7.9800000000000000e+003	  2.1544428599226467e+003	 -3.5077836996813762e+003	
  8.0100000000000000e+003	  2.0388817484636534e+003	 -3.5970488824232971e+003	
  8.0400000000000000e+003	  2.0333959105423266e+003	 -3.5942102958735027e+003	
  8.0700000000000000e+003	  2.0436415164059588e+003	 -3.6119097154021138e+003	
  8.1000000000000000e+003	  1.9483475212598037e+003	 -3.6972565342091634e+003	
  8.1300000000000000e+003	  1.7874475835303813e+003	 -3.8652451700754200e+003	
  8.1600000000000000e+003	  1.7036272308751554e+003	 -3.9435010916228298e+003	
  8.1900000000000000e+003	  1.6904504673623621e+003	 -3.9621021783369652e+003	
  8.2200000000000000e+003	  1.7151636197572341e+003	 -3.9319241129425782e+003	
  8.2500000000000000e+003	  1.7417053895323193e+003	 -3.9060874135092372e+003	
  8.2800000000000000e+003	  1.7442690332314760e+003	 -3.8873527472011592e+003	
  8.3100000000000000e+003	  1.7721105465013927e+003	 -3.8323175727187072e+003	
  8.3400000000000000e+003	  1.7698875270372587e+003	 -3.8273750930576302e+003	
  8.3700000000000000e+003	  1.7653966704921877e+003	 -3.8176459788164543e+003	
  8.4000000000000000e+003	  1.7653966704921877e+003	 -3.8176459788164543e+003	
  8.4300000000000000e+003	  1.7653966704921877e+003	 -3.8176459788164543e+003	
  8.4600000000000000e+003	  1.7653966704921877e+003	 -3.8176459788164543e+003	
  8.4900000000000000e+003	  1.7653966704921877e+003	 -3.8176459788164543e+003	
  8.5200000000000000e+003	  1.7653966704921877e+003	 -3.8176459788164543e+003	
  8.5500000000000000e+003	  1.7653966704921877e+003	 -3.8176459788164543e+003	
  8.5800000000000000e+003	  1.7653966704921877e+003	 -3.8176459788164543e+003	
  8.6100000000000000e+003	  1.7653966704921877e+003	 -3.8176459788164543e+003	
  8.6400000000000000e+003	  1.7653966704921877e+003	 -3.8176459788164543e+003	
  8.6700000000000000e+003	  1.7653966704921877e+003	 -3.8176459788164543e+003	
  8.7000000000000000e+003	  1.7653966704921877e+003	 -3.8176459788164543e+003	
  8.7300000000000000e+003	  1.7653966704921877e+003	 -3.8176459788164543e+003	
  8.7600000000000000e+003	  1.7653966704921877e+003	 -3.8176459788164543e+003	
  8.7900000000000000e+003	  1.7653966704921877e+003	 -3.8176459788164543e+003	
  8.8200000000000000e+003	  1.7653966704921877e+003	 -3.8176459788164543e+003	
  8.8500000000000000e+003	  1.7653966704921877e+003	 -3.8176459788164543e+003	
  8.8800000000000000e+003	  1.7653966704921877e+003	 -3.8176459788164543e+003	
  8.9100000000000000e+003	  1.7653966704921877e+003	 -3.8176459788164543e+003	
  8.9400000000000000e+003	  1.7653966704921877e+003	 -3.8176459788164543e+003	
  8.9700000000000000e+003	  1.7653966704921877e+003	 -3.8176459788164543e+003	
  9.0000000000000000e+003	  1.7653966704921877e+003	 -3.8176459788164543e+003	
  9.0300000000000000e+003	  1.7653966704921877e+003	 -3.8176459788164543e+003	
  9.0600000000000000e+003	  1.7653966704921877e+003	 -3.8176459788164543e+003	
  9.0900000000000000e+003	  1.7653966704921877e+003	 -3.8176459788164543e+003	
  9.1200000000000000e+003	  1.7653966704921877e+003	 -3.8176459788164543e+003	
  9.1500000000000000e+003	  1.7653966704921877e+003	 -3.8176459788164543e+003	
  9.1800000000000000e+003	  1.7653966704921877e+003	 -3.8176459788164543e+003	
  9.2100000000000000e+003	  1.7653966704921877e+003	 -3.8176459788164543e+003	
  9.2400000000000000e+003	  1.7653966704921877e+003	 -3.8176459788164543e+003	
  9.2700000000000000e+003	  1.7653966704921877e+003	 -3.8176459788164543e+003	
  9.3000000000000000e+003	  1.7653966704921877e+003	 -3.8176459788164543e+003	
  9.3300000000000000e+003	  1.7653966704921877e+003	 -3.8176459788164543e+003	
  9.3600000000000000e+003	  1.7653966704921877e+003	 -3.8176459788164543e+003	
  9.3900000000000000e+003	  1.7653966704921877e+003	 -3.8176459788164543e+003	
  9.4200000000000000e+003	  1.7653966704921877e+003	 -3.8176459788164543e+003	
  9.4500000000000000e+003	  1.7653966704921877e+003	 -3.8176459788164543e+003	
  9.4800000000000000e+003	  1.7653966704921877e+003	 -3.8176459788164543e+003	
  9.5100000000000000e+003	  1.7653966704921877e+003	 -3.8176459788164543e+003	
  9.5400000000000000e+003	  1.7653966704921877e+003	 -3.8176459788164543e+003	
  9.5700000000000000e+003	  1.7653966704921877e+003	 -3.8176459788164543e+003	
  9.6000000000000000e+003	  1.7653966704921877e+003	 -3.8176459788164543e+003	
  9.6300000000000000e+003	  1.7653966704921877e+003	 -3.8176459788164543e+003	
  9.6600000000000000e+003	  1.7653966704921877e+003	 -3.8176459788164543e+003	
  9.6900000000000000e+003	  1.7653966704921877e+003	 -3.8176459788164543e+003	
  9.7200000000000000e+003	  1.7653966704921877e+003	 -3.8176459788164543e+003	
  9.7500000000000000e+003	  1.7653966704921877e+003	 -3.8176459788164543e+003	
  9.7800000000000000e+003	  1.7653966704921877e+003	 -3.8176459788164543e+003	
  9.8100000000000000e+003	  1.7653966704921877e+003	 -3.8176459788164543e+003	
  9.8400000000000000e+003	  1.7653966704921877e+003	 -3.8176459788164543e+003	
  9.8700000000000000e+003	  1.7653966704921877e+003	 -3.8176459788164543e+003	
  9.9000000000000000e+003	  1.7653966704921877e+003	 -3.8176459788164543e+003	
  9.9300000000000000e+003	  1.7653966704921877e+003	 -3.8176459788164543e+003	
  9.9600000000000000e+003	  1.7653966704921877e+003	 -3.8176459788164543e+003	
  9.9900000000000000e+003	  1.7653966704921877e+003	 -3.8176459788164543e+003	
  1.0020000000000000e+004	  1.7653966704921877e+003	 -3.8176459788164543e+003	
  1.0050000000000000e+004	  1.7653966704921877e+003	 -3.8176459788164543e+003	
  1.0080000000000000e+004	  1.7653966704921877e+003	 -3.8176459788164543e+003	
  1.0110000000000000e+004	  1.7653966704921877e+003	 -3.8176459788164543e+003	
  1.0140000000000000e+004	  1.7653966704921877e+003	 -3.8176459788164543e+003	
  1.0170000000000000e+004	  1.7653966704921877e+003	 -3.8176459788164543e+003	
  1.0200000000000000e+004	  1.7653966704921877e+003	 -3.8176459788164543e+003	
  1.0230000000000000e+004	  1.7653966704921877e+003	 -3.8176459788164543e+003	
  1.0260000000000000e+004	  1.7653966704921877e+003	 -3.8176459788164543e+003	
  1.0290000000000000e+004	  1.7653966704921877e+003	 -3.8176459788164543e+003	
  1.0320000000000000e+004	  1.7653966704921877e+003	 -3.8176459788164543e+003	
  1.0350000000000000e+004	  1.7653966704921877e+003	 -3.8176459788164543e+003	
  1.0380000000000000e+004	  1.7653966704921877e+003	 -3.8176459788164543e+003	
  1.0410000000000000e+004	  1.7653966704921877e+003	 -3.8176459788164543e+003	
  1.0440000000000000e+004	  1.7653966704921877e+003	 -3.8176459788164543e+003	
  1.0470000000000000e+004	  1.7653966704921877e+003	 -3.8176459788164543e+003	
  1.0500000000000000e+004	  1.7653966704921877e+003	 -3.8176459788164543e+003	
  1.0530000000000000e+004	  1.7653966704921877e+003	 -3.8176459788164543e+003	
  1.0560000000000000e+004	  1.7653966704921877e+003	 -3.8176459788164543e+003	
  1.0590000000000000e+004	  1.7653966704921877e+003	 -3.8176459788164543e+003	
  1.0620000000000000e+004	  1.7653966704921877e+003	 -3.8176459788164543e+003	
  1.0650000000000000e+004	  1.7653966704921877e+003	 -3.8176459788164543e+003	
  1.0680000000000000e+004	  1.7653966704921877e+003	 -3.8176459788164543e+003	
  1.0710000000000000e+004	  1.7653966704921877e+003	 -3.8176459788164543e+003	
  1.0740000000000000e+004	  1.7653966704921877e+003	 -3.8176459788164543e+003	
  1.0770000000000000e+004	  1.7653966704921877e+003	 -3.8176459788164543e+003	
  1.0800000000000000e+004	  1.7653966704921877e+003	 -3.8176459788164543e+003	
  1.0830000000000000e+004	  1.7653966704921877e+003	 -3.8176459788164543e+003	
  1.0860000000000000e+004	  1.7653966704921877e+003	 -3.8176459788164543e+003	
  1.0890000000000000e+004	  1.7653966704921877e+003	 -3.8176459788164543e+003	
  1.0920000000000000e+004	  1.7653966704921877e+003	 -3.8176459788164543e+003	
  1.0950000000000000e+004	  1.7653966704921877e+003	 -3.8176459788164543e+003	
  1.0980000000000000e+004	  1.7653966704921877e+003	 -3.8176459788164543e+003	
  1.1010000000000000e+004	  1.7653966704921877e+003	 -3.8176459788164543e+003	
  1.1040000000000000e+004	  1.7653966704921877e+003	 -3.8176459788164543e+003	
  1.1070000000000000e+004	  1.7653966704921877e+003	 -3.8176459788164543e+003	
  1.1100000000000000e+004	  1.7653966704921877e+003	 -3.8176459788164543e+003	
  1.1130000000000000e+004	  1.7653966704921877e+003	 -3.8176459788164543e+003	
  1.1160000000000000e+004	  1.7653966704921877e+003	 -3.8176459788164543e+003	
  1.1190000000000000e+004	  1.7653966704921877e+003	 -3.8176459788164543e+003	
  1.1220000000000000e+004	  1.7653966704921877e+003	 -3.8176459788164543e+003	
  1.1250000000000000e+004	  1.7653966704921877e+003	 -3.8176459788164543e+003	
  1.1280000000000000e+004	  1.7653966704921877e+003	 -3.8176459788164543e+003	
  1.1310000000000000e+004	  1.7653966704921877e+003	 -3.8176459788164543e+003	
  1.1340000000000000e+004	  1.7653966704921877e+003	 -3.8176459788164543e+003	
  1.1370000000000000e+004	  1.7653966704921877e+003	 -3.8176459788164543e+003	
  1.1400000000000000e+004	  1.7653966704921877e+003	 -3.8176459788164543e+003	
  1.1430000000000000e+004	  1.7653966704921877e+003	 -3.8176459788164543e+003	
  1.1460000000000000e+004	  1.7653966704921877e+003	 -3.8176459788164543e+003	
  1.1490000000000000e+004	  1.7653966704921877e+003	 -3.8176459788164543e+003	
  1.1520000000000000e+004	  1.7653966704921877e+003	 -3.8176459788164543e+003	
  1.1550000000000000e+004	  1.7653966704921877e+003	 -3.8176459788164543e+003	
  1.1580000000000000e+004	  1.7653966704921877e+003	 -3.8176459788164543e+003	
  1.1610000000000000e+004	  1.7653966704921877e+003	 -3.8176459788164543e+003	
  1.1640000000000000e+004	  1.7653966704921877e+003	 -3.8176459788164543e+003	
  1.1670000000000000e+004	  1.7653966704921877e+003	 -3.8176459788164543e+003	
  1.1700000000000000e+004	  1.7653966704921877e+003	 -3.8176459788164543e+003	
  1.1730000000000000e+004	  1.7653966704921877e+003	 -3.8176459788164543e+003	
  1.1760000000000000e+004	  1.7653966704921877e+003	 -3.8176459788164543e+003	
  1.1790000000000000e+004	  1.7653966704921877e+003	 -3.8176459788164543e+003	
  1.1820000000000000e+004	  1.7653966704921877e+003	 -3.8176459788164543e+003	
  1.1850000000000000e+004	  1.7653966704921877e+003	 -3.8176459788164543e+003	
  1.1880000000000000e+004	  1.7653966704921877e+003	 -3.8176459788164543e+003	
  1.1910000000000000e+004	  1.7653966704921877e+003	 -3.8176459788164543e+003	
  1.1940000000000000e+004	  1.7653966704921877e+003	 -3.8176459788164543e+003	
  1.1970000000000000e+004	  1.7653966704921877e+003	 -3.8176459788164543e+003	
  1.2000000000000000e+004	  1.7653966704921877e+003	 -3.8176459788164543e+003	
  1.2030000000000000e+004	  1.7653966704921877e+003	 -3.8176459788164543e+003	
  1.2060000000000000e+004	  1.7653966704921877e+003	 -3.8176459788164543e+003	
  1.2090000000000000e+004	  1.7653966704921877e+003	 -3.8176459788164543e+003	
  1.2120000000000000e+004	  1.7653966704921877e+003	 -3.8176459788164543e+003	
  1.2150000000000000e+004	  1.7653966704921877e+003	 -3.8176459788164543e+003	
  1.2180000000000000e+004	  1.7653966704921877e+003	 -3.8176459788164543e+003	
  1.2210000000000000e+004	  1.7653966704921877e+003	 -3.8176459788164543e+003	
  1.2240000000000000e+004	  1.7653966704921877e+003	 -3.8176459788164543e+003	
  1.2270000000000000e+004	  1.7653966704921877e+003	 -3.8176459788164543e+003	
  1.2300000000000000e+004	  1.7653966704921877e+003	 -3.8176459788164543e+003	
  1.2330000000000000e+004	  1.7653966704921877e+003	 -3.8176459788164543e+003	
  1.2360000000000000e+004	  1.7653966704921877e+003	 -3.8176459788164543e+003	
  1.2390000000000000e+004	  1.7653966704921877e+003	 -3.8176459788164543e+003	
  1.2420000000000000e+004	  1.7653966704921877e+003	 -3.8176459788164543e+003	
  1.2450000000000000e+004	  1.7653966704921877e+003	 -3.8176459788164543e+003	
  1.2480000000000000e+004	  1.7653966704921877e+003	 -3.8176459788164543e+003	
  1.2510000000000000e+004	  1.7653966704921877e+003	 -3.8176459788164543e+003	
  1.2540000000000000e+004	  1.7653966704921877e+003	 -3.8176459788164543e+003	
  1.2570000000000000e+004	  1.7653966704921877e+003	 -3.8176459788164543e+003	
  1.2600000000000000e+004	  1.7653966704921877e+003	 -3.8176459788164543e+003	
  1.2630000000000000e+004	  1.7653966704921877e+003	 -3.8176459788164543e+003	
  1.2660000000000000e+004	  1.7653966704921877e+003	 -3.8176459788164543e+003	
  1.2690000000000000e+004	  1.7653966704921877e+003	 -3.8176459788164543e+003	
  1.2720000000000000e+004	  1.7653966704921877e+003	 -3.8176459788164543e+003	
  1.2750000000000000e+004	  1.7653966704921877e+003	 -3.8176459788164543e+003	
  1.2780000000000000e+004	  1.7653966704921877e+003	 -3.8176459788164543e+003	
  1.2810000000000000e+004	  1.7653966704921877e+003	 -3.8176459788164543e+003	
  1.2840000000000000e+004	  1.7653966704921877e+003	 -3.8176459788164543e+003	
  1.2870000000000000e+004	  1.7653966704921877e+003	 -3.8176459788164543e+003	
  1.2900000000000000e+004	  1.7653966704921877e+003	 -3.8176459788164543e+003	
  1.2930000000000000e+004	  1.7653966704921877e+003	 -3.8176459788164543e+003	
  1.2960000000000000e+004	  1.7653966704921877e+003	 -3.8176459788164543e+003	
  1.2990000000000000e+004	  1.7653966704921877e+003	 -3.8176459788164543e+003	
  1.3020000000000000e+004	  1.7653966704921877e+003	 -3.8176459788164543e+003	
  1.3050000000000000e+004	  1.7653966704921877e+003	 -3.8176459788164543e+003	
  1.3080000000000000e+004	  1.7653966704921877e+003	 -3.8176459788164543e+003	
  1.3110000000000000e+004	  1.7653966704921877e+003	 -3.8176459788164543e+003	
  1.3140000000000000e+004	  1.7653966704921877e+003	 -3.8176459788164543e+003	
  1.3170000000000000e+004	  1.7653966704921877e+003	 -3.8176459788164543e+003	
  1.3200000000000000e+004	  1.7653966704921877e+003	 -3.8176459788164543e+003	
  1.3230000000000000e+004	  1.7653966704921877e+003	 -3.8176459788164543e+003	
  1.3260000000000000e+004	  1.7653966704921877e+003	 -3.8176459788164543e+003	
  1.3290000000000000e+004	  1.7653966704921877e+003	 -3.8176459788164543e+003	
  1.3320000000000000e+004	  1.7653966704921877e+003	 -3.8176459788164543e+003	
  1.3350000000000000e+004	  1.7653966704921877e+003	 -3.8176459788164543e+003	
  1.3380000000000000e+004	  1.7653966704921877e+003	 -3.8176459788164543e+003	
  1.3410000000000000e+004	  1.7653966704921877e+003	 -3.8176459788164543e+003	
  1.3440000000000000e+004	  1.7653966704921877e+003	 -3.8176459788164543e+003	
  1.3470000000000000e+004	  1.7653966704921877e+003	 -3.8176459788164543e+003	
  1.3500000000000000e+004	  1.7653966704921877e+003	 -3.8176459788164543e+003	
  1.3530000000000000e+004	  1.7653966704921877e+003	 -3.8176459788164543e+003	
  1.3560000000000000e+004	  1.7653966704921877e+003	 -3.8176459788164543e+003	
  1.3590000000000000e+004	  1.7653966704921877e+003	 -3.8176459788164543e+003	
  1.3620000000000000e+004	  1.7653966704921877e+003	 -3.8176459788164543e+003	
  1.3650000000000000e+004	  1.7653966704921877e+003	 -3.8176459788164543e+003	
  1.3680000000000000e+004	  1.7653966704921877e+003	 -3.8176459788164543e+003	
  1.3710000000000000e+004	  1.7653966704921877e+003	 -3.8176459788164543e+003	
  1.3740000000000000e+004	  1.7653966704921877e+003	 -3.8176459788164543e+003	
  1.3770000000000000e+004	  1.7653966704921877e+003	 -3.8176459788164543e+003	
  1.3800000000000000e+004	  1.7653966704921877e+003	 -3.8176459788164543e+003	
  1.3830000000000000e+004	  1.7653966704921877e+003	 -3.8176459788164543e+003	
  1.3860000000000000e+004	  1.7653966704921877e+003	 -3.8176459788164543e+003	
  1.3890000000000000e+004	  1.7653966704921877e+003	 -3.8176459788164543e+003	
  1.3920000000000000e+004	  1.7653966704921877e+003	 -3.8176459788164543e+003	
  1.3950000000000000e+004	  1.7653966704921877e+003	 -3.8176459788164543e+003	
  1.3980000000000000e+004	  1.7653966704921877e+003	 -3.8176459788164543e+003	
  1.4010000000000000e+004	  1.7653966704921877e+003	 -3.8176459788164543e+003	
  1.4040000000000000e+004	  1.7653966704921877e+003	 -3.8176459788164543e+003	
  1.4070000000000000e+004	  1.7653966704921877e+003	 -3.8176459788164543e+003	
  1.4100000000000000e+004	  1.7653966704921877e+003	 -3.8176459788164543e+003	
  1.4130000000000000e+004	  1.7653966704921877e+003	 -3.8176459788164543e+003	
  1.4160000000000000e+004	  1.7653966704921877e+003	 -3.8176459788164543e+003	
  1.4190000000000000e+004	  1.7653966704921877e+003	 -3.8176459788164543e+003	
  1.4220000000000000e+004	  1.7653966704921877e+003	 -3.8176459788164543e+003	
  1.4250000000000000e+004	  1.7653966704921877e+003	 -3.8176459788164543e+003	
  1.4280000000000000e+004	  1.7653966704921877e+003	 -3.8176459788164543e+003	
  1.4310000000000000e+004	  1.7653966704921877e+003	 -3.8176459788164543e+003	
  1.4340000000000000e+004	  1.7653966704921877e+003	 -3.8176459788164543e+003	
  1.4370000000000000e+004	  1.7653966704921877e+003	 -3.8176459788164543e+003	
  1.4400000000000000e+004	  1.7653966704921877e+003	 -3.8176459788164543e+003	
  1.4430000000000000e+004	  1.7653966704921877e+003	 -3.8176459788164543e+003	
  1.4460000000000000e+004	  1.7653966704921877e+003	 -3.8176459788164543e+003	
  1.4490000000000000e+004	  1.7653966704921877e+003	 -3.8176459788164543e+003	
  1.4520000000000000e+004	  1.7653966704921877e+003	 -3.8176459788164543e+003	
  1.4550000000000000e+004	  1.7653966704921877e+003	 -3.8176459788164543e+003	
  1.4580000000000000e+004	  1.7653966704921877e+003	 -3.8176459788164543e+003	
  1.4610000000000000e+004	  1.7653966704921877e+003	 -3.8176459788164543e+003	
  1.4640000000000000e+004	  1.7653966704921877e+003	 -3.8176459788164543e+003	
  1.4670000000000000e+004	  1.7653966704921877e+003	 -3.8176459788164543e+003	
  1.4700000000000000e+004	  1.7653966704921877e+003	 -3.8176459788164543e+003	
  1.4730000000000000e+004	  1.7653966704921877e+003	 -3.8176459788164543e+003	
  1.4760000000000000e+004	  1.7653966704921877e+003	 -3.8176459788164543e+003	
  1.4790000000000000e+004	  1.7653966704921877e+003	 -3.8176459788164543e+003	
  1.4820000000000000e+004	  1.7653966704921877e+003	 -3.8176459788164543e+003	
  1.4850000000000000e+004	  1.7653966704921877e+003	 -3.8176459788164543e+003	
  1.4880000000000000e+004	  1.7653966704921877e+003	 -3.8176459788164543e+003	
  1.4910000000000000e+004	  1.7653966704921877e+003	 -3.8176459788164543e+003	
  1.4940000000000000e+004	  1.7653966704921877e+003	 -3.8176459788164543e+003	
  1.4970000000000000e+004	  1.7653966704921877e+003	 -3.8176459788164543e+003	
  1.5000000000000000e+004	  1.7653966704921877e+003	 -3.8176459788164543e+003	
  1.5030000000000000e+004	  1.7653966704921877e+003	 -3.8176459788164543e+003	
  1.5060000000000000e+004	  1.7653966704921877e+003	 -3.8176459788164543e+003	
  1.5090000000000000e+004	  1.7653966704921877e+003	 -3.8176459788164543e+003	
  1.5120000000000000e+004	  1.7653966704921877e+003	 -3.8176459788164543e+003	
  1.5150000000000000e+004	  1.7653966704921877e+003	 -3.8176459788164543e+003	
  1.5180000000000000e+004	  1.7653966704921877e+003	 -3.8176459788164543e+003	
  1.5210000000000000e+004	  1.7653966704921877e+003	 -3.8176459788164543e+003	
  1.5240000000000000e+004	  1.7653966704921877e+003	 -3.8176459788164543e+003	
  1.5270000000000000e+004	  1.7653966704921877e+003	 -3.8176459788164543e+003	
  1.5300000000000000e+004	  1.7653966704921877e+003	 -3.8176459788164543e+003	
  1.5330000000000000e+004	  1.7653966704921877e+003	 -3.8176459788164543e+003	
  1.5360000000000000e+004	  1.7653966704921877e+003	 -3.8176459788164543e+003	
  1.5390000000000000e+004	  1.7653966704921877e+003	 -3.8176459788164543e+003	
  1.5420000000000000e+004	  1.7653966704921877e+003	 -3.8176459788164543e+003	
  1.5450000000000000e+004	  1.7653966704921877e+003	 -3.8176459788164543e+003	
  1.5480000000000000e+004	  1.7653966704921877e+003	 -3.8176459788164543e+003	
  1.5510000000000000e+004	  1.7653966704921877e+003	 -3.8176459788164543e+003	
  1.5540000000000000e+004	  1.7653966704921877e+003	 -3.8176459788164543e+003	
  1.5570000000000000e+004	  1.7653966704921877e+003	 -3.8176459788164543e+003	
  1.5600000000000000e+004	  1.7653966704921877e+003	 -3.8176459788164543e+003	
  1.5630000000000000e+004	  1.7653966704921877e+003	 -3.8176459788164543e+003	
  1.5660000000000000e+004	  1.7653966704921877e+003	 -3.8176459788164543e+003	
  1.5690000000000000e+004	  1.7653966704921877e+003	 -3.8176459788164543e+003	
  1.5720000000000000e+004	  1.7653966704921877e+003	 -3.8176459788164543e+003	
  1.5750000000000000e+004	  1.7653966704921877e+003	 -3.8176459788164543e+003	
  1.5780000000000000e+004	  1.7653966704921877e+003	 -3.8176459788164543e+003	
  1.5810000000000000e+004	  1.7653966704921877e+003	 -3.8176459788164543e+003	
  1.5840000000000000e+004	  1.7653966704921877e+003	 -3.8176459788164543e+003	
  1.5870000000000000e+004	  1.7653966704921877e+003	 -3.8176459788164543e+003	
  1.5900000000000000e+004	  1.7653966704921877e+003	 -3.8176459788164543e+003	
  1.5930000000000000e+004	  1.7653966704921877e+003	 -3.8176459788164543e+003	
  1.5960000000000000e+004	  1.7653966704921877e+003	 -3.8176459788164543e+003	
  1.5990000000000000e+004	  1.7653966704921877e+003	 -3.8176459788164543e+003	
  1.6020000000000000e+004	  1.7653966704921877e+003	 -3.8176459788164543e+003	
  1.6050000000000000e+004	  1.7653966704921877e+003	 -3.8176459788164543e+003	
  1.6080000000000000e+004	  1.7653966704921877e+003	 -3.8176459788164543e+003	
  1.6110000000000000e+004	  1.7653966704921877e+003	 -3.8176459788164543e+003	
  1.6140000000000000e+004	  1.7653966704921877e+003	 -3.8176459788164543e+003	
  1.6170000000000000e+004	  1.7653966704921877e+003	 -3.8176459788164543e+003	
  1.6200000000000000e+004	  1.7653966704921877e+003	 -3.8176459788164543e+003	
  1.6230000000000000e+004	  1.7653966704921877e+003	 -3.8176459788164543e+003	
  1.6260000000000000e+004	  1.7653966704921877e+003	 -3.8176459788164543e+003	
  1.6290000000000000e+004	  1.7653966704921877e+003	 -3.8176459788164543e+003	
  1.6320000000000000e+004	  1.7653966704921877e+003	 -3.8176459788164543e+003	
  1.6350000000000000e+004	  1.7653966704921877e+003	 -3.8176459788164543e+003	
  1.6380000000000000e+004	  1.7653966704921877e+003	 -3.8176459788164543e+003	
  1.6410000000000000e+004	  1.7653966704921877e+003	 -3.8176459788164543e+003	
  1.6440000000000000e+004	  1.7653966704921877e+003	 -3.8176459788164543e+003	
  1.6470000000000000e+004	  1.7653966704921877e+003	 -3.8176459788164543e+003	
  1.6500000000000000e+004	  1.7653966704921877e+003	 -3.8176459788164543e+003	
  1.6530000000000000e+004	  1.7653966704921877e+003	 -3.8176459788164543e+003	
  1.6560000000000000e+004	  1.7653966704921877e+003	 -3.8176459788164543e+003	
  1.6590000000000000e+004	  1.7653966704921877e+003	 -3.8176459788164543e+003	
  1.6620000000000000e+004	  1.7653966704921877e+003	 -3.8176459788164543e+003	
  1.6650000000000000e+004	  1.7653966704921877e+003	 -3.8176459788164543e+003	
  1.6680000000000000e+004	  1.7653966704921877e+003	 -3.8176459788164543e+003	
  1.6710000000000000e+004	  1.7653966704921877e+003	 -3.8176459788164543e+003	
  1.6740000000000000e+004	  1.7653966704921877e+003	 -3.8176459788164543e+003	
  1.6770000000000000e+004	  1.7653966704921877e+003	 -3.8176459788164543e+003	
  1.6800000000000000e+004	  1.7653966704921877e+003	 -3.8176459788164543e+003	
  1.6830000000000000e+004	  1.7653966704921877e+003	 -3.8176459788164543e+003	
  1.6860000000000000e+004	  1.7892401823495031e+003	 -3.7948870203934371e+003	
  1.6890000000000000e+004	  1.8183195366050509e+003	 -3.7671303787363427e+003	
  1.6920000000000000e+004	  1.8473988908605986e+003	 -3.7393737370792492e+003	
  1.6950000000000000e+004	  1.8764782451161466e+003	 -3.7116170954221543e+003	
  1.6980000000000000e+004	  1.9055575993716943e+003	 -3.6838604537650599e+003	
  1.7010000000000000e+004	  1.9346369536272418e+003	 -3.6561038121079655e+003	
  1.7040000000000000e+004	  1.9637163078827896e+003	 -3.6283471704508706e+003	
  1.7070000000000000e+004	  1.9927956621383373e+003	 -3.6005905287937767e+003	
  1.7100000000000000e+004	  1.9991721806007140e+003	 -3.5755312874517876e+003	
  1.7130000000000000e+004	  2.0581538838637066e+003	 -3.5871082648110532e+003	
  1.7160000000000000e+004	  2.1440269442728927e+003	 -3.5118579056285494e+003	
  1.7190000000000000e+004	  2.3200756768439928e+003	 -3.3760510442841946e+003	
  1.7220000000000000e+004	  2.4956762216098782e+003	 -3.2068490515498747e+003	
  1.7250000000000000e+004	  2.7084764696141624e+003	 -2.9952352472851808e+003	
  1.7280000000000000e+004	  2.8181035605027469e+003	 -2.9037325912518691e+003	
  1.7310000000000000e+004	  3.1468055450628308e+003	 -2.5859222701404456e+003	
  1.7340000000000000e+004	  3.3325351645317055e+003	 -2.4113770580620644e+003	
  1.7370000000000000e+004	  3.3240195690673099e+003	 -2.4160523773159534e+003	
  1.7400000000000000e+004	  3.3335211813310984e+003	 -2.4035848614914344e+003	
  1.7430000000000000e+004	  3.3461601179390532e+003	 -2.4075922796098976e+003	
  1.7460000000000000e+004	  3.3985086196169723e+003	 -2.2307094068933447e+003	
  1.7490000000000000e+004	  3.3998531881385284e+003	 -2.0627318996498193e+003	
  1.7520000000000000e+004	  3.4013770318619631e+003	 -2.0090770600151461e+003	
  1.7550000000000000e+004	  3.4023630487231135e+003	 -2.0099675956899446e+003	
  1.7580000000000000e+004	  3.4048729082127584e+003	 -2.0128618428384659e+003	
  1.7610000000000000e+004	  3.4037972544421555e+003	 -1.9145688429739901e+003	
  1.7640000000000000e+004	  3.3832701853814669e+003	 -1.6551999999034367e+003	
  1.7670000000000000e+004	  3.3824634445504125e+003	 -1.6583168777365058e+003	
  1.7700000000000000e+004	  3.3824634445504125e+003	 -1.6600979521072488e+003	
  1.7730000000000000e+004	  3.3823738087484080e+003	 -1.6600979521072488e+003	
  1.7760000000000000e+004	  3.3042992429449091e+003	 -1.6172408687136999e+003	
  1.7790000000000000e+004	  3.0859414461445003e+003	 -1.6189106245110024e+003	
  1.7820000000000000e+004	  2.9599106319319435e+003	 -1.5969811555379506e+003	
  1.7850000000000000e+004	  2.9029906007487975e+003	 -1.6057752078709509e+003	
  1.7880000000000000e+004	  2.7966801130475560e+003	 -1.7111925019382943e+003	
  1.7910000000000000e+004	  2.8002656269163272e+003	 -1.8290773126178576e+003	
  1.7940000000000000e+004	  2.7974868547759297e+003	 -1.8413221909848592e+003	
  1.7970000000000000e+004	  2.7970386645896579e+003	 -1.8467767283798498e+003	
  1.8000000000000000e+004	  2.7994588857897106e+003	 -2.0013961785313725e+003	
  1.8030000000000000e+004	  2.6319257471955211e+003	 -2.1133811797094854e+003	
  1.8060000000000000e+004	  2.4056798191179282e+003	 -2.0894480037346593e+003	
  1.8090000000000000e+004	  2.2907640986553520e+003	 -2.0887801045104220e+003	
  1.8120000000000000e+004	  2.1099645590982359e+003	 -2.0922309354617546e+003	
  1.8150000000000000e+004	  2.0816390003281294e+003	 -2.1043644953332418e+003	
  1.8180000000000000e+004	  2.0696275291707898e+003	 -2.1146056698652551e+003	
  1.8210000000000000e+004	  1.8051958740837722e+003	 -2.1153848882678694e+003	
  1.8240000000000000e+004	  1.7180678901306221e+003	 -2.0740862457590997e+003	
  1.8270000000000000e+004	  1.7163647658451509e+003	 -1.9279268942842443e+003	
  1.8300000000000000e+004	  1.7197710084713060e+003	 -1.9169065014290838e+003	
  1.8330000000000000e+004	  1.7177989753934542e+003	 -1.8905243468448680e+003	
  1.8360000000000000e+004	  1.7177989753934542e+003	 -1.6908214710214793e+003	
  1.8390000000000000e+004	  1.4894017336741285e+003	 -1.6059978393926333e+003	
  1.8420000000000000e+004	  1.3529729329361558e+003	 -1.6065544279951964e+003	
  1.8450000000000000e+004	  1.2157373856668596e+003	 -1.5887436897165096e+003	
  1.8480000000000000e+004	  1.2281970410526067e+003	 -1.5999867173676155e+003	
  1.8510000000000000e+004	  1.2181576060791829e+003	 -1.6027696438593259e+003	
  1.8540000000000000e+004	  1.2042637380048025e+003	 -1.5671481758512143e+003	
  1.8570000000000000e+004	  1.0374477094281169e+003	 -1.4644024916543651e+003	
  1.8600000000000000e+004	  9.3248178255944742e+002	 -1.3744582745319308e+003	
  1.8630000000000000e+004	  9.3911498707501732e+002	 -9.8529368928056419e+002	
  1.8660000000000000e+004	  9.3938390024549915e+002	 -9.7805808221337145e+002	
  1.8690000000000000e+004	  9.4189375586571578e+002	 -8.0740896712186895e+002	
  1.8720000000000000e+004	  9.4063882974814942e+002	 -7.6054447062961697e+002	
  1.8750000000000000e+004	  9.1930501831280651e+002	 -7.7111959204393088e+002	
  1.8780000000000000e+004	  9.1096870006396557e+002	 -7.6778008030789783e+002	
  1.8810000000000000e+004	  9.3230250612387056e+002	 -5.8599926010370291e+002	
  1.8840000000000000e+004	  9.5973169349793102e+002	 -4.8247435237695288e+002	
  1.8870000000000000e+004	  1.0944573710379168e+003	 -3.8451530653259607e+002	
  1.8900000000000000e+004	  1.1774620251440570e+003	 -3.8785482768237597e+002	
  1.8930000000000000e+004	  1.3959990974490397e+003	 -3.9308672914343231e+002	
  1.8960000000000000e+004	  1.4098033283709435e+003	 -2.2566579600425067e+002	
  1.8990000000000000e+004	  1.4120442714158878e+003	 -4.7001865779932359e+001	
  1.9020000000000000e+004	  1.4137473958377902e+003	  2.5811833198690744e+002	
  1.9050000000000000e+004	  1.4147334089301737e+003	  3.6954673029360612e+002	
  1.9080000000000000e+004	  1.4120442714158878e+003	  8.7537162446712807e+002	
  1.9110000000000000e+004	  1.4183189210658140e+003	  9.3303388295064963e+002	
  1.9140000000000000e+004	  1.4107893449475978e+003	  9.3537153798944746e+002	
  1.9170000000000000e+004	  1.4095344162227100e+003	  9.3247729767832197e+002	
  1.9200000000000000e+004	  1.4096240507617824e+003	  9.3926764318984613e+002	
  1.9230000000000000e+004	  1.2467520791603181e+003	  9.0487065795032959e+002	
  1.9260000000000000e+004	  8.6050258658407517e+002	  6.4026991296056849e+002	
  1.9290000000000000e+004	  4.2127713826302431e+002	  2.7514982001510839e+002	
  1.9320000000000000e+004	  3.4848316363019073e+001	 -1.6389854936770327e+001	
  1.9350000000000000e+004	 -2.4312684221224664e+001	 -2.2623419158804573e+001	
  1.9380000000000000e+004	 -3.8744233334697441e+001	  1.2664183532981923e+001	
  1.9410000000000000e+004	 -5.8285396945096132e+001	  4.8174206682094365e+001	
  1.9440000000000000e+004	 -8.3204664771787691e+001	  8.4240910953099174e+001	
  1.9470000000000000e+004	 -1.0794474451253139e+002	  1.2019639857764390e+002	
  1.9500000000000000e+004	 -1.0534521938496300e+002	  1.5782155770403250e+002	
  1.9530000000000000e+004	 -1.2721682313333305e+002	  1.9477889051709079e+002	
  1.9560000000000000e+004	 -1.4720613380502735e+002	  2.3707937870614654e+002	
  1.9590000000000000e+004	 -1.6809172348916312e+002	  2.7681958821001092e+002	
  1.9620000000000000e+004	 -1.8772239740951733e+002	  3.1644846572739834e+002	
  1.9650000000000000e+004	 -2.0860801686016305e+002	  3.5919422931555602e+002	
  1.9680000000000000e+004	 -2.3272061734642674e+002	  3.9882312775607841e+002	
  1.9710000000000000e+004	 -2.5719174924509826e+002	  4.3477854731276085e+002	
  1.9740000000000000e+004	 -2.8264890703451948e+002	  4.6939817077901409e+002	
  1.9770000000000000e+004	 -3.1043662800692942e+002	  4.9945378343341383e+002	
  1.9800000000000000e+004	 -3.4360262784567078e+002	  5.3318286313473709e+002	
  1.9830000000000000e+004	 -3.7775463865597220e+002	  5.5978764478058963e+002	
  1.9860000000000000e+004	 -3.8761481281122786e+002	  5.9819204036874282e+002	
  1.9890000000000000e+004	 -3.8653915248807073e+002	  6.4127176133928492e+002	
  1.9920000000000000e+004	 -3.8689770358833232e+002	  6.8490806990963949e+002	
  1.9950000000000000e+004	 -3.9066249452763242e+002	  7.1763528695711398e+002	
  1.9980000000000000e+004	 -3.9263452873778311e+002	  7.5748681508335926e+002	
  2.0010000000000000e+004	 -4.0034339552298565e+002	  7.9210643295431589e+002	
  2.0040000000000000e+004	 -3.9810245296077409e+002	  8.3563142296218314e+002	
  2.0070000000000000e+004	 -4.3046170775823816e+002	  8.4108596315694649e+002	
  2.0100000000000000e+004	 -4.7537026815771344e+002	  8.4286703512202394e+002	
  2.0130000000000000e+004	 -5.1821716778706502e+002	  8.4453679084782004e+002	
  2.0160000000000000e+004	 -5.6088476875480308e+002	  8.4676313548751807e+002	
  2.0190000000000000e+004	 -6.0400058724144390e+002	  8.5923065155925235e+002	
  2.0220000000000000e+004	 -6.3358106204853959e+002	  8.5244030520203978e+002	
  2.0250000000000000e+004	 -6.5446668744279918e+002	  8.5500059541854898e+002	
  2.0280000000000000e+004	 -6.1269544889490714e+002	  8.6713415846578232e+002	
