  0.0000000000000000e+000	 -2.9170229956321032e+002	  8.4754235166214414e+002	
  3.0000000000000000e+001	 -2.8668258842097157e+002	  8.4364625245284060e+002	
  6.0000000000000000e+001	 -2.8802715004920594e+002	  8.4364625245284060e+002	
  9.0000000000000000e+001	 -2.8704113514875962e+002	  8.4164254353384251e+002	
  1.2000000000000000e+002	 -2.8713077265384470e+002	  8.4275572155705595e+002	
  1.5000000000000000e+002	 -2.8739970599677173e+002	  8.4108596315694649e+002	
  1.8000000000000000e+002	 -2.8524839120734754e+002	  8.4364625245284060e+002	
  2.1000000000000000e+002	 -2.9062667112958940e+002	  8.4164254353384251e+002	
  2.4000000000000000e+002	 -2.9188159304776650e+002	  8.4331229775903114e+002	
  2.7000000000000000e+002	 -2.9385360960570455e+002	  8.4242176766618388e+002	
  3.0000000000000000e+002	 -2.9035774025242767e+002	  8.3318244212017180e+002	
  3.3000000000000000e+002	 -2.9035774025242767e+002	  8.3518615889415241e+002	
  3.6000000000000000e+002	 -2.9116450120651189e+002	  8.4019542233938841e+002	
  3.9000000000000000e+002	 -2.9573601150797350e+002	  8.4687445026936768e+002	
  4.2000000000000000e+002	 -2.9466036315277586e+002	  8.4654049402201213e+002	
  4.5000000000000000e+002	 -2.9878369316212184e+002	  8.4308967172960502e+002	
  4.8000000000000000e+002	 -2.9699093770491561e+002	  8.5010264013657843e+002	
  5.1000000000000000e+002	 -2.8757898080713301e+002	  8.3997279284639990e+002	
  5.4000000000000000e+002	 -2.8641367553363722e+002	  8.3552010216440067e+002	
  5.7000000000000000e+002	 -2.8847534318394707e+002	  8.3963883474434419e+002	
  6.0000000000000000e+002	 -2.9170229956321032e+002	  8.4342361818824827e+002	
  6.3000000000000000e+002	 -2.9241940080136487e+002	  8.4531601302596437e+002	
  6.6000000000000000e+002	 -2.9188159304776650e+002	  8.4798761992413984e+002	
  6.9000000000000000e+002	 -2.9161267343130555e+002	  8.4620655007937876e+002	
  7.2000000000000000e+002	 -2.9403288149488446e+002	  8.4898946681488599e+002	
  7.5000000000000000e+002	 -2.8937173825882712e+002	  8.4364625245284060e+002	
  7.8000000000000000e+002	 -2.8955100869287105e+002	  8.4286703512202394e+002	
  8.1000000000000000e+002	 -2.8928207699302754e+002	  8.4264439864716576e+002	
  8.4000000000000000e+002	 -2.9035774025242767e+002	  8.4320098405752879e+002	
  8.7000000000000000e+002	 -2.9197122943874797e+002	  8.4598391695049406e+002	
  9.0000000000000000e+002	 -2.9358471188202515e+002	  8.4520469070114223e+002	
  9.3000000000000000e+002	 -2.9483963467631730e+002	  8.4375757699507653e+002	
  9.6000000000000000e+002	 -2.9994900198920550e+002	  8.4598391695049406e+002	
  9.9000000000000000e+002	 -2.9941117377343141e+002	  8.4754235166214414e+002	
  1.0200000000000000e+003	 -2.9869407506869345e+002	  8.4832157080464538e+002	
  1.0500000000000000e+003	 -2.9914225939184416e+002	  8.4910079822572879e+002	
  1.0800000000000000e+003	 -2.9878369316212184e+002	  8.4965737466227836e+002	
  1.1100000000000000e+003	 -2.9878369316212184e+002	  8.4898946681488599e+002	
  1.1400000000000000e+003	 -2.9743913745045126e+002	  8.4754235166214414e+002	
  1.1700000000000000e+003	 -2.9645313589060459e+002	  8.4832157080464538e+002	
  1.2000000000000000e+003	 -2.8847534318394707e+002	  8.4242176766618388e+002	
  1.2300000000000000e+003	 -2.8919245039587679e+002	  8.4553864575374166e+002	
  1.2600000000000000e+003	 -2.9125411018950638e+002	  8.4698577175035348e+002	
  1.2900000000000000e+003	 -2.9143340046473219e+002	  8.4564995615983526e+002	
  1.3200000000000000e+003	 -2.9259868705347088e+002	  8.4453679084782004e+002	
  1.3500000000000000e+003	 -2.9295723871705434e+002	  8.4431415604879510e+002	
  1.3800000000000000e+003	 -2.9331578320775020e+002	  8.4487073728264818e+002	
  1.4100000000000000e+003	 -2.9304688514328450e+002	  8.4709707860199831e+002	
  1.4400000000000000e+003	 -2.9170229956321032e+002	  8.4564995615983526e+002	
  1.4700000000000000e+003	 -2.9206086924629170e+002	  8.4442547276309222e+002	
  1.5000000000000000e+003	 -2.9170229956321032e+002	  8.4409152138321986e+002	
  1.5300000000000000e+003	 -2.9385360960570455e+002	  8.4442547276309222e+002	
  1.5600000000000000e+003	 -2.9528782674496767e+002	  8.4297835541829625e+002	
  1.5900000000000000e+003	 -2.9510855202034776e+002	  8.4231044887550149e+002	
  1.6200000000000000e+003	 -2.9394325921722253e+002	  8.4242176766618388e+002	
  1.6500000000000000e+003	 -2.9268831985691082e+002	  8.4231044887550149e+002	
  1.6800000000000000e+003	 -2.9197122943874797e+002	  8.4275572155705595e+002	
  1.7100000000000000e+003	 -2.9206086924629170e+002	  8.4398020343161511e+002	
  1.7400000000000000e+003	 -2.9161267343130555e+002	  8.4498206084579704e+002	
  1.7700000000000000e+003	 -2.9143340046473219e+002	  8.4553864575374166e+002	
  1.8000000000000000e+003	 -2.9170229956321032e+002	  8.4576128395567503e+002	
  1.8300000000000000e+003	 -2.9224012819059851e+002	  8.4553864575374166e+002	
  1.8600000000000000e+003	 -2.9358471188202515e+002	  8.4509338043256980e+002	
  1.8900000000000000e+003	 -2.9349507585328263e+002	  8.4509338043256980e+002	
  1.9200000000000000e+003	 -2.9421216695147325e+002	  8.4587259176015743e+002	
  1.9500000000000000e+003	 -2.9367435130878005e+002	  8.4431415604879510e+002	
  1.9800000000000000e+003	 -2.9358471188202515e+002	  8.4264439864716576e+002	
  2.0100000000000000e+003	 -2.9394325921722253e+002	  8.4297835541829625e+002	
  2.0400000000000000e+003	 -2.9385360960570455e+002	  8.4342361818824827e+002	
  2.0700000000000000e+003	 -2.9403288149488446e+002	  8.4353493463457039e+002	
  2.1000000000000000e+003	 -2.9501891973061089e+002	  8.4386889220305397e+002	
  2.1300000000000000e+003	 -2.9492926020062328e+002	  8.4364625245284060e+002	
  2.1600000000000000e+003	 -2.9286759569183204e+002	  8.4375757699507653e+002	
  2.1900000000000000e+003	 -2.9519818769282688e+002	  8.4286703512202394e+002	
  2.2200000000000000e+003	 -2.9555673358755212e+002	  8.4242176766618388e+002	
  2.2500000000000000e+003	 -2.9860443007880440e+002	  8.4175386480767418e+002	
  2.2800000000000000e+003	 -2.9869407506869345e+002	  8.4175386480767418e+002	
  2.3100000000000000e+003	 -2.9725985356544425e+002	  8.4242176766618388e+002	
  2.3400000000000000e+003	 -2.9591530291040903e+002	  8.4353493463457039e+002	
  2.3700000000000000e+003	 -2.9492926020062328e+002	  8.4398020343161511e+002	
  2.4000000000000000e+003	 -2.9528782674496767e+002	  8.4409152138321986e+002	
  2.4300000000000000e+003	 -2.9708058310236999e+002	  8.4375757699507653e+002	
  2.4600000000000000e+003	 -2.9851478842644696e+002	  8.4386889220305397e+002	
  2.4900000000000000e+003	 -2.9851478842644696e+002	  8.4409152138321986e+002	
  2.5200000000000000e+003	 -2.9725985356544425e+002	  8.4353493463457039e+002	
  2.5500000000000000e+003	 -2.9349507585328263e+002	  8.4308967172960502e+002	
  2.5800000000000000e+003	 -2.9358471188202515e+002	  8.4297835541829625e+002	
  2.6100000000000000e+003	 -2.9008884029311992e+002	  8.4342361818824827e+002	
  2.6400000000000000e+003	 -2.8103540963081593e+002	  8.3318244212017180e+002	
  2.6700000000000000e+003	 -2.6660369634243347e+002	  8.1292273656588566e+002	
  2.7000000000000000e+003	 -2.4715231842211531e+002	  7.8843296933098520e+002	
  2.7300000000000000e+003	 -2.3567867788190441e+002	  7.5436993963230452e+002	
  2.7600000000000000e+003	 -2.3621650057560237e+002	  7.2030691174060451e+002	
  2.7900000000000000e+003	 -2.4105694011056980e+002	  6.8980601854699023e+002	
  2.8200000000000000e+003	 -2.4562845999456107e+002	  6.5785801630288813e+002	
  2.8500000000000000e+003	 -2.3890563851656145e+002	  6.3637380519762860e+002	
  2.8800000000000000e+003	 -2.1479304219989402e+002	  6.1455566563586501e+002	
  2.9100000000000000e+003	 -1.9632762778948765e+002	  6.0242209602188996e+002	
  2.9400000000000000e+003	 -1.7131869025735952e+002	  5.6891564783602189e+002	
  2.9700000000000000e+003	 -1.4962633060581138e+002	  5.4008451913289332e+002	
  3.0000000000000000e+003	 -1.4424801958327666e+002	  5.2583594146332030e+002	
  3.0300000000000000e+003	 -1.3904908250521308e+002	  5.1526080728879538e+002	
  3.0600000000000000e+003	 -9.8443141560450883e+001	  5.3051125163247536e+002	
  3.0900000000000000e+003	 -1.0551979725073177e+002	  5.3420229089138456e+002	
  3.1200000000000000e+003	 -1.2388230122435084e+002	  5.4244444037479798e+002	
  3.1500000000000000e+003	 -1.1950798718185493e+002	  5.3808081207397538e+002	
  3.1800000000000000e+003	 -1.1991511687728264e+002	  5.5664563157640350e+002	
  3.2100000000000000e+003	 -1.2047029373468409e+002	  5.8196129453426022e+002	
  3.2400000000000000e+003	 -1.2102547059208554e+002	  6.0727695749211671e+002	
  3.2700000000000000e+003	 -1.2158064744948699e+002	  6.3259262044997320e+002	
  3.3000000000000000e+003	 -1.2213582430688844e+002	  6.5790828340782980e+002	
  3.3300000000000000e+003	 -1.3659297691833126e+002	  6.5223650188422585e+002	
  3.3600000000000000e+003	 -1.3593862303660165e+002	  6.1943134580788410e+002	
  3.3900000000000000e+003	 -1.3532012166263112e+002	  6.1721614002832189e+002	
  3.4200000000000000e+003	 -1.3592966472318074e+002	  5.9066700592831285e+002	
  3.4500000000000000e+003	 -1.3196768643003327e+002	  5.8739428280150275e+002	
  3.4800000000000000e+003	 -1.3196768643003327e+002	  5.8739428280150275e+002	
  3.5100000000000000e+003	 -1.3196768643003327e+002	  5.8739428280150275e+002	
  3.5400000000000000e+003	 -1.3196768643003327e+002	  5.8739428280150275e+002	
  3.5700000000000000e+003	 -1.3196768643003327e+002	  5.8739428280150275e+002	
  3.6000000000000000e+003	 -1.3196768643003327e+002	  5.8739428280150275e+002	
  3.6300000000000000e+003	 -1.3196768643003327e+002	  5.8739428280150275e+002	
  3.6600000000000000e+003	 -1.3196768643003327e+002	  5.8739428280150275e+002	
  3.6900000000000000e+003	 -1.3196768643003327e+002	  5.8739428280150275e+002	
  3.7200000000000000e+003	 -1.3196768643003327e+002	  5.8739428280150275e+002	
  3.7500000000000000e+003	 -1.3196768643003327e+002	  5.8739428280150275e+002	
  3.7800000000000000e+003	 -1.3196768643003327e+002	  5.8739428280150275e+002	
  3.8100000000000000e+003	 -1.3196768643003327e+002	  5.8739428280150275e+002	
  3.8400000000000000e+003	 -1.3196768643003327e+002	  5.8739428280150275e+002	
  3.8700000000000000e+003	 -1.3196768643003327e+002	  5.8739428280150275e+002	
  3.9000000000000000e+003	 -1.3196768643003327e+002	  5.8739428280150275e+002	
  3.9300000000000000e+003	 -1.3196768643003327e+002	  5.8739428280150275e+002	
  3.9600000000000000e+003	 -1.3196768643003327e+002	  5.8739428280150275e+002	
  3.9900000000000000e+003	 -1.3196768643003327e+002	  5.8739428280150275e+002	
  4.0200000000000000e+003	 -1.3196768643003327e+002	  5.8739428280150275e+002	
  4.0500000000000000e+003	 -1.3196768643003327e+002	  5.8739428280150275e+002	
  4.0800000000000000e+003	 -1.3196768643003327e+002	  5.8739428280150275e+002	
  4.1100000000000000e+003	 -1.3196768643003327e+002	  5.8739428280150275e+002	
  4.1400000000000000e+003	 -1.3196768643003327e+002	  5.8739428280150275e+002	
  4.1700000000000000e+003	 -1.3196768643003327e+002	  5.8739428280150275e+002	
  4.2000000000000000e+003	 -1.3196768643003327e+002	  5.8739428280150275e+002	
  4.2300000000000000e+003	 -1.3196768643003327e+002	  5.8739428280150275e+002	
  4.2600000000000000e+003	 -1.3196768643003327e+002	  5.8739428280150275e+002	
  4.2900000000000000e+003	 -1.3196768643003327e+002	  5.8739428280150275e+002	
  4.3200000000000000e+003	 -1.3196768643003327e+002	  5.8739428280150275e+002	
  4.3500000000000000e+003	 -1.3196768643003327e+002	  5.8739428280150275e+002	
  4.3800000000000000e+003	 -1.3196768643003327e+002	  5.8739428280150275e+002	
  4.4100000000000000e+003	 -1.3196768643003327e+002	  5.8739428280150275e+002	
  4.4400000000000000e+003	 -1.3196768643003327e+002	  5.8739428280150275e+002	
  4.4700000000000000e+003	 -1.3196768643003327e+002	  5.8739428280150275e+002	
  4.5000000000000000e+003	 -1.3196768643003327e+002	  5.8739428280150275e+002	
  4.5300000000000000e+003	 -1.3196768643003327e+002	  5.8739428280150275e+002	
  4.5600000000000000e+003	 -1.3196768643003327e+002	  5.8739428280150275e+002	
  4.5900000000000000e+003	 -1.3196768643003327e+002	  5.8739428280150275e+002	
  4.6200000000000000e+003	 -1.3196768643003327e+002	  5.8739428280150275e+002	
  4.6500000000000000e+003	 -1.3196768643003327e+002	  5.8739428280150275e+002	
  4.6800000000000000e+003	 -1.3196768643003327e+002	  5.8739428280150275e+002	
  4.7100000000000000e+003	 -1.3196768643003327e+002	  5.8739428280150275e+002	
  4.7400000000000000e+003	 -1.3196768643003327e+002	  5.8739428280150275e+002	
  4.7700000000000000e+003	 -1.3196768643003327e+002	  5.8739428280150275e+002	
  4.8000000000000000e+003	 -1.3196768643003327e+002	  5.8739428280150275e+002	
  4.8300000000000000e+003	 -1.3196768643003327e+002	  5.8739428280150275e+002	
  4.8600000000000000e+003	 -1.3196768643003327e+002	  5.8739428280150275e+002	
  4.8900000000000000e+003	 -1.3196768643003327e+002	  5.8739428280150275e+002	
  4.9200000000000000e+003	 -1.3196768643003327e+002	  5.8739428280150275e+002	
  4.9500000000000000e+003	 -1.3196768643003327e+002	  5.8739428280150275e+002	
  4.9800000000000000e+003	 -1.3196768643003327e+002	  5.8739428280150275e+002	
  5.0100000000000000e+003	 -1.3196768643003327e+002	  5.8739428280150275e+002	
  5.0400000000000000e+003	 -1.3196768643003327e+002	  5.8739428280150275e+002	
  5.0700000000000000e+003	 -1.3196768643003327e+002	  5.8739428280150275e+002	
  5.1000000000000000e+003	 -1.3196768643003327e+002	  5.8739428280150275e+002	
  5.1300000000000000e+003	 -1.3196768643003327e+002	  5.8739428280150275e+002	
  5.1600000000000000e+003	 -1.3196768643003327e+002	  5.8739428280150275e+002	
  5.1900000000000000e+003	 -1.3196768643003327e+002	  5.8739428280150275e+002	
  5.2200000000000000e+003	 -1.3196768643003327e+002	  5.8739428280150275e+002	
  5.2500000000000000e+003	 -1.3196768643003327e+002	  5.8739428280150275e+002	
  5.2800000000000000e+003	 -1.3196768643003327e+002	  5.8739428280150275e+002	
  5.3100000000000000e+003	 -1.3196768643003327e+002	  5.8739428280150275e+002	
  5.3400000000000000e+003	 -1.3196768643003327e+002	  5.8739428280150275e+002	
  5.3700000000000000e+003	 -1.3196768643003327e+002	  5.8739428280150275e+002	
  5.4000000000000000e+003	 -1.3196768643003327e+002	  5.8739428280150275e+002	
  5.4300000000000000e+003	 -1.3196768643003327e+002	  5.8739428280150275e+002	
  5.4600000000000000e+003	 -1.3196768643003327e+002	  5.8739428280150275e+002	
  5.4900000000000000e+003	 -1.3196768643003327e+002	  5.8739428280150275e+002	
  5.5200000000000000e+003	 -1.3196768643003327e+002	  5.8739428280150275e+002	
  5.5500000000000000e+003	 -1.3196768643003327e+002	  5.8739428280150275e+002	
  5.5800000000000000e+003	 -1.3196768643003327e+002	  5.8739428280150275e+002	
  5.6100000000000000e+003	 -1.3196768643003327e+002	  5.8739428280150275e+002	
  5.6400000000000000e+003	 -1.3196768643003327e+002	  5.8739428280150275e+002	
  5.6700000000000000e+003	 -1.3196768643003327e+002	  5.8739428280150275e+002	
  5.7000000000000000e+003	 -1.3196768643003327e+002	  5.8739428280150275e+002	
  5.7300000000000000e+003	 -1.3196768643003327e+002	  5.8739428280150275e+002	
  5.7600000000000000e+003	 -1.3196768643003327e+002	  5.8739428280150275e+002	
  5.7900000000000000e+003	 -1.3196768643003327e+002	  5.8739428280150275e+002	
  5.8200000000000000e+003	 -1.3196768643003327e+002	  5.8739428280150275e+002	
  5.8500000000000000e+003	 -1.3196768643003327e+002	  5.8739428280150275e+002	
  5.8800000000000000e+003	 -1.3196768643003327e+002	  5.8739428280150275e+002	
  5.9100000000000000e+003	 -1.3196768643003327e+002	  5.8739428280150275e+002	
  5.9400000000000000e+003	 -1.3196768643003327e+002	  5.8739428280150275e+002	
  5.9700000000000000e+003	 -1.3196768643003327e+002	  5.8739428280150275e+002	
  6.0000000000000000e+003	 -1.3196768643003327e+002	  5.8739428280150275e+002	
  6.0300000000000000e+003	 -1.3196768643003327e+002	  5.8739428280150275e+002	
  6.0600000000000000e+003	 -1.3196768643003327e+002	  5.8739428280150275e+002	
  6.0900000000000000e+003	 -1.3196768643003327e+002	  5.8739428280150275e+002	
  6.1200000000000000e+003	 -1.3196768643003327e+002	  5.8739428280150275e+002	
  6.1500000000000000e+003	 -1.3196768643003327e+002	  5.8739428280150275e+002	
  6.1800000000000000e+003	 -1.3196768643003327e+002	  5.8739428280150275e+002	
  6.2100000000000000e+003	 -1.3196768643003327e+002	  5.8739428280150275e+002	
  6.2400000000000000e+003	 -1.3196768643003327e+002	  5.8739428280150275e+002	
  6.2700000000000000e+003	 -1.3196768643003327e+002	  5.8739428280150275e+002	
  6.3000000000000000e+003	 -1.3196768643003327e+002	  5.8739428280150275e+002	
  6.3300000000000000e+003	 -1.3196768643003327e+002	  5.8739428280150275e+002	
  6.3600000000000000e+003	 -1.3196768643003327e+002	  5.8739428280150275e+002	
  6.3900000000000000e+003	 -1.3196768643003327e+002	  5.8739428280150275e+002	
  6.4200000000000000e+003	 -1.3196768643003327e+002	  5.8739428280150275e+002	
  6.4500000000000000e+003	 -1.3196768643003327e+002	  5.8739428280150275e+002	
  6.4800000000000000e+003	 -1.3196768643003327e+002	  5.8739428280150275e+002	
  6.5100000000000000e+003	 -1.3196768643003327e+002	  5.8739428280150275e+002	
  6.5400000000000000e+003	 -1.3196768643003327e+002	  5.8739428280150275e+002	
  6.5700000000000000e+003	 -1.3196768643003327e+002	  5.8739428280150275e+002	
  6.6000000000000000e+003	 -1.3196768643003327e+002	  5.8739428280150275e+002	
  6.6300000000000000e+003	 -1.3196768643003327e+002	  5.8739428280150275e+002	
  6.6600000000000000e+003	 -1.3196768643003327e+002	  5.8739428280150275e+002	
  6.6900000000000000e+003	 -1.3196768643003327e+002	  5.8739428280150275e+002	
  6.7200000000000000e+003	 -1.3196768643003327e+002	  5.8739428280150275e+002	
  6.7500000000000000e+003	 -1.3196768643003327e+002	  5.8739428280150275e+002	
  6.7800000000000000e+003	 -1.3196768643003327e+002	  5.8739428280150275e+002	
  6.8100000000000000e+003	 -1.3196768643003327e+002	  5.8739428280150275e+002	
  6.8400000000000000e+003	 -1.3196768643003327e+002	  5.8739428280150275e+002	
  6.8700000000000000e+003	 -1.3196768643003327e+002	  5.8739428280150275e+002	
  6.9000000000000000e+003	 -1.3196768643003327e+002	  5.8739428280150275e+002	
  6.9300000000000000e+003	 -1.3196768643003327e+002	  5.8739428280150275e+002	
  6.9600000000000000e+003	 -1.3196768643003327e+002	  5.8739428280150275e+002	
  6.9900000000000000e+003	 -1.3196768643003327e+002	  5.8739428280150275e+002	
  7.0200000000000000e+003	 -1.3196768643003327e+002	  5.8739428280150275e+002	
  7.0500000000000000e+003	 -1.3196768643003327e+002	  5.8739428280150275e+002	
  7.0800000000000000e+003	 -1.3196768643003327e+002	  5.8739428280150275e+002	
  7.1100000000000000e+003	 -1.3196768643003327e+002	  5.8739428280150275e+002	
  7.1400000000000000e+003	 -1.3196768643003327e+002	  5.8739428280150275e+002	
  7.1700000000000000e+003	 -1.3196768643003327e+002	  5.8739428280150275e+002	
  7.2000000000000000e+003	 -1.3196768643003327e+002	  5.8739428280150275e+002	
  7.2300000000000000e+003	 -1.3196768643003327e+002	  5.8739428280150275e+002	
  7.2600000000000000e+003	 -1.3196768643003327e+002	  5.8739428280150275e+002	
  7.2900000000000000e+003	 -1.3196768643003327e+002	  5.8739428280150275e+002	
  7.3200000000000000e+003	 -1.3196768643003327e+002	  5.8739428280150275e+002	
  7.3500000000000000e+003	 -1.3196768643003327e+002	  5.8739428280150275e+002	
  7.3800000000000000e+003	 -1.3196768643003327e+002	  5.8739428280150275e+002	
  7.4100000000000000e+003	 -1.3196768643003327e+002	  5.8739428280150275e+002	
  7.4400000000000000e+003	 -1.3196768643003327e+002	  5.8739428280150275e+002	
  7.4700000000000000e+003	 -1.3196768643003327e+002	  5.8739428280150275e+002	
  7.5000000000000000e+003	 -1.3196768643003327e+002	  5.8739428280150275e+002	
  7.5300000000000000e+003	 -1.3196768643003327e+002	  5.8739428280150275e+002	
  7.5600000000000000e+003	 -1.3196768643003327e+002	  5.8739428280150275e+002	
  7.5900000000000000e+003	 -1.3196768643003327e+002	  5.8739428280150275e+002	
  7.6200000000000000e+003	 -1.3196768643003327e+002	  5.8739428280150275e+002	
  7.6500000000000000e+003	 -1.3196768643003327e+002	  5.8739428280150275e+002	
  7.6800000000000000e+003	 -1.3196768643003327e+002	  5.8739428280150275e+002	
  7.7100000000000000e+003	 -1.3196768643003327e+002	  5.8739428280150275e+002	
  7.7400000000000000e+003	 -1.3196768643003327e+002	  5.8739428280150275e+002	
  7.7700000000000000e+003	 -1.3196768643003327e+002	  5.8739428280150275e+002	
  7.8000000000000000e+003	 -1.3196768643003327e+002	  5.8739428280150275e+002	
  7.8300000000000000e+003	 -1.3196768643003327e+002	  5.8739428280150275e+002	
  7.8600000000000000e+003	 -1.3196768643003327e+002	  5.8739428280150275e+002	
  7.8900000000000000e+003	 -1.3196768643003327e+002	  5.8739428280150275e+002	
  7.9200000000000000e+003	 -1.3196768643003327e+002	  5.8739428280150275e+002	
  7.9500000000000000e+003	 -1.3196768643003327e+002	  5.8739428280150275e+002	
  7.9800000000000000e+003	 -1.3196768643003327e+002	  5.8739428280150275e+002	
  8.0100000000000000e+003	 -1.3196768643003327e+002	  5.8739428280150275e+002	
  8.0400000000000000e+003	 -1.3196768643003327e+002	  5.8739428280150275e+002	
  8.0700000000000000e+003	 -1.3196768643003327e+002	  5.8739428280150275e+002	
  8.1000000000000000e+003	 -1.3196768643003327e+002	  5.8739428280150275e+002	
  8.1300000000000000e+003	 -1.3196768643003327e+002	  5.8739428280150275e+002	
  8.1600000000000000e+003	 -1.3196768643003327e+002	  5.8739428280150275e+002	
  8.1900000000000000e+003	 -1.3196768643003327e+002	  5.8739428280150275e+002	
  8.2200000000000000e+003	 -1.3196768643003327e+002	  5.8739428280150275e+002	
  8.2500000000000000e+003	 -1.3196768643003327e+002	  5.8739428280150275e+002	
  8.2800000000000000e+003	 -1.3196768643003327e+002	  5.8739428280150275e+002	
  8.3100000000000000e+003	 -1.3603580858341346e+002	  5.5667257821109865e+002	
  8.3400000000000000e+003	 -1.4131296690222214e+002	  5.1682045656019773e+002	
  8.3700000000000000e+003	 -1.4659012522103080e+002	  4.7696833490929663e+002	
  8.4000000000000000e+003	 -1.5186728353983946e+002	  4.3711621325839553e+002	
  8.4300000000000000e+003	 -1.0301460355391595e+002	  4.6650391786758121e+002	
  8.4600000000000000e+003	 -1.3160909505813805e+002	  4.5548353668638975e+002	
  8.4900000000000000e+003	 -1.6262379158549228e+002	  4.6828499325591793e+002	
  8.5200000000000000e+003	 -1.7508348838623587e+002	  4.9210685759352486e+002	
  8.5500000000000000e+003	 -1.7857934398729103e+002	  5.2271904325886248e+002	
  8.5800000000000000e+003	 -1.9283177743252617e+002	  5.4219954524410070e+002	
  8.6100000000000000e+003	 -2.1183498878400741e+002	  5.7258911326611349e+002	
  8.6400000000000000e+003	 -2.2528067625702860e+002	  5.9529780800843810e+002	
  8.6700000000000000e+003	 -2.4186367920449396e+002	  6.2635527774866966e+002	
  8.7000000000000000e+003	 -2.6947212889987821e+002	  6.2680053387861597e+002	
  8.7300000000000000e+003	 -2.9430179941411075e+002	  6.1945361523979636e+002	
  8.7600000000000000e+003	 -3.2692997343134761e+002	  6.1578015663075871e+002	
  8.7900000000000000e+003	 -3.5247677377115764e+002	  6.3158718095821860e+002	
  8.8200000000000000e+003	 -3.7085253192403866e+002	  6.4783947423522898e+002	
  8.8500000000000000e+003	 -3.9146923355221566e+002	  6.8424016411437515e+002	
  8.8800000000000000e+003	 -3.9075214766893799e+002	  7.1262603030386936e+002	
  8.9100000000000000e+003	 -3.8994538440511195e+002	  7.4045529760257364e+002	
  8.9400000000000000e+003	 -3.9245525646320345e+002	  7.7696731135081438e+002	
  8.9700000000000000e+003	 -4.0132940188614361e+002	  8.2216205166792417e+002	
  9.0000000000000000e+003	 -4.0150867126283333e+002	  8.4698577175035348e+002	
  9.0300000000000000e+003	 -3.8618059594083138e+002	  8.4965737466227836e+002	
  9.0600000000000000e+003	 -3.5624155893777862e+002	  8.5511191530695726e+002	
  9.0900000000000000e+003	 -3.4709851200816809e+002	  8.3574273973983725e+002	
  9.1200000000000000e+003	 -3.4136167965202657e+002	  8.1559433971867088e+002	
  9.1500000000000000e+003	 -3.4154095391645677e+002	  8.6323806186897605e+002	
  9.1800000000000000e+003	 -3.5785505085755324e+002	  8.1793200399124305e+002	
  9.2100000000000000e+003	 -3.5534519471461050e+002	  8.3841434714289460e+002	
  9.2400000000000000e+003	 -3.3912073215447833e+002	  8.7737533637407159e+002	
  9.2700000000000000e+003	 -3.5149074587233150e+002	  9.1500051500662664e+002	
  9.3000000000000000e+003	 -3.4933945259157838e+002	  9.5017671836396687e+002	
  9.3300000000000000e+003	 -3.0792676911148607e+002	  9.7422120939594072e+002	
  9.3600000000000000e+003	 -2.6705189048429867e+002	  9.9036218973574046e+002	
  9.3900000000000000e+003	 -2.4419423940879776e+002	  1.0031636583237566e+003	
  9.4200000000000000e+003	 -2.7000994625648514e+002	  9.8646609558715647e+002	
  9.4500000000000000e+003	 -3.1079517711424995e+002	  9.7377594412524854e+002	
  9.4800000000000000e+003	 -3.5489700350904928e+002	  9.6676296658185265e+002	
  9.5100000000000000e+003	 -3.6439860654369244e+002	  9.6932326129260127e+002	
  9.5400000000000000e+003	 -3.6206802055737279e+002	  9.6308950347206257e+002	
  9.5700000000000000e+003	 -3.6717737264465899e+002	  9.8201340584567197e+002	
  9.6000000000000000e+003	 -3.6502608214417091e+002	  9.8090023484122378e+002	
  9.6300000000000000e+003	 -3.6188875661763387e+002	  9.7644755198065036e+002	
  9.6600000000000000e+003	 -3.6144055765341722e+002	  9.7811731014417376e+002	
  9.6900000000000000e+003	 -3.6484681095398173e+002	  9.8245867505193428e+002	
  9.7200000000000000e+003	 -3.6565354317627094e+002	  9.8023233362080100e+002	
  9.7500000000000000e+003	 -3.4853271832904812e+002	  9.7544570113111774e+002	
  9.7800000000000000e+003	 -3.0765784076718990e+002	  9.7678150355599644e+002	
  9.8100000000000000e+003	 -2.7009958426606084e+002	  9.9436960557657085e+002	
  9.8400000000000000e+003	 -2.3989163836409088e+002	  1.0173009303258126e+003	
  9.8700000000000000e+003	 -2.1918531693070813e+002	  1.0472452286900532e+003	
  9.9000000000000000e+003	 -2.2823871720107121e+002	  1.0368927399983431e+003	
  9.9300000000000000e+003	 -2.2611571751325201e+002	  1.0753264350193958e+003	
  9.9600000000000000e+003	 -2.2234056332398450e+002	  1.0838240238059559e+003	
  9.9900000000000000e+003	 -2.3376039790657447e+002	  1.0756978753217413e+003	
  1.0020000000000000e+004	 -2.2300387363552244e+002	  1.0967368151950068e+003	
  1.0050000000000000e+004	 -2.2176686370578847e+002	  1.0845587202698939e+003	
  1.0080000000000000e+004	 -2.4944701813006139e+002	  1.0667034586447123e+003	
  1.0110000000000000e+004	 -2.6407591593466054e+002	  1.0866960073645221e+003	
  1.0140000000000000e+004	 -2.5894863604469845e+002	  1.0863843233362870e+003	
  1.0170000000000000e+004	 -2.5803433939912571e+002	  1.0857832075358085e+003	
  1.0200000000000000e+004	 -2.6185291687458874e+002	  1.0732934292858731e+003	
  1.0230000000000000e+004	 -2.6079516744856272e+002	  1.0906366348915494e+003	
  1.0260000000000000e+004	 -2.4838931173778920e+002	  1.0751412947662006e+003	
  1.0290000000000000e+004	 -2.5489701650534249e+002	  1.0725809978195630e+003	
  1.0320000000000000e+004	 -2.5609814833216859e+002	  1.0721357327211497e+003	
  1.0350000000000000e+004	 -2.5505834474706776e+002	  1.0750299782373697e+003	
  1.0380000000000000e+004	 -2.4457073038387551e+002	  1.0809297815502712e+003	
  1.0410000000000000e+004	 -2.4783354543084488e+002	  1.0805735681961276e+003	
  1.0440000000000000e+004	 -2.6197841303508028e+002	  1.0824214295404461e+003	
  1.0470000000000000e+004	 -2.5912791218343676e+002	  1.0855160456263125e+003	
  1.0500000000000000e+004	 -2.5340901581150402e+002	  1.1071338243687007e+003	
  1.0530000000000000e+004	 -2.6264171388039387e+002	  1.0935976644818279e+003	
  1.0560000000000000e+004	 -2.6464960533527068e+002	  1.0840911865666344e+003	
  1.0590000000000000e+004	 -2.6597625937288950e+002	  1.0821542731613824e+003	
  1.0620000000000000e+004	 -2.6350225344748338e+002	  1.0813750513227876e+003	
  1.0650000000000000e+004	 -2.6839647246965876e+002	  1.0692192239574176e+003	
  1.0680000000000000e+004	 -2.6242659563412263e+002	  1.0834900736261498e+003	
  1.0710000000000000e+004	 -2.4941119459468297e+002	  1.1086032119679649e+003	
  1.0740000000000000e+004	 -2.5701246776546435e+002	  1.0782581733003674e+003	
  1.0770000000000000e+004	 -2.5902036176368159e+002	  1.0695086470083065e+003	
  1.0800000000000000e+004	 -2.1565954869001155e+002	  1.0657980765991383e+003	
  1.0830000000000000e+004	 -2.1649617575394637e+002	  1.0496051487840364e+003	
  1.0860000000000000e+004	 -2.1398629151907366e+002	  1.0476682295257508e+003	
  1.0890000000000000e+004	 -1.7842695799990139e+002	  1.0950670515540698e+003	
  1.0920000000000000e+004	 -2.2252876721939546e+002	  1.0602804595354032e+003	
  1.0950000000000000e+004	 -2.1672921613006869e+002	  1.0560504104868298e+003	
  1.0980000000000000e+004	 -2.1542051697349802e+002	  1.0656014219442252e+003	
  1.1010000000000000e+004	 -2.2113044414255268e+002	  1.0675272020662683e+003	
  1.1040000000000000e+004	 -2.1447032166117987e+002	  1.0453750975639919e+003	
  1.1070000000000000e+004	 -2.3329430589486009e+002	  1.0183807065492419e+003	
  1.1100000000000000e+004	 -2.1376218508682865e+002	  1.0503287154599582e+003	
  1.1130000000000000e+004	 -2.1894327666762987e+002	  1.0489483798889037e+003	
  1.1160000000000000e+004	 -2.1239970846191855e+002	  1.0471561738227742e+003	
  1.1190000000000000e+004	 -2.1894325978820089e+002	  1.0419576638268177e+003	
  1.1220000000000000e+004	 -2.3959583160442608e+002	  1.0185142887090349e+003	
  1.1250000000000000e+004	 -2.6573424001791841e+002	  9.9491506031384529e+002	
  1.1280000000000000e+004	 -3.0236922093574077e+002	  9.7358670343713129e+002	
  1.1310000000000000e+004	 -3.4844308277358965e+002	  9.6603939942096804e+002	
  1.1340000000000000e+004	 -3.8431613604199521e+002	  9.4659230511352632e+002	
  1.1370000000000000e+004	 -4.1913148878340053e+002	  9.2214706802608248e+002	
  1.1400000000000000e+004	 -4.5296079673547030e+002	  9.0644022798811056e+002	
  1.1430000000000000e+004	 -4.5660906153987719e+002	  8.6441802343318045e+002	
  1.1460000000000000e+004	 -4.9005293928716844e+002	  8.4932342258411086e+002	
  1.1490000000000000e+004	 -5.3630607190026922e+002	  8.4865552331525191e+002	
  1.1520000000000000e+004	 -5.7676859757893862e+002	  8.5078168103395979e+002	
  1.1550000000000000e+004	 -6.1695323928743562e+002	  8.5481135526185449e+002	
  1.1580000000000000e+004	 -6.6074134507078952e+002	  8.5152750802396201e+002	
  1.1610000000000000e+004	 -6.8298048599841957e+002	  8.2370935523331468e+002	
  1.1640000000000000e+004	 -6.7771874563354856e+002	  7.7798029926336289e+002	
  1.1670000000000000e+004	 -6.6894319855005267e+002	  7.3662599649608205e+002	
  1.1700000000000000e+004	 -6.9751078179582748e+002	  7.0757222917852346e+002	
  1.1730000000000000e+004	 -7.3465670514117710e+002	  6.8552032028741849e+002	
  1.1760000000000000e+004	 -7.6293745118073878e+002	  6.5181349079529821e+002	
  1.1790000000000000e+004	 -7.7910811588763590e+002	  6.1064843034992350e+002	
  1.1820000000000000e+004	 -7.8273845087648567e+002	  5.6110118487234263e+002	
  1.1850000000000000e+004	 -7.8241575488104422e+002	  5.1689717049142689e+002	
  1.1880000000000000e+004	 -7.8426228872165302e+002	  4.7070056911168138e+002	
  1.1910000000000000e+004	 -7.7589011693683756e+002	  4.2786575014714452e+002	
  1.1940000000000000e+004	 -7.5619668461044057e+002	  3.8941683771431451e+002	
  1.1970000000000000e+004	 -7.3468359733152886e+002	  3.4913117329220609e+002	
  1.2000000000000000e+004	 -7.1352906773438883e+002	  3.1018131209746883e+002	
  1.2030000000000000e+004	 -6.9243728191345303e+002	  2.6990677161689661e+002	
  1.2060000000000000e+004	 -6.7173093903981146e+002	  2.2857476434981527e+002	
  1.2090000000000000e+004	 -6.4982345448320916e+002	  1.8690876696897416e+002	
  1.2120000000000000e+004	 -6.2900058166437509e+002	  1.4617783831903500e+002	
  1.2150000000000000e+004	 -6.0379440548161756e+002	  1.0755084209507331e+002	
  1.2180000000000000e+004	 -5.8327630827276005e+002	  6.5717772074547355e+001	
  1.2210000000000000e+004	 -5.6256099695969510e+002	  2.5220673770230203e+001	
  1.2240000000000000e+004	 -5.4421213597668384e+002	 -1.4218838816945418e+001	
  1.2270000000000000e+004	 -5.2624871099990912e+002	 -5.4593655625737938e+001	
  1.2300000000000000e+004	 -5.0163414947796048e+002	 -9.4645536281045551e+001	
  1.2330000000000000e+004	 -4.8566965509995708e+002	 -1.2044889758241831e+002	
  1.2360000000000000e+004	 -4.7368508162796235e+002	 -1.4409264583955377e+002	
  1.2390000000000000e+004	 -4.6739250473375944e+002	 -1.8457866004721100e+002	
  1.2420000000000000e+004	 -4.9524297330941863e+002	 -2.1286434130638946e+002	
  1.2450000000000000e+004	 -5.3117878400050404e+002	 -2.3951363360050928e+002	
  1.2480000000000000e+004	 -5.6764346723249196e+002	 -2.6903494032967336e+002	
  1.2510000000000000e+004	 -5.9939319241700173e+002	 -2.7236331458927032e+002	
  1.2540000000000000e+004	 -6.3794643187790177e+002	 -2.5245983029813820e+002	
  1.2570000000000000e+004	 -6.6268648174317309e+002	 -2.8692360940704219e+002	
  1.2600000000000000e+004	 -6.5581125576141153e+002	 -3.0514621653111897e+002	
  1.2630000000000000e+004	 -6.5581125576141153e+002	 -3.0514621653111897e+002	
  1.2660000000000000e+004	 -6.5581125576141153e+002	 -3.0514621653111897e+002	
  1.2690000000000000e+004	 -6.5581125576141153e+002	 -3.0514621653111897e+002	
  1.2720000000000000e+004	 -6.5581125576141153e+002	 -3.0514621653111897e+002	
  1.2750000000000000e+004	 -6.5581125576141153e+002	 -3.0514621653111897e+002	
  1.2780000000000000e+004	 -6.5581125576141153e+002	 -3.0514621653111897e+002	
  1.2810000000000000e+004	 -6.5581125576141153e+002	 -3.0514621653111897e+002	
  1.2840000000000000e+004	 -6.5581125576141153e+002	 -3.0514621653111897e+002	
  1.2870000000000000e+004	 -6.5581125576141153e+002	 -3.0514621653111897e+002	
  1.2900000000000000e+004	 -6.5581125576141153e+002	 -3.0514621653111897e+002	
  1.2930000000000000e+004	 -6.5581125576141153e+002	 -3.0514621653111897e+002	
  1.2960000000000000e+004	 -6.5581125576141153e+002	 -3.0514621653111897e+002	
  1.2990000000000000e+004	 -6.5581125576141153e+002	 -3.0514621653111897e+002	
  1.3020000000000000e+004	 -6.5581125576141153e+002	 -3.0514621653111897e+002	
  1.3050000000000000e+004	 -6.5581125576141153e+002	 -3.0514621653111897e+002	
  1.3080000000000000e+004	 -6.5581125576141153e+002	 -3.0514621653111897e+002	
  1.3110000000000000e+004	 -6.5142241693150095e+002	 -2.8293523422964324e+002	
  1.3140000000000000e+004	 -6.4456170901705343e+002	 -2.4784018383976121e+002	
  1.3170000000000000e+004	 -6.6127020108298314e+002	 -2.7983269924779836e+002	
  1.3200000000000000e+004	 -6.9357567959409744e+002	 -2.7068243817953885e+002	
  1.3230000000000000e+004	 -6.6672914646487857e+002	 -2.8170282585678189e+002	
  1.3260000000000000e+004	 -7.2715401849169916e+002	 -3.0345418744444703e+002	
  1.3290000000000000e+004	 -6.5388403893780082e+002	 -2.7456740798155801e+002	
  1.3320000000000000e+004	 -6.2929638091925881e+002	 -2.4741717698847324e+002	
  1.3350000000000000e+004	 -5.9414938395837248e+002	 -2.2564352234129456e+002	
  1.3380000000000000e+004	 -5.6454200325911665e+002	 -1.9706844998404682e+002	
  1.3410000000000000e+004	 -5.2892888993899271e+002	 -1.7118719160254008e+002	
  1.3440000000000000e+004	 -4.9307374345390406e+002	 -1.4462694505149082e+002	
  1.3470000000000000e+004	 -4.6552802960324078e+002	 -1.7984771877891018e+002	
  1.3500000000000000e+004	 -4.7494000264807602e+002	 -1.4619654911455396e+002	
  1.3530000000000000e+004	 -4.9917808289551050e+002	 -1.0231533479925045e+002	
  1.3560000000000000e+004	 -5.1460475258254360e+002	 -6.9421116097420622e+001	
  1.3590000000000000e+004	 -5.3690664903296374e+002	 -3.0025822551495857e+001	
  1.3620000000000000e+004	 -5.5726340233339135e+002	  1.8753063908116467e+001	
  1.3650000000000000e+004	 -5.8227236029128903e+002	  5.3038793806536930e+001	
  1.3680000000000000e+004	 -5.9870298996961708e+002	  9.8478482344433132e+001	
  1.3710000000000000e+004	 -6.2110347995855193e+002	  1.3848579765255209e+002	
  1.3740000000000000e+004	 -6.3773129729093057e+002	  1.7603306547106811e+002	
  1.3770000000000000e+004	 -6.5791774647910074e+002	  2.1307941485801189e+002	
  1.3800000000000000e+004	 -6.7625765181718930e+002	  2.5600328818650269e+002	
  1.3830000000000000e+004	 -6.9389838211793881e+002	  2.9044478621765137e+002	
  1.3860000000000000e+004	 -7.1634369774041443e+002	  3.2641134171933902e+002	
  1.3890000000000000e+004	 -7.3626122046249122e+002	  3.6695303149781455e+002	
  1.3920000000000000e+004	 -7.5630425131082870e+002	  4.0335371398068935e+002	
  1.3950000000000000e+004	 -7.7137237539024636e+002	  4.4686758925448851e+002	
  1.3980000000000000e+004	 -7.7891987713382366e+002	  4.8501595655528672e+002	
  1.4010000000000000e+004	 -7.7578255137642202e+002	  5.2856320564925875e+002	
  1.4040000000000000e+004	 -7.7797868114704011e+002	  5.7281175339129152e+002	
  1.4070000000000000e+004	 -7.7305756449560181e+002	  6.1583581146977383e+002	
  1.4100000000000000e+004	 -7.5567678524961389e+002	  6.5863722540322544e+002	
  1.4130000000000000e+004	 -7.2044014045537574e+002	  6.8409545039268073e+002	
  1.4160000000000000e+004	 -6.8184208434660957e+002	  7.0893030068895177e+002	
  1.4190000000000000e+004	 -6.6652297554749089e+002	  7.4526419750879472e+002	
  1.4220000000000000e+004	 -6.8047959021533939e+002	  7.8629568070481014e+002	
  1.4250000000000000e+004	 -6.8500630652306666e+002	  8.2830675308752086e+002	
  1.4280000000000000e+004	 -6.5908303771027215e+002	  8.5511191096640255e+002	
  1.4310000000000000e+004	 -6.4763627777498607e+002	  8.6741245462412076e+002	
  1.4340000000000000e+004	 -6.4515332395898383e+002	  8.6776866567826585e+002	
  1.4370000000000000e+004	 -6.5609809169959772e+002	  9.0199867785702054e+002	
  1.4400000000000000e+004	 -6.4030391334383808e+002	  9.2110069111985990e+002	
  1.4430000000000000e+004	 -6.4752871604989014e+002	  9.2323797825785130e+002	
  1.4460000000000000e+004	 -6.5136521784263937e+002	  9.2098937317112905e+002	
  1.4490000000000000e+004	 -6.5186718911211551e+002	  9.1963130506068205e+002	
  1.4520000000000000e+004	 -6.6780479831370576e+002	  9.1931961595438588e+002	
  1.4550000000000000e+004	 -5.9969795664637843e+002	  9.3459232017444299e+002	
  1.4580000000000000e+004	 -6.7302172105353225e+002	  9.2423983772924566e+002	
  1.4610000000000000e+004	 -6.5482524502134288e+002	  9.2713407299022174e+002	
  1.4640000000000000e+004	 -6.6907766621489725e+002	  9.2257008131930263e+002	
  1.4670000000000000e+004	 -6.7051186412389450e+002	  9.2067768565317056e+002	
  1.4700000000000000e+004	 -6.6925693526696068e+002	  9.2034373136391082e+002	
  1.4730000000000000e+004	 -6.7427664912915543e+002	  9.1945319284465666e+002	
  1.4760000000000000e+004	 -6.7831036614504421e+002	  9.1845134611888795e+002	
  1.4790000000000000e+004	 -6.8377827016246408e+002	  9.1477787821585400e+002	
  1.4820000000000000e+004	 -6.7553158586123686e+002	  9.1900792923522897e+002	
  1.4850000000000000e+004	 -6.6235481896482759e+002	  9.2334930044732846e+002	
  1.4880000000000000e+004	 -6.7400774026517126e+002	  9.1967583220133656e+002	
  1.4910000000000000e+004	 -6.6836055514440363e+002	  9.1822871480980859e+002	
  1.4940000000000000e+004	 -6.6343047688374622e+002	  9.2078900626280824e+002	
  1.4970000000000000e+004	 -6.7355954822431261e+002	  9.1744949820898375e+002	
  1.5000000000000000e+004	 -6.6925693526696068e+002	  9.1900792923522897e+002	
  1.5030000000000000e+004	 -6.7481448001220326e+002	  9.1611369093072960e+002	
  1.5060000000000000e+004	 -6.9077002165099930e+002	  9.1065915133809995e+002	
  1.5090000000000000e+004	 -6.9032182621871425e+002	  9.1399865967582286e+002	
  1.5120000000000000e+004	 -6.8171659727926362e+002	  9.1600236913260051e+002	
  1.5150000000000000e+004	 -6.8915653013980284e+002	  9.1121573598117118e+002	
  1.5180000000000000e+004	 -6.8682595102349330e+002	  9.0153115154281375e+002	
  1.5210000000000000e+004	 -7.2662515806404826e+002	  8.9373894927613264e+002	
  1.5240000000000000e+004	 -7.3370654734571008e+002	  8.8449963478976065e+002	
  1.5270000000000000e+004	 -7.3720241908479557e+002	  8.8205065491209314e+002	
  1.5300000000000000e+004	 -7.1255201720247692e+002	  8.9184654974459625e+002	
  1.5330000000000000e+004	 -7.0394678257807686e+002	  9.0030666278435865e+002	
  1.5360000000000000e+004	 -6.8234406509854352e+002	  9.0398011915648544e+002	
  1.5390000000000000e+004	 -6.5885894210444280e+002	  9.1077046175829719e+002	
  1.5420000000000000e+004	 -6.8368862305394828e+002	  8.9986139075108611e+002	
  1.5450000000000000e+004	 -6.9112856476472632e+002	  9.0052929146503948e+002	
  1.5480000000000000e+004	 -6.9668611982422351e+002	  9.0353485300710065e+002	
  1.5510000000000000e+004	 -6.8512283481579516e+002	  9.0064060522660316e+002	
  1.5540000000000000e+004	 -6.9614829309760023e+002	  9.0709699620519621e+002	
  1.5570000000000000e+004	 -6.9704466504331515e+002	  9.0987992967532296e+002	
  1.5600000000000000e+004	 -6.9462444973351944e+002	  9.0743095311961099e+002	
  1.5630000000000000e+004	 -6.8852907865962072e+002	  9.0564988102806558e+002	
  1.5660000000000000e+004	 -7.1667536376952910e+002	  8.9485212310665474e+002	
  1.5690000000000000e+004	 -6.9713430492652208e+002	  8.9963875241131814e+002	
  1.5720000000000000e+004	 -7.0000272044935400e+002	  9.0008402419664844e+002	
  1.5750000000000000e+004	 -6.9336952176325542e+002	  8.9808031766853208e+002	
  1.5780000000000000e+004	 -6.9605865600048412e+002	  8.9607661127245683e+002	
  1.5810000000000000e+004	 -6.9596902033693402e+002	  8.9986139075108611e+002	
  1.5840000000000000e+004	 -6.8341971690530602e+002	  9.0598382801008211e+002	
  1.5870000000000000e+004	 -6.8467464974855022e+002	  9.1789475516383072e+002	
  1.5900000000000000e+004	 -6.8449536745072805e+002	  9.0720831556086205e+002	
  1.5930000000000000e+004	 -6.8422646153283688e+002	  9.1110442047758295e+002	
  1.5960000000000000e+004	 -6.8673632032957516e+002	  9.1344207487318124e+002	
  1.5990000000000000e+004	 -6.7382846168882156e+002	  9.0854412286928982e+002	
  1.6020000000000000e+004	 -6.7526266844886584e+002	  9.1255154178903115e+002	
  1.6050000000000000e+004	 -6.7454557130693820e+002	  9.1210627104095647e+002	
  1.6080000000000000e+004	 -6.8055129894509707e+002	  9.1054782731069906e+002	
  1.6110000000000000e+004	 -6.8171659727926362e+002	  9.0665173154146999e+002	
  1.6140000000000000e+004	 -6.8494356433125949e+002	  9.0832148966491491e+002	
  1.6170000000000000e+004	 -6.8575029442783216e+002	  9.0965729076033745e+002	
  1.6200000000000000e+004	 -6.6208591109950453e+002	  9.1366471092581025e+002	
  1.6230000000000000e+004	 -6.5921749480366054e+002	  9.1544578402100603e+002	
  1.6260000000000000e+004	 -6.5132936558116228e+002	  9.1811739366798349e+002	
  1.6290000000000000e+004	 -6.4657855972237860e+002	  9.1834002245728948e+002	
  1.6320000000000000e+004	 -6.5088116943139573e+002	  9.1733817112546717e+002	
  1.6350000000000000e+004	 -6.5778329227254221e+002	  9.1700422205769382e+002	
  1.6380000000000000e+004	 -6.5581125576141153e+002	  9.1577972932409034e+002	
  1.6410000000000000e+004	 -6.5590089847208867e+002	  9.1978715131100944e+002	
  1.6440000000000000e+004	 -6.6011386602356652e+002	  9.1399865967582286e+002	
  1.6470000000000000e+004	 -6.6172735654204860e+002	  9.1989846676873890e+002	
  1.6500000000000000e+004	 -6.5724545999490022e+002	  9.1500051500662664e+002	
  1.6530000000000000e+004	 -6.6746417561747251e+002	  9.1956451434970029e+002	
  1.6560000000000000e+004	 -6.7104968382911011e+002	  9.2301534396640898e+002	
  1.6590000000000000e+004	 -6.7678651785542513e+002	  9.1778344272325739e+002	
  1.6620000000000000e+004	 -6.8117876610747965e+002	  9.1511183036330692e+002	
  1.6650000000000000e+004	 -6.8557102991593410e+002	  9.1244022096228900e+002	
  1.6680000000000000e+004	 -6.7669687885467056e+002	  9.1622500413241210e+002	
  1.6710000000000000e+004	 -6.7212534918338997e+002	  9.1744949820898375e+002	
  1.6740000000000000e+004	 -6.6567141836011274e+002	  9.2201349329826917e+002	
  1.6770000000000000e+004	 -6.7015331598275350e+002	  9.1444392758030176e+002	
  1.6800000000000000e+004	 -6.7131860701977348e+002	  9.2769066556574569e+002	
  1.6830000000000000e+004	 -6.6836055514440363e+002	  9.1945319284465666e+002	
