  0.0000000000000000e+000	 -3.4503683638898684e+002	  9.0564988102806558e+002	
  3.0000000000000000e+001	 -3.4584357672187980e+002	  9.3704130420997296e+002	
  6.0000000000000000e+001	 -3.6063381844032892e+002	  1.0146293176925210e+003	
  9.0000000000000000e+001	 -3.3804507089493723e+002	  9.3737525031330495e+002	
  1.2000000000000000e+002	 -3.1957968826238687e+002	  9.0075192528768173e+002	
  1.5000000000000000e+002	 -3.3463883930360640e+002	  9.2568695460527465e+002	
  1.8000000000000000e+002	 -3.4091349221599557e+002	  9.3325651993296992e+002	
  2.1000000000000000e+002	 -3.3634195682717132e+002	  9.4026949617087791e+002	
  2.4000000000000000e+002	 -3.3454921430631543e+002	  9.4550139671029615e+002	
  2.7000000000000000e+002	 -3.3329426443112550e+002	  9.4071476360966778e+002	
  3.0000000000000000e+002	 -3.3239789397919390e+002	  9.3047359479574698e+002	
  3.3000000000000000e+002	 -3.3329426443112550e+002	  9.3893368712609049e+002	
  3.6000000000000000e+002	 -3.3463883930360640e+002	  9.2746803161039520e+002	
  3.9000000000000000e+002	 -3.2047606023343377e+002	  9.1032519298701322e+002	
  4.2000000000000000e+002	 -3.3428030321978451e+002	  9.3025095689543014e+002	
  4.5000000000000000e+002	 -3.3445956529225026e+002	  9.3559417864653642e+002	
  4.8000000000000000e+002	 -3.3553522625541427e+002	  9.4004685782769582e+002	
  5.1000000000000000e+002	 -3.3248752838741530e+002	  9.3859973734424170e+002	
  5.4000000000000000e+002	 -3.4010674310277096e+002	  9.3436968730335730e+002	
  5.7000000000000000e+002	 -3.3652124799089103e+002	  9.2924910665868481e+002	
  6.0000000000000000e+002	 -3.3168079089315677e+002	  9.2969437177658710e+002	
  6.3000000000000000e+002	 -3.3069478551940460e+002	  9.2412851252069061e+002	
  6.6000000000000000e+002	 -3.3275644961082253e+002	  9.2257008131930263e+002	
  6.9000000000000000e+002	 -3.2917093456738820e+002	  9.1355339226620640e+002	
  7.2000000000000000e+002	 -3.3428030321978451e+002	  9.2802460881900049e+002	
  7.5000000000000000e+002	 -3.2226880801241032e+002	  9.0631777652136191e+002	
  7.8000000000000000e+002	 -3.3060512951898562e+002	  9.1989846676873890e+002	
  8.1000000000000000e+002	 -3.2701964266899358e+002	  9.1566841624683377e+002	
  8.4000000000000000e+002	 -3.2576468907327200e+002	  8.9963875241131814e+002	
  8.7000000000000000e+002	 -3.3248752838741530e+002	  9.3269993193853406e+002	
  9.0000000000000000e+002	 -3.3481812523467522e+002	  9.2179086001816711e+002	
  9.3000000000000000e+002	 -3.3598341007993298e+002	  9.2245876022701032e+002	
  9.6000000000000000e+002	 -3.3687978536691719e+002	  9.2112295111000969e+002	
  9.9000000000000000e+002	 -3.3230826257480862e+002	  9.3292257116073063e+002	
  1.0200000000000000e+003	 -3.3159115633045599e+002	  9.2980568631099584e+002	
  1.0500000000000000e+003	 -3.2908130256725866e+002	  9.4282978750422592e+002	
  1.0800000000000000e+003	 -3.2872274999058834e+002	  9.3848841680045939e+002	
  1.1100000000000000e+003	 -3.1778691978807240e+002	  9.4705983778171560e+002	
  1.1400000000000000e+003	 -3.0694073349143929e+002	  9.6542715834219393e+002	
  1.1700000000000000e+003	 -3.3105333041956402e+002	  9.5396149455016109e+002	
  1.2000000000000000e+003	 -3.3266680620565455e+002	  9.3281125092960644e+002	
  1.2300000000000000e+003	 -3.2710925971277152e+002	  9.2980568631099584e+002	
  1.2600000000000000e+003	 -3.2827455885273599e+002	  9.2657749213461034e+002	
  1.2900000000000000e+003	 -3.4154095391645677e+002	  9.3013963738319546e+002	
  1.3200000000000000e+003	 -3.2917093456738820e+002	  9.3258861903067555e+002	
  1.3500000000000000e+003	 -3.3024659032769415e+002	  9.2334930044732846e+002	
  1.3800000000000000e+003	 -3.3436994626924240e+002	  9.3325651993296992e+002	
  1.4100000000000000e+003	 -3.3168079089315677e+002	  9.3169807811578892e+002	
  1.4400000000000000e+003	 -3.3625232912045340e+002	  9.2769066556574569e+002	
  1.4700000000000000e+003	 -3.3096368967194093e+002	  9.3091885640072735e+002	
  1.5000000000000000e+003	 -3.3015694940872510e+002	  9.1822871480980859e+002	
  1.5300000000000000e+003	 -3.2450975330028734e+002	  9.2090031831992997e+002	
  1.5600000000000000e+003	 -3.2961911260989882e+002	  9.2769066556574569e+002	
  1.5900000000000000e+003	 -3.3419066315260750e+002	  9.3637340197628976e+002	
  1.6200000000000000e+003	 -3.3840362197254734e+002	  9.2557564243065747e+002	
  1.6500000000000000e+003	 -3.3436994626924240e+002	  9.2668881068113944e+002	
  1.6800000000000000e+003	 -3.2737818437658393e+002	  9.3359047018851811e+002	
  1.7100000000000000e+003	 -3.4082387411109869e+002	  9.3281125092960644e+002	
  1.7400000000000000e+003	 -3.4198913780815940e+002	  9.2635485878840404e+002	
  1.7700000000000000e+003	 -3.4019639081633562e+002	  9.2501905640077121e+002	
  1.8000000000000000e+003	 -3.3912073215447833e+002	  9.2668881068113944e+002	
  1.8300000000000000e+003	 -3.3428030321978451e+002	  9.2234744528496879e+002	
  1.8600000000000000e+003	 -3.3580412763620501e+002	  9.0999124111364654e+002	
  1.8900000000000000e+003	 -3.3302537065883621e+002	  9.2579827778759920e+002	
  1.9200000000000000e+003	 -3.3723834331845444e+002	  9.4661457307930073e+002	
  1.9500000000000000e+003	 -3.2585431862236379e+002	  9.4360900886442562e+002	
  1.9800000000000000e+003	 -3.3320465728429087e+002	  9.3882237731691680e+002	
  2.0100000000000000e+003	 -3.3840362197254734e+002	  9.4828432116364456e+002	
  2.0400000000000000e+003	 -3.2522686519701637e+002	  9.0631777652136191e+002	
  2.0700000000000000e+003	 -3.2468904066269647e+002	  8.8861835591872898e+002	
  2.1000000000000000e+003	 -3.3903109307568081e+002	  8.8772782369788752e+002	
  2.1300000000000000e+003	 -3.2899164614737481e+002	  9.3837710230199741e+002	
  2.1600000000000000e+003	 -3.3015694940872510e+002	  9.2579827778759920e+002	
  2.1900000000000000e+003	 -3.3652124799089103e+002	  9.2791329964289571e+002	
  2.2200000000000000e+003	 -3.2997767663533108e+002	  9.2257008131930263e+002	
  2.2500000000000000e+003	 -3.2827455885273599e+002	  9.2924910665868481e+002	
  2.2800000000000000e+003	 -3.1805583176448056e+002	  9.1655895131904288e+002	
  2.3100000000000000e+003	 -3.2558541143827949e+002	  8.9741241104842368e+002	
  2.3400000000000000e+003	 -3.2208954758872761e+002	  8.6156830743059277e+002	
  2.3700000000000000e+003	 -2.9663238969974822e+002	  8.4943474212566468e+002	
  2.4000000000000000e+003	 -2.6633479088238363e+002	  8.2895238888218091e+002	
  2.4300000000000000e+003	 -2.5262020730334052e+002	  7.9633648000487267e+002	
  2.4600000000000000e+003	 -2.4365641736679916e+002	  7.6550165086514380e+002	
  2.4900000000000000e+003	 -2.4276006602986948e+002	  7.3099334186972396e+002	
  2.5200000000000000e+003	 -2.4446315010506501e+002	  6.9080787570899270e+002	
  2.5500000000000000e+003	 -2.4769013478329154e+002	  6.5340532384581343e+002	
  2.5800000000000000e+003	 -2.2429463825077428e+002	  6.2312707432520688e+002	
  2.6100000000000000e+003	 -1.9955461362418703e+002	  5.9418462281918505e+002	
  2.6400000000000000e+003	 -1.7311145318451344e+002	  5.6101213747487452e+002	
  2.6700000000000000e+003	 -1.4935739438552170e+002	  5.2683779011319450e+002	
  2.7000000000000000e+003	 -1.5814190643417564e+002	  5.1615134228169973e+002	
  2.7300000000000000e+003	 -1.4570982739287524e+002	  4.8350974651288431e+002	
  2.7600000000000000e+003	 -1.6709675447136971e+002	  3.9745392796500738e+002	
  2.7900000000000000e+003	 -1.8473610772279372e+002	  3.6321385013572683e+002	
  2.8200000000000000e+003	 -1.5887621542187651e+002	  4.2099199944654526e+002	
  2.8500000000000000e+003	 -1.3301632312095930e+002	  4.7877014875736364e+002	
  2.8800000000000000e+003	 -1.3413687857106973e+002	  4.9057067179917129e+002	
  2.9100000000000000e+003	 -1.1615552073523899e+002	  5.3467450977516455e+002	
  2.9400000000000000e+003	 -1.1274929785350795e+002	  5.6570971135455818e+002	
  2.9700000000000000e+003	 -1.2829253546017912e+002	  5.5885257891406764e+002	
  3.0000000000000000e+003	 -1.3734592338069871e+002	  5.5172828994396343e+002	
  3.0300000000000000e+003	 -1.3123262684861689e+002	  5.6709005544177808e+002	
  3.0600000000000000e+003	 -1.2499382698162644e+002	  5.6047781594743265e+002	
  3.0900000000000000e+003	 -1.3250548423297693e+002	  5.6410675223101748e+002	
  3.1200000000000000e+003	 -1.2601572363534714e+002	  5.5871900187549022e+002	
  3.1500000000000000e+003	 -1.2142626157150298e+002	  5.4783219368647940e+002	
  3.1800000000000000e+003	 -1.1861161316353059e+002	  5.5883031535011082e+002	
  3.2100000000000000e+003	 -1.0654636037592158e+002	  5.7201026710435985e+002	
  3.2400000000000000e+003	 -1.1016774948134307e+002	  5.4812161415288006e+002	
  3.2700000000000000e+003	 -1.0767578378726166e+002	  5.4197691305320291e+002	
  3.3000000000000000e+003	 -1.1846816334834205e+002	  5.5355389619017456e+002	
  3.3300000000000000e+003	 -1.2599776165106815e+002	  5.6916054909153979e+002	
  3.3600000000000000e+003	 -1.2753955643430713e+002	  5.7920134359978113e+002	
  3.3900000000000000e+003	 -1.2355961496152750e+002	  5.8396572454025682e+002	
  3.4200000000000000e+003	 -1.1864748883150901e+002	  5.8650374835492926e+002	
  3.4500000000000000e+003	 -1.1735668481717866e+002	  5.7510488462158878e+002	
  3.4800000000000000e+003	 -1.1660371149834035e+002	  5.5798431212708374e+002	
  3.5100000000000000e+003	 -1.1491851611036581e+002	  5.4642959239211439e+002	
  3.5400000000000000e+003	 -1.1766144597015155e+002	  5.5319767948663980e+002	
  3.5700000000000000e+003	 -1.1780483944690116e+002	  5.4346855645126129e+002	
  3.6000000000000000e+003	 -1.1461380195400234e+002	  5.6648893252975972e+002	
  3.6300000000000000e+003	 -1.2300387712020373e+002	  5.8512342037631754e+002	
  3.6600000000000000e+003	 -1.3017490444117249e+002	  5.8162806644058480e+002	
  3.6900000000000000e+003	 -1.2883033429815816e+002	  5.9687851048104096e+002	
  3.7200000000000000e+003	 -1.3153741077622027e+002	  5.8256312516066419e+002	
  3.7500000000000000e+003	 -1.3720250940584441e+002	  6.0291189597636344e+002	
  3.7800000000000000e+003	 -1.4295726163101244e+002	  5.9788036150995822e+002	
  3.8100000000000000e+003	 -1.3921040051353202e+002	  5.9438499932279069e+002	
  3.8400000000000000e+003	 -1.3338395802109605e+002	  5.8031452474204184e+002	
  3.8700000000000000e+003	 -1.3182425910848633e+002	  5.7212157689839046e+002	
  3.9000000000000000e+003	 -1.4525198429262051e+002	  6.1103803511353476e+002	
  3.9300000000000000e+003	 -1.4032189642741832e+002	  5.8970968504970131e+002	
  3.9600000000000000e+003	 -1.4673995571219447e+002	  5.6441844294866951e+002	
  3.9900000000000000e+003	 -1.3808095015597348e+002	  5.6303810524651749e+002	
  4.0200000000000000e+003	 -1.3800924371288482e+002	  5.8133863899587482e+002	
  4.0500000000000000e+003	 -1.3777620175632333e+002	  5.7410302179427879e+002	
  4.0800000000000000e+003	 -1.3592966389735116e+002	  5.6755758508734277e+002	
  4.1100000000000000e+003	 -1.1769732984728758e+002	  5.7165405441820917e+002	
  4.1400000000000000e+003	 -1.3834988008484410e+002	  5.7586183893230987e+002	
  4.1700000000000000e+003	 -1.4534163989349727e+002	  5.7984698460175446e+002	
  4.2000000000000000e+003	 -1.4268834450867075e+002	  5.6838133435907480e+002	
  4.2300000000000000e+003	 -1.2868694504813675e+002	  5.3872644579044686e+002	
  4.2600000000000000e+003	 -1.1861162937863665e+002	  5.2009196865316267e+002	
  4.2900000000000000e+003	 -1.2492213569991013e+002	  5.2605856686375546e+002	
  4.3200000000000000e+003	 -1.3073069590626068e+002	  5.7463735105704529e+002	
  4.3500000000000000e+003	 -1.2664316477599759e+002	  5.8198426878988744e+002	
  4.3800000000000000e+003	 -1.3096371730975801e+002	  5.7929040204563569e+002	
  4.4100000000000000e+003	 -1.2476078096530959e+002	  5.4213275180519190e+002	
  4.4400000000000000e+003	 -1.0374967527080666e+002	  5.0989532713810274e+002	
  4.4700000000000000e+003	 -1.0382136313940623e+002	  5.2240736930567584e+002	
  4.5000000000000000e+003	 -1.0283540103591542e+002	  5.2875243172566866e+002	
  4.5300000000000000e+003	 -1.1219353915434351e+002	  5.4335724067289812e+002	
  4.5600000000000000e+003	 -1.2526275836910543e+002	  5.6911601769831054e+002	
  4.5900000000000000e+003	 -1.3248758227901786e+002	  5.7143141939151701e+002	
  4.6200000000000000e+003	 -1.3494363319399540e+002	  5.6459654509959751e+002	
  4.6500000000000000e+003	 -1.3333016534972731e+002	  5.6203625322321898e+002	
  4.6800000000000000e+003	 -1.4146927453328135e+002	  5.6519765330618520e+002	
  4.7100000000000000e+003	 -1.2691209973328773e+002	  5.3449640772328416e+002	
  4.7400000000000000e+003	 -1.1726706895358807e+002	  5.2258546532484729e+002	
  4.7700000000000000e+003	 -1.1447036346590941e+002	  5.1839995086062754e+002	
  4.8000000000000000e+003	 -1.0927136421146820e+002	  5.0782481864990586e+002	
  4.8300000000000000e+003	 -1.1154812991170172e+002	  5.0459663226134870e+002	
  4.8600000000000000e+003	 -1.1966934110372776e+002	  5.1581738660362794e+002	
  4.8900000000000000e+003	 -1.2461736395279118e+002	  5.2970977116375582e+002	
  4.9200000000000000e+003	 -1.2508347791495180e+002	  5.1871164865075423e+002	
  4.9500000000000000e+003	 -1.2456354704422105e+002	  5.2786190498338237e+002	
  4.9800000000000000e+003	 -1.2831043170559641e+002	  5.3516430475167613e+002	
  5.0100000000000000e+003	 -1.2309353033434043e+002	  5.3434055275902483e+002	
  5.0400000000000000e+003	 -1.2185652996335440e+002	  5.3006598347937665e+002	
  5.0700000000000000e+003	 -1.1866541535863921e+002	  5.1111981202163236e+002	
  5.1000000000000000e+003	 -1.0620577568784088e+002	  4.8798812041857099e+002	
  5.1300000000000000e+003	 -1.1798415008881473e+002	  5.0976174917075934e+002	
  5.1600000000000000e+003	 -1.2185651773196341e+002	  5.2637025762666474e+002	
  5.1900000000000000e+003	 -1.2384646128905226e+002	  5.1659661467469357e+002	
  5.2200000000000000e+003	 -1.1789450288577173e+002	  5.1581739365376586e+002	
  5.2500000000000000e+003	 -1.1023943746071272e+002	  5.2225152955150463e+002	
  5.2800000000000000e+003	 -1.1429110189065054e+002	  4.9704933317932876e+002	
  5.3100000000000000e+003	 -1.2820287698914470e+002	  5.2006971224102131e+002	
  5.3400000000000000e+003	 -1.3087406984996096e+002	  5.4211049259438118e+002	
  5.3700000000000000e+003	 -1.1739254198851873e+002	  5.1250013913303314e+002	
  5.4000000000000000e+003	 -1.1443450127982005e+002	  4.9106046983212070e+002	
  5.4300000000000000e+003	 -1.1836062911588151e+002	  5.0762445208944939e+002	
  5.4600000000000000e+003	 -1.2327280502293907e+002	  5.1904558520066780e+002	
  5.4900000000000000e+003	 -1.2488627354232945e+002	  5.8158353626535768e+002	
  5.5200000000000000e+003	 -1.2228678749034366e+002	  5.3676726212653432e+002	
  5.5500000000000000e+003	 -1.1542053026938561e+002	  5.4580622344498863e+002	
  5.5800000000000000e+003	 -1.2223298823757825e+002	  5.4976911270419498e+002	
  5.6100000000000000e+003	 -1.1319750607635970e+002	  5.4231086017969801e+002	
  5.6400000000000000e+003	 -1.2103183542795205e+002	  5.4068563296044431e+002	
  5.6700000000000000e+003	 -1.1690845085684484e+002	  5.3540920393682995e+002	
  5.7000000000000000e+003	 -1.1897656231512696e+002	  5.3475975169757839e+002	
  5.7300000000000000e+003	 -1.2156170163797961e+002	  5.3394793639851412e+002	
  5.7600000000000000e+003	 -1.2414684096083225e+002	  5.3313612109944984e+002	
  5.7900000000000000e+003	 -1.2673198028368492e+002	  5.3232430580038567e+002	
  5.8200000000000000e+003	 -1.2931711960653757e+002	  5.3151249050132128e+002	
  5.8500000000000000e+003	 -1.3190225892939020e+002	  5.3070067520225700e+002	
  5.8800000000000000e+003	 -1.2580955312030612e+002	  5.9263732719112147e+002	
  5.9100000000000000e+003	 -1.4083283811272167e+002	  6.0833303391213144e+002	
  5.9400000000000000e+003	 -1.3691568032589299e+002	  6.0601763619715234e+002	
  5.9700000000000000e+003	 -1.4239254438882341e+002	  6.2696751258456368e+002	
  6.0000000000000000e+003	 -1.3687085945914919e+002	  5.8516794487803679e+002	
  6.0300000000000000e+003	 -1.4534161976093370e+002	  5.8649262443231851e+002	
  6.0600000000000000e+003	 -1.4858652785340581e+002	  6.1986548861792767e+002	
  6.0900000000000000e+003	 -1.4152305731858661e+002	  6.4127176423569085e+002	
  6.1200000000000000e+003	 -1.3465680930961980e+002	  5.6485257797150030e+002	
  6.1500000000000000e+003	 -1.3106232422707564e+002	  5.7757613029818435e+002	
  6.1800000000000000e+003	 -1.3430720634224105e+002	  5.7239987522150443e+002	
  6.2100000000000000e+003	 -1.3810784931389156e+002	  5.9318277989521232e+002	
  6.2400000000000000e+003	 -1.3560695254448387e+002	  5.9944992320521419e+002	
  6.2700000000000000e+003	 -1.2865105498831667e+002	  5.9348333545430069e+002	
  6.3000000000000000e+003	 -1.4894508333847492e+002	  6.0416977999777623e+002	
  6.3300000000000000e+003	 -1.5000279827885245e+002	  5.9799167465897244e+002	
  6.3600000000000000e+003	 -1.4182784435119160e+002	  5.9751301553461121e+002	
  6.3900000000000000e+003	 -1.0552452513110465e+002	  6.4305283628643679e+002	
  6.4200000000000000e+003	 -1.6757181621104124e+002	  6.2356121819273937e+002	
  6.4500000000000000e+003	 -1.2251982725106714e+002	  5.4606225369843128e+002	
  6.4800000000000000e+003	 -1.1499026704366224e+002	  5.3557618143292382e+002	
  6.5100000000000000e+003	 -1.1710569790027111e+002	  5.3891569201724906e+002	
  6.5400000000000000e+003	 -1.2751267462387663e+002	  5.6792493485555212e+002	
  6.5700000000000000e+003	 -1.0718277168126573e+002	  5.1155395188874797e+002	
  6.6000000000000000e+003	 -1.0793575604940573e+002	  5.1600663993886815e+002	
  6.6300000000000000e+003	 -1.1545635387382569e+002	  5.2556876742418171e+002	
  6.6600000000000000e+003	 -1.3044378957401008e+002	  5.5065964191280545e+002	
  6.6900000000000000e+003	 -8.7812014433318836e+001	  4.5895661941766491e+002	
  6.7200000000000000e+003	 -5.9172758845912689e+001	  4.2763198526704673e+002	
  6.7500000000000000e+003	 -9.7152318150342737e+001	  4.8641854785565829e+002	
  6.7800000000000000e+003	 -1.2889309641727351e+002	  5.2407712421722681e+002	
  6.8100000000000000e+003	 -1.3364389259692757e+002	  5.6849264389812652e+002	
  6.8400000000000000e+003	 -1.7001891491086738e+002	  6.1536827316051608e+002	
  6.8700000000000000e+003	 -1.7693896841281747e+002	  6.5174669996039245e+002	
  6.9000000000000000e+003	 -1.6777797545970532e+002	  6.3677455320879812e+002	
  6.9300000000000000e+003	 -1.5459224707728316e+002	  6.1484507932364932e+002	
  6.9600000000000000e+003	 -1.5472669432163224e+002	  6.0579500636789385e+002	
  6.9900000000000000e+003	 -1.4789632419247513e+002	  5.9721244919070546e+002	
  7.0200000000000000e+003	 -1.2868690642718428e+002	  5.6700099626892120e+002	
  7.0500000000000000e+003	 -1.3500638082600338e+002	  5.8710486306678229e+002	
  7.0800000000000000e+003	 -1.3910285361155223e+002	  5.8637016527048877e+002	
  7.1100000000000000e+003	 -1.3868154175113014e+002	  5.8067073785901903e+002	
  7.1400000000000000e+003	 -1.3887873676823506e+002	  5.9991746252461246e+002	
  7.1700000000000000e+003	 -1.3465680141845627e+002	  5.8060394679960280e+002	
  7.2000000000000000e+003	 -7.5508186157443404e+001	  4.9187653214173815e+002	
  7.2300000000000000e+003	 -1.2807737906217176e+002	  5.7376907765971487e+002	
  7.2600000000000000e+003	 -1.4064459409489021e+002	  5.8603621610466371e+002	
  7.2900000000000000e+003	 -1.3671849523304826e+002	  5.8140542216257109e+002	
  7.3200000000000000e+003	 -1.4428388849531967e+002	  5.8038131335036780e+002	
  7.3500000000000000e+003	 -1.3519460869456515e+002	  5.4431456456962383e+002	
  7.3800000000000000e+003	 -1.3379629981176714e+002	  5.5907521778719274e+002	
  7.4100000000000000e+003	 -1.3725631158047267e+002	  5.5611418312427350e+002	
  7.4400000000000000e+003	 -1.4173817786536938e+002	  5.5464480220820178e+002	
  7.4700000000000000e+003	 -1.4137965634247774e+002	  5.5217356567458739e+002	
  7.5000000000000000e+003	 -1.4026812320067543e+002	  5.5130528753831982e+002	
  7.5300000000000000e+003	 -1.4139755865429532e+002	  5.4907893625151917e+002	
  7.5600000000000000e+003	 -1.5552447147127162e+002	  5.8714939035482928e+002	
  7.5900000000000000e+003	 -1.6778694295460622e+002	  6.2214748863773184e+002	
  7.6200000000000000e+003	 -1.6970518603832437e+002	  6.2501947044456608e+002	
  7.6500000000000000e+003	 -1.5660224443977259e+002	  6.1216234383348797e+002	
  7.6800000000000000e+003	 -1.2852451244287599e+002	  5.8461135823832058e+002	
  7.7100000000000000e+003	 -9.6542795797486804e+001	  5.6370600873822082e+002	
  7.7400000000000000e+003	 -1.1997411819339686e+002	  5.4936836491746851e+002	
  7.7700000000000000e+003	 -1.2866898669956481e+002	  5.4048525766628541e+002	
  7.8000000000000000e+003	 -1.3955101052615728e+002	  5.6566519015614119e+002	
  7.8300000000000000e+003	 -1.3112506760580786e+002	  5.6791379271738003e+002	
  7.8600000000000000e+003	 -1.2171309064285124e+002	  5.6237020289438783e+002	
  7.8900000000000000e+003	 -1.3533804344206615e+002	  5.5729414340781364e+002	
  7.9200000000000000e+003	 -1.5301461667094321e+002	  6.1210668617804401e+002	
  7.9500000000000000e+003	 -1.3770447492358670e+002	  5.7570599878116434e+002	
  7.9800000000000000e+003	 -1.4555677818983236e+002	  5.7156500318810379e+002	
  8.0100000000000000e+003	 -1.4279591406461569e+002	  5.7265590551891421e+002	
  8.0400000000000000e+003	 -1.3869051883772676e+002	  5.6889338632335114e+002	
  8.0700000000000000e+003	 -1.3671846297608084e+002	  5.4796576723313433e+002	
  8.1000000000000000e+003	 -1.3404726524686765e+002	  5.4803256026682061e+002	
  8.1300000000000000e+003	 -1.3012109905116191e+002	  5.5406594172019061e+002	
  8.1600000000000000e+003	 -1.3038760362273237e+002	  5.5891869595820037e+002	
  8.1900000000000000e+003	 -1.4355234605656287e+002	  5.7850719111140768e+002	
  8.2200000000000000e+003	 -1.5671708849039337e+002	  5.9809568626461521e+002	
  8.2500000000000000e+003	 -1.4266142838125128e+002	  5.7126444010082560e+002	
  8.2800000000000000e+003	 -1.3107129809385603e+002	  5.7169857532555477e+002	
  8.3100000000000000e+003	 -1.3198559960306801e+002	  5.6833679644250060e+002	
  8.3400000000000000e+003	 -1.3592966580722995e+002	  5.5226261095143605e+002	
  8.3700000000000000e+003	 -1.3763277889953926e+002	  5.9262619059838289e+002	
  8.4000000000000000e+003	 -1.3942554263732021e+002	  5.8389893584494985e+002	
  8.4300000000000000e+003	 -1.4937535574446935e+002	  5.9765772693459826e+002	
  8.4600000000000000e+003	 -1.4467831419495803e+002	  5.7414755288431502e+002	
  8.4900000000000000e+003	 -1.2739613204481039e+002	  5.5744999575603185e+002	
  8.5200000000000000e+003	 -1.1179914086909682e+002	  5.5333126279147541e+002	
  8.5500000000000000e+003	 -1.1478706430749915e+002	  5.7433308145279568e+002	
  8.5800000000000000e+003	 -1.3389489437405331e+002	  5.6161324788551804e+002	
  8.6100000000000000e+003	 -1.3770449120549247e+002	  5.7003995574227577e+002	
  8.6400000000000000e+003	 -1.4366537654628291e+002	  5.9942767286619596e+002	
  8.6700000000000000e+003	 -1.0613401353399038e+002	  5.7953530216095737e+002	
  8.7000000000000000e+003	 -1.3972133635266783e+002	  5.8061507780700640e+002	
  8.7300000000000000e+003	 -1.3792858707423062e+002	  5.6333866255203441e+002	
  8.7600000000000000e+003	 -1.5045993954880791e+002	  5.5829600088792654e+002	
  8.7900000000000000e+003	 -1.3098168045386245e+002	  5.3782477851449210e+002	
  8.8200000000000000e+003	 -1.3345564878896644e+002	  5.4538321701371603e+002	
  8.8500000000000000e+003	 -1.2091530322687500e+002	  5.2664855117151387e+002	
  8.8800000000000000e+003	 -1.5151770594203509e+002	  5.4280065912046598e+002	
  8.9100000000000000e+003	 -1.4046532510290848e+002	  5.6045555188068545e+002	
  8.9400000000000000e+003	 -1.4586153534991595e+002	  5.5795091708629991e+002	
  8.9700000000000000e+003	 -1.4821005363621103e+002	  5.5161697488714924e+002	
  9.0000000000000000e+003	 -1.5177762606594405e+002	  5.4153163924213914e+002	
  9.0300000000000000e+003	 -1.3706322872634317e+002	  5.3468706415695362e+002	
  9.0600000000000000e+003	 -9.8980929748042328e+001	  5.1657434352686414e+002	
  9.0900000000000000e+003	 -1.6493646853589433e+002	  6.0520502714448241e+002	
  9.1200000000000000e+003	 -1.6097445275636636e+002	  5.7828854451027041e+002	
  9.1500000000000000e+003	 -1.4518029564070795e+002	  5.5246298731343870e+002	
  9.1800000000000000e+003	 -1.1825310388065517e+002	  5.6334979661813657e+002	
  9.2100000000000000e+003	 -1.1825310388065517e+002	  5.6334979661813657e+002	
  9.2400000000000000e+003	 -1.1825310388065517e+002	  5.6334979661813657e+002	
  9.2700000000000000e+003	 -1.1825310388065517e+002	  5.6334979661813657e+002	
  9.3000000000000000e+003	 -1.1825310388065517e+002	  5.6334979661813657e+002	
  9.3300000000000000e+003	 -1.1825310388065517e+002	  5.6334979661813657e+002	
  9.3600000000000000e+003	 -1.1825310388065517e+002	  5.6334979661813657e+002	
  9.3900000000000000e+003	 -1.1825310388065517e+002	  5.6334979661813657e+002	
  9.4200000000000000e+003	 -1.1825310388065517e+002	  5.6334979661813657e+002	
  9.4500000000000000e+003	 -1.1825310388065517e+002	  5.6334979661813657e+002	
  9.4800000000000000e+003	 -1.1825310388065517e+002	  5.6334979661813657e+002	
  9.5100000000000000e+003	 -1.1825310388065517e+002	  5.6334979661813657e+002	
  9.5400000000000000e+003	 -1.1825310388065517e+002	  5.6334979661813657e+002	
  9.5700000000000000e+003	 -1.1825310388065517e+002	  5.6334979661813657e+002	
  9.6000000000000000e+003	 -1.1841372392073741e+002	  5.6381521947193664e+002	
  9.6300000000000000e+003	 -1.3152799150280887e+002	  6.0181595611987257e+002	
  9.6600000000000000e+003	 -1.4070735751558462e+002	  6.0483768347529349e+002	
  9.6900000000000000e+003	 -1.4778312629086719e+002	  5.8778389502262587e+002	
  9.7200000000000000e+003	 -1.2298597663647665e+002	  5.3166895152816676e+002	
  9.7500000000000000e+003	 -1.3026454432904757e+002	  5.3834796652219563e+002	
  9.7800000000000000e+003	 -1.2480556722817641e+002	  5.4135353458478301e+002	
  9.8100000000000000e+003	 -1.2573780525078664e+002	  5.4474871244502776e+002	
  9.8400000000000000e+003	 -1.1525017351300694e+002	  5.5592494856522455e+002	
  9.8700000000000000e+003	 -1.1565622376164130e+002	  5.5672309930466110e+002	
  9.9000000000000000e+003	 -1.2719262313538349e+002	  5.5742439400403691e+002	
  9.9300000000000000e+003	 -1.3872902250912568e+002	  5.5812568870341272e+002	
  9.9600000000000000e+003	 -1.5026542188286786e+002	  5.5882698340278864e+002	
  9.9900000000000000e+003	 -1.5213617642314139e+002	  5.5467818859350666e+002	
  1.0020000000000000e+004	 -1.2409742793377386e+002	  5.4736465594389608e+002	
  1.0050000000000000e+004	 -1.1860264706582447e+002	  5.4769860832045674e+002	
  1.0080000000000000e+004	 -1.2829248540500035e+002	  5.4197690136977076e+002	
  1.0110000000000000e+004	 -1.1453309635122726e+002	  5.3012164524923264e+002	
  1.0140000000000000e+004	 -1.2327280622827774e+002	  5.2962071919120604e+002	
  1.0170000000000000e+004	 -1.3483605217356165e+002	  5.1659660907354407e+002	
  1.0200000000000000e+004	 -1.0928927024159398e+002	  4.5893435522631245e+002	
  1.0230000000000000e+004	 -1.2004581446394359e+002	  5.3924964344406203e+002	
  1.0260000000000000e+004	 -1.5146389095096850e+002	  5.5082662119756094e+002	
  1.0290000000000000e+004	 -1.5074679869228717e+002	  5.5015871960230720e+002	
  1.0320000000000000e+004	 -1.6213077421262261e+002	  5.5527929657077982e+002	
  1.0350000000000000e+004	 -1.5200172388935272e+002	  5.4971344467040126e+002	
  1.0380000000000000e+004	 -1.4899888615733494e+002	  5.4843330825924170e+002	
  1.0410000000000000e+004	 -1.3341976397957734e+002	  5.3365039990207174e+002	
  1.0440000000000000e+004	 -1.3605514154253999e+002	  5.3534240932738521e+002	
  1.0470000000000000e+004	 -1.5925344090249391e+002	  5.5057059255322588e+002	
  1.0500000000000000e+004	 -1.7210747340401207e+002	  5.7650747097879537e+002	
  1.0530000000000000e+004	 -1.4946497294522570e+002	  5.6058913251889999e+002	
  1.0560000000000000e+004	 -1.5581132343555132e+002	  5.5513458293444205e+002	
  1.0590000000000000e+004	 -1.6231902430372293e+002	  5.5117170661371199e+002	
  1.0620000000000000e+004	 -1.2693000369172060e+002	  5.4867819664604008e+002	
  1.0650000000000000e+004	 -1.3994542695587853e+002	  5.5083775367949056e+002	
  1.0680000000000000e+004	 -1.4944705024067162e+002	  5.6521992631832939e+002	
  1.0710000000000000e+004	 -1.4021433133654381e+002	  5.5907522408910404e+002	
  1.0740000000000000e+004	 -1.2954745481431488e+002	  5.6023291598030414e+002	
  1.0770000000000000e+004	 -1.4033986398314499e+002	  5.4331270549086173e+002	
  1.0800000000000000e+004	 -1.4648897711999265e+002	  5.8423288556098237e+002	
  1.0830000000000000e+004	 -1.3212903854229685e+002	  5.4809935084980191e+002	
  1.0860000000000000e+004	 -1.3483608970547650e+002	  5.3890456515381300e+002	
  1.0890000000000000e+004	 -9.4732108870970450e+001	  4.9874135239303615e+002	
  1.0920000000000000e+004	 -1.0382140320547592e+002	  5.2734983975189130e+002	
  1.0950000000000000e+004	 -1.2051195628675805e+002	  5.3761328609274085e+002	
  1.0980000000000000e+004	 -1.1337679042397512e+002	  5.4050752572374847e+002	
  1.1010000000000000e+004	 -1.0728139092404604e+002	  5.5146112799674870e+002	
  1.1040000000000000e+004	 -1.5400066862543861e+002	  5.5818468149293301e+002	
  1.1070000000000000e+004	 -1.2999562932715202e+002	  5.4015131269894539e+002	
  1.1100000000000000e+004	 -1.2208956395187631e+002	  5.3503071907702702e+002	
  1.1130000000000000e+004	 -1.2958326790640618e+002	  5.5130527902656706e+002	
  1.1160000000000000e+004	 -1.2985220532493130e+002	  5.7194347098051992e+002	
  1.1190000000000000e+004	 -1.2191029071612134e+002	  5.5996575760660357e+002	
  1.1220000000000000e+004	 -1.1852198578183327e+002	  5.4718655235960091e+002	
  1.1250000000000000e+004	 -1.3184218489899189e+002	  5.4513831746925723e+002	
  1.1280000000000000e+004	 -1.2657146018506918e+002	  5.4003999342028260e+002	
  1.1310000000000000e+004	 -1.2791602635686679e+002	  5.2367638193292385e+002	
  1.1340000000000000e+004	 -1.3356325097026803e+002	  5.4335724465949374e+002	
  1.1370000000000000e+004	 -1.3496158766775090e+002	  5.4444815032310339e+002	
  1.1400000000000000e+004	 -1.3028249751385979e+002	  5.4420325780598273e+002	
  1.1430000000000000e+004	 -1.2476076949574019e+002	  5.3950568009612596e+002	
  1.1460000000000000e+004	 -1.1859369525920833e+002	  5.4703071133810931e+002	
  1.1490000000000000e+004	 -1.0891279333149996e+002	  5.1802147122982842e+002	
  1.1520000000000000e+004	 -1.3820646014033520e+002	  5.4642960021115584e+002	
  1.1550000000000000e+004	 -1.4188158066051250e+002	  5.5008079257867701e+002	
  1.1580000000000000e+004	 -1.4713439656318437e+002	  5.5146112575683924e+002	
  1.1610000000000000e+004	 -1.6253417994376241e+002	  5.5370973844628384e+002	
  1.1640000000000000e+004	 -1.3953307579316896e+002	  5.4524963381731527e+002	
  1.1670000000000000e+004	 -1.0991672855291941e+002	  5.3796949452154706e+002	
  1.1700000000000000e+004	 -1.0412616020646465e+002	  5.3349455196856763e+002	
  1.1730000000000000e+004	 -1.1572528835543775e+002	  5.3514204411891421e+002	
  1.1760000000000000e+004	 -1.0514798040467652e+002	  5.2668194270990841e+002	
  1.1790000000000000e+004	 -1.0941476027314846e+002	  5.2686004646869810e+002	
  1.1820000000000000e+004	 -1.2822081407497831e+002	  5.4749824235028666e+002	
  1.1850000000000000e+004	 -1.2933230253547086e+002	  5.5662625103206460e+002	
  1.1880000000000000e+004	 -1.2963708847243251e+002	  5.7748707305117330e+002	
  1.1910000000000000e+004	 -1.3107888931149674e+002	  5.7321928561934783e+002	
  1.1940000000000000e+004	 -1.3274250566426315e+002	  5.6829491550570322e+002	
  1.1970000000000000e+004	 -1.3440612201702956e+002	  5.6337054539205838e+002	
  1.2000000000000000e+004	 -1.3606973836979594e+002	  5.5844617527841365e+002	
  1.2030000000000000e+004	 -1.4007094055303961e+002	  5.5553534014311731e+002	
  1.2060000000000000e+004	 -1.3731008177051407e+002	  5.5627001924132935e+002	
  1.2090000000000000e+004	 -1.3705910060882530e+002	  5.3414018979250102e+002	
  1.2120000000000000e+004	 -1.3236204161020132e+002	  5.2937582061341732e+002	
  1.2150000000000000e+004	 -1.2357756813543017e+002	  5.4373572228319165e+002	
  1.2180000000000000e+004	 -1.2146210845494079e+002	  5.2621440668767355e+002	
  1.2210000000000000e+004	 -1.1816342186469990e+002	  5.3908266758394382e+002	
  1.2240000000000000e+004	 -6.6639615357976282e+001	  6.0936829035568428e+002	
  1.2270000000000000e+004	 -7.8184966059068969e+001	  5.8895272492153003e+002	
  1.2300000000000000e+004	 -8.0425921748938904e+001	  5.8296015502072373e+002	
  1.2330000000000000e+004	 -8.4160847898722139e+001	  5.7297253851937990e+002	
  1.2360000000000000e+004	 -8.7895774048505402e+001	  5.6298492201803617e+002	
  1.2390000000000000e+004	 -9.1630700198288636e+001	  5.5299730551669234e+002	
  1.2420000000000000e+004	 -9.7188209387009195e+001	  5.3763554894962488e+002	
  1.2450000000000000e+004	 -9.7098575336220236e+001	  5.3396207726014961e+002	
  1.2480000000000000e+004	 -1.2838215097704619e+002	  5.3229232257461661e+002	
  1.2510000000000000e+004	 -1.2981637885973535e+002	  5.3852608443205179e+002	
  1.2540000000000000e+004	 -1.2623084489816262e+002	  5.4331271773935305e+002	
  1.2570000000000000e+004	 -1.3232619342769632e+002	  5.4876725308211633e+002	
  1.2600000000000000e+004	 -1.2927853030533421e+002	  5.4475983459067606e+002	
  1.2630000000000000e+004	 -1.2676865616674326e+002	  5.5266335890913820e+002	
  1.2660000000000000e+004	 -1.2596193866814082e+002	  5.3841476941003384e+002	
  1.2690000000000000e+004	 -1.3438788497913185e+002	  5.5355388422839712e+002	
  1.2720000000000000e+004	 -1.2784434466077586e+002	  5.3641106395782742e+002	
  1.2750000000000000e+004	 -1.3483604904174129e+002	  5.4809934948800719e+002	
  1.2780000000000000e+004	 -1.3761485547139225e+002	  5.4999172897908636e+002	
  1.2810000000000000e+004	 -1.4173818252250709e+002	  5.4553906167722744e+002	
  1.2840000000000000e+004	 -1.4200710957756974e+002	  5.5232940663464774e+002	
  1.2870000000000000e+004	 -1.6683677024809225e+002	  5.4943515030349931e+002	
  1.2900000000000000e+004	 -1.3187806150654376e+002	  5.6012160112882668e+002	
  1.2930000000000000e+004	 -1.5590093740318051e+002	  5.4932384253461987e+002	
  1.2960000000000000e+004	 -1.5097088544320101e+002	  5.4898988253995549e+002	
  1.2990000000000000e+004	 -1.2721682313333305e+002	  5.5455575154638700e+002	
  1.3020000000000000e+004	 -1.4523407679788849e+002	  5.4264481694779147e+002	
  1.3050000000000000e+004	 -1.3447751637531326e+002	  5.4475983459067606e+002	
  1.3080000000000000e+004	 -1.1628102602670032e+002	  5.4676353960818199e+002	
  1.3110000000000000e+004	 -1.6074139359067658e+002	  5.4231086621538600e+002	
  1.3140000000000000e+004	 -1.4200710957756974e+002	  5.5411047441538460e+002	
  1.3170000000000000e+004	 -1.0471777603284890e+002	  5.5589153898408017e+002	
  1.3200000000000000e+004	 -1.1179914086909682e+002	  5.1258920587269938e+002	
  1.3230000000000000e+004	 -1.0086330905023368e+002	  5.7091936018680747e+002	
  1.3260000000000000e+004	 -1.2192822158667219e+002	  4.5514957546912700e+002	
  1.3290000000000000e+004	 -1.4523407679788849e+002	  4.6628127726847504e+002	
  1.3320000000000000e+004	 -1.4971594910008733e+002	  4.7463006711490164e+002	
  1.3350000000000000e+004	 -1.6101033264831958e+002	  4.9255211816191610e+002	
  1.3380000000000000e+004	 -1.7140829683061182e+002	  4.4056701930295350e+002	
  1.3410000000000000e+004	 -1.6513366079884469e+002	  4.0527950416114578e+002	
  1.3440000000000000e+004	 -1.9023225938623952e+002	  3.9737601603915618e+002	
  1.3470000000000000e+004	 -1.9336956406676265e+002	  3.4205138460438616e+002	
  1.3500000000000000e+004	 -1.7355959980182638e+002	  2.9774720952493300e+002	
  1.3530000000000000e+004	 -1.5688698779958398e+002	  2.6212571195343412e+002	
  1.3560000000000000e+004	 -1.7391816856513830e+002	  2.3329457113183904e+002	
  1.3590000000000000e+004	 -1.9480379135113026e+002	  1.9355438207768648e+002	
  1.3620000000000000e+004	 -2.2761126518300031e+002	  1.7296069885750029e+002	
  1.3650000000000000e+004	 -2.4777975456111042e+002	  1.4067877938576288e+002	
  1.3680000000000000e+004	 -2.7897373681898063e+002	  1.1307213067817143e+002	
  1.3710000000000000e+004	 -3.1321539008606049e+002	  8.5020245227396870e+001	
  1.3740000000000000e+004	 -3.0353451165829250e+002	  4.8062986229301835e+001	
  1.3770000000000000e+004	 -2.9555673358755212e+002	  3.1031413789818316e+001	
  1.3800000000000000e+004	 -3.2943984875558249e+002	  5.5400835568509965e+000	
  1.3830000000000000e+004	 -3.4960835509639088e+002	 -1.6723190261079285e+001	
  1.3860000000000000e+004	 -3.7354165891329387e+002	 -3.6871937741056868e+001	
  1.3890000000000000e+004	 -4.1029318949381667e+002	 -6.1695712636836717e+001	
  1.3920000000000000e+004	 -4.4740326367740983e+002	 -7.6612180443215365e+001	
  1.3950000000000000e+004	 -4.7393605366491863e+002	 -9.7985096425752616e+001	
  1.3980000000000000e+004	 -4.7026090740955084e+002	 -1.3138021595320922e+002	
  1.4010000000000000e+004	 -4.4767217818578490e+002	 -1.8013713775196641e+002	
  1.4040000000000000e+004	 -4.6398625768116813e+002	 -1.7056381878298399e+002	
  1.4070000000000000e+004	 -4.6228313667896197e+002	 -1.7167699377072523e+002	
  1.4100000000000000e+004	 -4.8908485720164947e+002	 -2.1041536985051474e+002	
  1.4130000000000000e+004	 -5.2000991488498209e+002	 -2.3445983816530082e+002	
  1.4160000000000000e+004	 -5.4851474483154254e+002	 -2.5705722272975709e+002	
  1.4190000000000000e+004	 -5.5021786036248398e+002	 -2.7364346976133425e+002	
  1.4220000000000000e+004	 -5.6599413731066431e+002	 -2.9000707830111611e+002	
  1.4250000000000000e+004	 -5.7854343667851640e+002	 -2.8622231030862014e+002	
  1.4280000000000000e+004	 -5.8051546670191829e+002	 -3.0269722148629086e+002	
  1.4310000000000000e+004	 -5.8786576091250970e+002	 -2.9935772703937329e+002	
  1.4340000000000000e+004	 -5.9593317726510043e+002	 -2.9412582384407074e+002	
  1.4370000000000000e+004	 -5.7786024346829151e+002	 -2.9737507687427785e+002	
  1.4400000000000000e+004	 -5.4276000463055118e+002	 -2.8522046088811550e+002	
  1.4430000000000000e+004	 -5.4040367914423575e+002	 -2.8556297485103102e+002	
  1.4460000000000000e+004	 -5.5072352473833075e+002	 -2.8898811448018677e+002	
  1.4490000000000000e+004	 -5.6104337033242564e+002	 -2.9241325410934246e+002	
  1.4520000000000000e+004	 -5.7136321592652052e+002	 -2.9583839373849821e+002	
  1.4550000000000000e+004	 -5.6870119464277354e+002	 -2.9690874940783408e+002	
  1.4580000000000000e+004	 -5.6463163638593392e+002	 -3.0423340524049524e+002	
  1.4610000000000000e+004	 -5.6160187743242500e+002	 -2.9599593603325468e+002	
  1.4640000000000000e+004	 -5.5742475478782069e+002	 -2.9463788104675405e+002	
  1.4670000000000000e+004	 -5.5640287825871815e+002	 -2.9815550055300855e+002	
  1.4700000000000000e+004	 -5.7309345395775085e+002	 -3.0548017209887956e+002	
  1.4730000000000000e+004	 -5.8347351429856133e+002	 -3.3112762465463601e+002	
  1.4760000000000000e+004	 -5.8838441251466270e+002	 -3.4973498160621216e+002	
  1.4790000000000000e+004	 -5.8952494159400862e+002	 -3.4672032512155295e+002	
  1.4820000000000000e+004	 -5.9066547067335455e+002	 -3.4370566863689373e+002	
  1.4850000000000000e+004	 -5.9180599975270047e+002	 -3.4069101215223452e+002	
  1.4880000000000000e+004	 -5.9294652883204628e+002	 -3.3767635566757531e+002	
  1.4910000000000000e+004	 -5.9408705791139232e+002	 -3.3466169918291604e+002	
  1.4940000000000000e+004	 -5.9522758699073813e+002	 -3.3164704269825688e+002	
  1.4970000000000000e+004	 -5.9636811607008406e+002	 -3.2863238621359767e+002	
  1.5000000000000000e+004	 -5.9750864514942987e+002	 -3.2561772972893846e+002	
  1.5030000000000000e+004	 -6.0220782593069498e+002	 -3.1599962736477443e+002	
  1.5060000000000000e+004	 -6.0849142982529600e+002	 -3.1376216167924719e+002	
  1.5090000000000000e+004	 -5.8255023676769815e+002	 -3.0234658426254771e+002	
  1.5120000000000000e+004	 -5.6363665668410215e+002	 -2.8789208874560342e+002	
  1.5150000000000000e+004	 -5.5993460752345584e+002	 -2.9104233779413414e+002	
  1.5180000000000000e+004	 -5.7623973737001711e+002	 -2.9188834808777244e+002	
  1.5210000000000000e+004	 -5.8061406914899021e+002	 -2.9074178469067061e+002	
  1.5240000000000000e+004	 -5.8912966223277181e+002	 -3.0250799213787502e+002	
  1.5270000000000000e+004	 -5.9980553472881604e+002	 -3.0411097368536332e+002	
  1.5300000000000000e+004	 -5.8196759475789077e+002	 -2.8960633170881385e+002	
  1.5330000000000000e+004	 -5.5159829387564173e+002	 -2.8644492685542463e+002	
  1.5360000000000000e+004	 -5.7107659349353230e+002	 -2.8028909529083950e+002	
  1.5390000000000000e+004	 -6.0962983686115638e+002	 -2.6286797155780459e+002	
  1.5420000000000000e+004	 -6.1507085076866838e+002	 -2.2935038785046089e+002	
  1.5450000000000000e+004	 -6.2407049212433390e+002	 -2.4043756677676001e+002	
  1.5480000000000000e+004	 -6.5454736734463211e+002	 -2.6384756922474611e+002	
  1.5510000000000000e+004	 -6.2947565806049795e+002	 -3.3464523444185340e+002	
  1.5540000000000000e+004	 -5.9782452820560468e+002	 -3.7290493685487860e+002	
  1.5570000000000000e+004	 -4.8888765467622869e+002	 -3.6922034800357005e+002	
  1.5600000000000000e+004	 -4.9473815495381679e+001	 -6.5012962149031551e+001	
  1.5630000000000000e+004	 -7.2365019321080961e+000	 -4.3762508057966734e+001	
  1.5660000000000000e+004	 -2.4689192367635329e+001	  2.7035077620653066e+001	
  1.5690000000000000e+004	 -2.0978227771891028e+002	  3.6050777798724289e+002	
  1.5720000000000000e+004	 -3.9299308695554328e+002	  6.1700463677529081e+002	
  1.5750000000000000e+004	 -3.8225445971607780e+002	  7.9432164073272202e+002	
  1.5780000000000000e+004	 -3.8210209543691053e+002	  8.3112307843956080e+002	
  1.5810000000000000e+004	 -3.6320642192263188e+002	  8.5459985420675730e+002	
  1.5840000000000000e+004	 -3.2785325172132718e+002	  8.6084475345633768e+002	
  1.5870000000000000e+004	 -3.2237639278801731e+002	  8.9277049038785844e+002	
  1.5900000000000000e+004	 -3.2273494407722319e+002	  8.9422873882512670e+002	
  1.5930000000000000e+004	 -3.1831579903618103e+002	  8.8121577301154889e+002	
  1.5960000000000000e+004	 -3.4532368602155282e+002	  9.1620273999401275e+002	
  1.5990000000000000e+004	 -3.7282456679346376e+002	  9.4071476360966767e+002	
  1.6020000000000000e+004	 -3.6421036280762053e+002	  9.7461082164435652e+002	
  1.6050000000000000e+004	 -3.6412968698827473e+002	  9.7477779685214318e+002	
  1.6080000000000000e+004	 -3.6412968698827473e+002	  9.7477779685214318e+002	
  1.6110000000000000e+004	 -3.6412968698827473e+002	  9.7477779685214318e+002	
  1.6140000000000000e+004	 -3.6412968698827473e+002	  9.7477779685214318e+002	
  1.6170000000000000e+004	 -3.6412968698827473e+002	  9.7477779685214318e+002	
  1.6200000000000000e+004	 -3.6412968698827473e+002	  9.7477779685214318e+002	
  1.6230000000000000e+004	 -3.6412968698827473e+002	  9.7477779685214318e+002	
  1.6260000000000000e+004	 -3.6412968698827473e+002	  9.7477779685214318e+002	
  1.6290000000000000e+004	 -3.6412968698827473e+002	  9.7477779685214318e+002	
  1.6320000000000000e+004	 -3.6412968698827473e+002	  9.7477779685214318e+002	
  1.6350000000000000e+004	 -3.6412968698827473e+002	  9.7477779685214318e+002	
  1.6380000000000000e+004	 -3.6412968698827473e+002	  9.7477779685214318e+002	
  1.6410000000000000e+004	 -3.6412968698827473e+002	  9.7477779685214318e+002	
  1.6440000000000000e+004	 -3.6412968698827473e+002	  9.7477779685214318e+002	
  1.6470000000000000e+004	 -3.6412968698827473e+002	  9.7477779685214318e+002	
  1.6500000000000000e+004	 -3.5997912929810968e+002	  9.6226898034400676e+002	
  1.6530000000000000e+004	 -3.4732259802187980e+002	  9.2585393331830892e+002	
  1.6560000000000000e+004	 -3.5005654569078007e+002	  9.1054783282824724e+002	
  1.6590000000000000e+004	 -3.4969800487974720e+002	  9.0169811777598875e+002	
  1.6620000000000000e+004	 -3.4790524771152923e+002	  8.8444397327249897e+002	
  1.6650000000000000e+004	 -3.4373709414134976e+002	  8.6485215978261476e+002	
  1.6680000000000000e+004	 -3.4996691439142404e+002	  8.8255157891412762e+002	
  1.6710000000000000e+004	 -3.5126667235815114e+002	  8.8845138227868051e+002	
  1.6740000000000000e+004	 -3.5825842295110641e+002	  8.9858124099338124e+002	
  1.6770000000000000e+004	 -3.5279050946756286e+002	  9.0375748865485116e+002	
  1.6800000000000000e+004	 -3.1904185039109717e+002	  9.0125285420157013e+002	
  1.6830000000000000e+004	 -3.2065534682862926e+002	  9.2674446786586157e+002	
  1.6860000000000000e+004	 -3.3320464048980358e+002	  9.2006544434258740e+002	
  1.6890000000000000e+004	 -3.3100850960564583e+002	  9.2318232021204585e+002	
  1.6920000000000000e+004	 -3.1957968324587483e+002	  9.1294114560100002e+002	
  1.6950000000000000e+004	 -3.2961911386894155e+002	  9.1505617225355525e+002	
  1.6980000000000000e+004	 -3.3912073215447833e+002	  9.0403578248924009e+002	
  1.7010000000000000e+004	 -3.3342872604507829e+002	  9.0949031386123920e+002	
  1.7040000000000000e+004	 -3.2863310720875796e+002	  9.1316377985914005e+002	
  1.7070000000000000e+004	 -3.3064995955427560e+002	  9.1672592926947073e+002	
  1.7100000000000000e+004	 -3.3526631275037016e+002	  9.2340495545620911e+002	
  1.7130000000000000e+004	 -3.2796081813448183e+002	  9.1038085420025413e+002	
  1.7160000000000000e+004	 -3.2549578291932863e+002	  9.1026953287878928e+002	
  1.7190000000000000e+004	 -3.1917631402613381e+002	  9.0793187688424985e+002	
  1.7220000000000000e+004	 -3.2226881991274320e+002	  9.1349773202309132e+002	
  1.7250000000000000e+004	 -3.2459939698149191e+002	  9.2268139450308013e+002	
  1.7280000000000000e+004	 -3.2504758236928342e+002	  9.1383168490037428e+002	
  1.7310000000000000e+004	 -3.1662163814703769e+002	  9.1644763703768365e+002	
  1.7340000000000000e+004	 -3.2684035797625313e+002	  9.1522314951381634e+002	
  1.7370000000000000e+004	 -3.4378190361255776e+002	  9.3487061342958771e+002	
  1.7400000000000000e+004	 -3.4467828146056507e+002	  9.3531588420879416e+002	
  1.7430000000000000e+004	 -3.3764172187036149e+002	  9.2485207577027245e+002	
  1.7460000000000000e+004	 -3.3522148379517614e+002	  9.1939753686735344e+002	
  1.7490000000000000e+004	 -3.3405619848577783e+002	  9.1628065920713527e+002	
  1.7520000000000000e+004	 -3.3383210245000868e+002	  9.2039939592026894e+002	
  1.7550000000000000e+004	 -3.3405619550112016e+002	  9.2028807621095473e+002	
  1.7580000000000000e+004	 -3.3652123547732970e+002	  9.1878529048934547e+002	
  1.7610000000000000e+004	 -3.3871737070698248e+002	  9.1861832214348181e+002	
  1.7640000000000000e+004	 -3.3620751708574352e+002	  9.2140124595049997e+002	
  1.7670000000000000e+004	 -3.3862773170908031e+002	  9.2218046084686762e+002	
  1.7700000000000000e+004	 -3.4172022810432389e+002	  9.1895226917255354e+002	
  1.7730000000000000e+004	 -3.4360261155748339e+002	  9.2947173504159002e+002	
  1.7760000000000000e+004	 -3.4360262712787141e+002	  9.3219900852016474e+002	
  1.7790000000000000e+004	 -3.4207880244517747e+002	  9.3331217848599476e+002	
  1.7820000000000000e+004	 -3.3938964132102052e+002	  9.2234744113753300e+002	
  1.7850000000000000e+004	 -3.3759689184197885e+002	  9.1505617108157526e+002	
  1.7880000000000000e+004	 -3.3593859169391476e+002	  9.1444392858294850e+002	
  1.7910000000000000e+004	 -3.3858291130456922e+002	  9.1071480487866211e+002	
  1.7940000000000000e+004	 -3.4364743351461817e+002	  9.0676305079147028e+002	
  1.7970000000000000e+004	 -3.4001711152859923e+002	  9.1733817421703282e+002	
  1.8000000000000000e+004	 -3.3965857502953497e+002	  9.1850700397035564e+002	
  1.8030000000000000e+004	 -3.3876218606457553e+002	  9.2101163483824553e+002	
  1.8060000000000000e+004	 -3.3844844454121051e+002	  9.2273704619394630e+002	
  1.8090000000000000e+004	 -3.3912073583953088e+002	  9.2796895408821297e+002	
  1.8120000000000000e+004	 -3.4001711840685539e+002	  9.2869251563488308e+002	
  1.8150000000000000e+004	 -3.4216842577070014e+002	  9.3125281239505387e+002	
  1.8180000000000000e+004	 -3.2576469548145673e+002	  8.9735675419842539e+002	
  1.8210000000000000e+004	 -3.1810067038423176e+002	  8.8466660536076745e+002	
  1.8240000000000000e+004	 -3.4015158056963082e+002	  9.1472221919432627e+002	
  1.8270000000000000e+004	 -3.4799488304548220e+002	  9.0737528877592899e+002	
  1.8300000000000000e+004	 -3.3791061698584610e+002	  9.1861831840539685e+002	
  1.8330000000000000e+004	 -3.3575931345566880e+002	  9.2084466244603971e+002	
  1.8360000000000000e+004	 -3.3369765652951384e+002	  9.2273705032012072e+002	
  1.8390000000000000e+004	 -3.4051012337405075e+002	  9.3192071413196174e+002	
  1.8420000000000000e+004	 -3.4131686620397642e+002	  9.3141978835730117e+002	
  1.8450000000000000e+004	 -3.4091348481919056e+002	  9.2724539182794103e+002	
  1.8480000000000000e+004	 -3.4391637010262315e+002	  9.2401720080006089e+002	
  1.8510000000000000e+004	 -3.4037566540457908e+002	  9.1962016854862577e+002	
  1.8540000000000000e+004	 -3.3817954009093137e+002	  9.1722685669400960e+002	
  1.8570000000000000e+004	 -3.4028604205386546e+002	  9.1043651213621592e+002	
  1.8600000000000000e+004	 -3.3934484307675882e+002	  9.1555709779090262e+002	
  1.8630000000000000e+004	 -3.3997228171223668e+002	  9.1789476260645858e+002	
  1.8660000000000000e+004	 -3.4154095537629291e+002	  9.1750514779916591e+002	
  1.8690000000000000e+004	 -3.4059975356418721e+002	  9.1644763925503935e+002	
  1.8720000000000000e+004	 -3.3970338126411451e+002	  9.1689290077206238e+002	
  1.8750000000000000e+004	 -3.4104795417150370e+002	  9.2084466115790451e+002	
  1.8780000000000000e+004	 -3.3714870508938384e+002	  9.0036231697243454e+002	
  1.8810000000000000e+004	 -3.3625232441654026e+002	  8.9880387500129143e+002	
  1.8840000000000000e+004	 -3.4499202464450883e+002	  9.1093744248165387e+002	
  1.8870000000000000e+004	 -3.4436455862961100e+002	  9.1594670997469677e+002	
  1.8900000000000000e+004	 -3.3625232589951668e+002	  9.1906358992710443e+002	
  1.8930000000000000e+004	 -3.3826917270651745e+002	  9.2017675496988045e+002	
  1.8960000000000000e+004	 -3.4015157109907386e+002	  9.1973149175617289e+002	
  1.8990000000000000e+004	 -3.4284070704757585e+002	  9.1516749024969499e+002	
  1.9020000000000000e+004	 -3.3194969994075353e+002	  9.1822870930633394e+002	
  1.9050000000000000e+004	 -3.3638677464700766e+002	  9.2457378765340422e+002	
  1.9080000000000000e+004	 -3.3320463009618061e+002	  9.2941607845403303e+002	
  1.9110000000000000e+004	 -3.3616268645621534e+002	  9.3069622705034885e+002	
  1.9140000000000000e+004	 -3.4364745125352812e+002	  9.1566841884718303e+002	
  1.9170000000000000e+004	 -3.4355781590400812e+002	  9.1717120157587522e+002	
  1.9200000000000000e+004	 -3.3405619797646261e+002	  9.1650328977458616e+002	
  1.9230000000000000e+004	 -3.2760226614204180e+002	  9.1522314698490459e+002	
  1.9260000000000000e+004	 -3.3481811211106918e+002	  9.1327509559841747e+002	
  1.9290000000000000e+004	 -3.3459402641864915e+002	  9.1433261094401610e+002	
  1.9320000000000000e+004	 -3.3078441261657127e+002	  9.1533446487095807e+002	
  1.9350000000000000e+004	 -3.2988803168339251e+002	  9.1672592813090489e+002	
  1.9380000000000000e+004	 -3.3535594720635180e+002	  9.1689290557393690e+002	
  1.9410000000000000e+004	 -3.4790524748650341e+002	  9.1539012444598188e+002	
  1.9440000000000000e+004	 -3.4154095987688459e+002	  9.1622500476436403e+002	
  1.9470000000000000e+004	 -3.3365283275954539e+002	  9.1889661163134838e+002	
  1.9500000000000000e+004	 -3.3320465728429087e+002	  9.2190217738864374e+002	
  1.9530000000000000e+004	 -3.3351836652450874e+002	  9.1711553614138791e+002	
  1.9560000000000000e+004	 -3.3275644952312575e+002	  9.1978714664842664e+002	
  1.9590000000000000e+004	 -3.3961374804182299e+002	  9.2585393354095538e+002	
  1.9620000000000000e+004	 -3.4275107023470997e+002	  9.2078899744890350e+002	
  1.9650000000000000e+004	 -3.3983783443880981e+002	  9.2257007716778514e+002	
  1.9680000000000000e+004	 -3.3665569377277376e+002	  9.3492627635078861e+002	
  1.9710000000000000e+004	 -3.4180987367500728e+002	  9.3141978675355915e+002	
  1.9740000000000000e+004	 -3.3938965605464062e+002	  9.3336783799944078e+002	
  1.9770000000000000e+004	 -3.3535594653988750e+002	  9.2084466385366761e+002	
  1.9800000000000000e+004	 -3.3696942929395379e+002	  9.1834002836519244e+002	
  1.9830000000000000e+004	 -3.2437530578229655e+002	  9.0386880521058288e+002	
  1.9860000000000000e+004	 -3.3033622678972665e+002	  9.0414710115110358e+002	
  1.9890000000000000e+004	 -3.3428028961922200e+002	  9.0097455925127110e+002	
  1.9920000000000000e+004	 -3.3517666633312581e+002	  9.0030666128420785e+002	
  1.9950000000000000e+004	 -3.3410101222753985e+002	  9.0648475794037108e+002	
  1.9980000000000000e+004	 -3.3531112893333648e+002	  9.0175378348681193e+002	
  2.0010000000000000e+004	 -3.3831399460649470e+002	  9.0910070555827156e+002	
  2.0040000000000000e+004	 -3.4920500089614023e+002	  9.2880383741046444e+002	
  2.0070000000000000e+004	 -3.3840363589749575e+002	  9.0620646315873523e+002	
  2.0100000000000000e+004	 -3.4010677056706618e+002	  9.1845134429384836e+002	
  2.0130000000000000e+004	 -3.4194432442625964e+002	  9.3370178580919605e+002	
  2.0160000000000000e+004	 -3.3840362799395518e+002	  9.5173515409128106e+002	
  2.0190000000000000e+004	 -3.4310962086401014e+002	  9.5056632489033689e+002	
  2.0220000000000000e+004	 -3.4454382970570134e+002	  9.2312666178499444e+002	
  2.0250000000000000e+004	 -3.4494720429858336e+002	  9.1878529836893392e+002	
  2.0280000000000000e+004	 -3.4821898172402592e+002	  9.1605803003166511e+002	
  2.0310000000000000e+004	 -3.4642621072657084e+002	  9.1694856519162659e+002	
  2.0340000000000000e+004	 -3.4418528677815391e+002	  9.1455524526793454e+002	
  2.0370000000000000e+004	 -3.4154096270152752e+002	  9.2234744534574895e+002	
  2.0400000000000000e+004	 -3.4185470156430000e+002	  9.1672592882605090e+002	
  2.0430000000000000e+004	 -3.4472311175506366e+002	  9.0626211932665171e+002	
  2.0460000000000000e+004	 -3.4225805426226714e+002	  9.1422129605193300e+002	
  2.0490000000000000e+004	 -3.4033085928444791e+002	  9.1650329661129615e+002	
  2.0520000000000000e+004	 -3.3921037564248115e+002	  9.1505617299093353e+002	
  2.0550000000000000e+004	 -3.3952410438080909e+002	  9.1394300091754644e+002	
  2.0580000000000000e+004	 -3.3992747831198369e+002	  9.0587251001409277e+002	
  2.0610000000000000e+004	 -3.4391637010262315e+002	  9.1466655930557249e+002	
  2.0640000000000000e+004	 -3.3419066292791911e+002	  9.2067768726009888e+002	
  2.0670000000000000e+004	 -3.3284608235752660e+002	  9.2540866160091502e+002	
  2.0700000000000000e+004	 -3.3531112441260257e+002	  9.1505617678714293e+002	
  2.0730000000000000e+004	 -3.3782098680739102e+002	  9.1872963927699675e+002	
  2.0760000000000000e+004	 -3.3324944940594116e+002	  9.3598378802100558e+002	
  2.0790000000000000e+004	 -3.1406695931015463e+002	  9.3080754254536475e+002	
  2.0820000000000000e+004	 -3.1989342152850548e+002	  8.9346065320188086e+002	
  2.0850000000000000e+004	 -3.3714870668253769e+002	  8.6195791851046329e+002	
  2.0880000000000000e+004	 -3.7641008690150613e+002	  8.5455532492436510e+002	
  2.0910000000000000e+004	 -3.8268473783257002e+002	  8.1765370754672881e+002	
  2.0940000000000000e+004	 -3.8725626170447629e+002	  7.7357214404854199e+002	
  2.0970000000000000e+004	 -3.9164851253402213e+002	  7.3399890865066584e+002	
  2.1000000000000000e+004	 -3.9151406258699632e+002	  6.8602124064200291e+002	
  2.1030000000000000e+004	 -3.9308272446121225e+002	  6.4277454409989343e+002	
  2.1060000000000000e+004	 -3.9415836743272291e+002	  6.0019575186122188e+002	
  2.1090000000000000e+004	 -3.9465138068792282e+002	  5.5978764684720534e+002	
  2.1120000000000000e+004	 -3.6287476515750421e+002	  5.2717173947729577e+002	
  2.1150000000000000e+004	 -3.3154634358259028e+002	  4.9483412236975971e+002	
  2.1180000000000000e+004	 -3.0133838123579005e+002	  4.6121636598077441e+002	
  2.1210000000000000e+004	 -2.7229570969247465e+002	  4.2403644632903325e+002	
  2.1240000000000000e+004	 -2.4625593069322250e+002	  3.8752443536636531e+002	
  2.1270000000000000e+004	 -2.2147106853535897e+002	  3.5067848059741044e+002	
  2.1300000000000000e+004	 -1.9852379096701230e+002	  3.1104958586522906e+002	
  2.1330000000000000e+004	 -1.7965500273247352e+002	  2.7275650468515641e+002	
  2.1360000000000000e+004	 -1.7772778126325088e+002	  2.3346156133150726e+002	
  2.1390000000000000e+004	 -1.9995798358646863e+002	  2.0117962374724777e+002	
  2.1420000000000000e+004	 -2.2810426465767029e+002	  1.7435219580323570e+002	
  2.1450000000000000e+004	 -2.4710749203009209e+002	  1.4040047731707540e+002	
  2.1480000000000000e+004	 -2.8928209554587761e+002	  1.2348026105911049e+002	
  2.1510000000000000e+004	 -3.1406695651727739e+002	  8.1235411997894133e+001	
  2.1540000000000000e+004	 -3.1343948395223896e+002	  3.3090694458160705e+001	
  2.1570000000000000e+004	 -3.3656606215919180e+002	  1.9588877495197252e-001	
  2.1600000000000000e+004	 -3.5870660879692718e+002	 -2.6797909881352542e+001	
  2.1630000000000000e+004	 -3.9689233281765462e+002	 -4.5777348059557383e+001	
  2.1660000000000000e+004	 -4.3534696661736808e+002	 -6.0860809583520812e+001	
  2.1690000000000000e+004	 -4.7156066450461839e+002	 -8.3736523607929286e+001	
  2.1720000000000000e+004	 -4.8043480569382592e+002	 -1.1946930398846015e+002	
  2.1750000000000000e+004	 -4.6075930288604593e+002	 -1.6188111090441399e+002	
  2.1780000000000000e+004	 -4.7492207304197456e+002	 -1.8581428888397542e+002	
  2.1810000000000000e+004	 -5.0436811891290108e+002	 -2.1336526311560664e+002	
  2.1840000000000000e+004	 -5.3605509090024248e+002	 -2.4202943099798821e+002	
  2.1870000000000000e+004	 -5.6254308152986619e+002	 -2.5694590631583515e+002	
  2.1900000000000000e+004	 -5.5272772651427454e+002	 -2.7486796167341697e+002	
  2.1930000000000000e+004	 -5.5837491526411463e+002	 -2.9329093833590889e+002	
  2.1960000000000000e+004	 -5.2243014159128256e+002	 -2.7971025707501479e+002	
  2.1990000000000000e+004	 -5.7406153284848472e+002	 -2.9089762007988207e+002	
  2.2020000000000000e+004	 -5.7260667765620781e+002	 -2.9532699261379912e+002	
  2.2050000000000000e+004	 -5.7086085142547552e+002	 -3.0064223965449963e+002	
  2.2080000000000000e+004	 -5.6911502519474300e+002	 -3.0595748669520003e+002	
  2.2110000000000000e+004	 -5.6736919896401082e+002	 -3.1127273373590054e+002	
  2.2140000000000000e+004	 -5.6562337273327853e+002	 -3.1658798077660100e+002	
  2.2170000000000000e+004	 -5.6387754650254601e+002	 -3.2190322781730146e+002	
  2.2200000000000000e+004	 -5.6595828079680155e+002	 -3.3344301745574194e+002	
  2.2230000000000000e+004	 -5.6485642288831332e+002	 -3.3398590480859400e+002	
  2.2260000000000000e+004	 -5.4086106172455789e+002	 -3.2653622387180218e+002	
  2.2290000000000000e+004	 -5.6070549612090144e+002	 -3.0687163898841766e+002	
  2.2320000000000000e+004	 -5.6872808166176071e+002	 -3.0804046255433860e+002	
  2.2350000000000000e+004	 -6.2295898450620166e+002	 -3.4989569216138187e+002	
  2.2380000000000000e+004	 -6.2340717859676590e+002	 -3.4906081398369008e+002	
  2.2410000000000000e+004	 -5.8808985389101986e+002	 -3.0909797249335901e+002	
  2.2440000000000000e+004	 -5.9378186785213381e+002	 -3.0937626140952415e+002	
  2.2470000000000000e+004	 -5.9454379175509314e+002	 -3.1338368173586070e+002	
  2.2500000000000000e+004	 -5.7751259163459190e+002	 -3.0820742754608176e+002	
  2.2530000000000000e+004	 -5.7692994951363869e+002	 -3.0536884547192983e+002	
  2.2560000000000000e+004	 -5.8670047642334998e+002	 -3.1394026285080207e+002	
  2.2590000000000000e+004	 -5.4448105192238609e+002	 -2.9173249779347259e+002	
  2.2620000000000000e+004	 -5.1624512558177139e+002	 -2.7553586938570010e+002	
  2.2650000000000000e+004	 -5.7249287616897220e+002	 -2.8750244085851222e+002	
  2.2680000000000000e+004	 -5.6388764359188553e+002	 -2.8527612338731825e+002	
  2.2710000000000000e+004	 -5.7258251881606566e+002	 -2.3011848200392598e+002	
  2.2740000000000000e+004	 -5.6473921009506262e+002	 -2.8388465009135541e+002	
  2.2770000000000000e+004	 -5.6989338102705096e+002	 -2.9317961180025492e+002	
  2.2800000000000000e+004	 -5.6236379846685668e+002	 -2.9896811799787031e+002	
  2.2830000000000000e+004	 -5.7692995063345006e+002	 -2.9596255032722149e+002	
  2.2860000000000000e+004	 -5.6998301464435679e+002	 -2.8505346612833597e+002	
  2.2890000000000000e+004	 -5.5667179899828739e+002	 -2.8655625673593238e+002	
  2.2920000000000000e+004	 -5.6146742475125097e+002	 -2.6351360940381403e+002	
  2.2950000000000000e+004	 -5.3587581091371590e+002	 -2.4614813968536222e+002	
  2.2980000000000000e+004	 -5.4304683989266255e+002	 -2.5549877809805480e+002	
  2.3010000000000000e+004	 -5.5738889785055574e+002	 -2.7420005492343995e+002	
  2.3040000000000000e+004	 -5.7173095580844904e+002	 -2.9290133174882516e+002	
  2.3070000000000000e+004	 -5.8607301376634234e+002	 -3.1160260857421031e+002	
  2.3100000000000000e+004	 -6.0041507172423553e+002	 -3.3030388539959546e+002	
  2.3130000000000000e+004	 -5.5380337723751586e+002	 -2.7676035905586673e+002	
  2.3160000000000000e+004	 -5.4017843454484807e+002	 -2.7342083671988831e+002	
  2.3190000000000000e+004	 -5.2592601235823270e+002	 -2.6150989974160740e+002	
  2.3220000000000000e+004	 -5.2431253306506596e+002	 -2.6084201224204850e+002	
  2.3250000000000000e+004	 -5.3677218550196483e+002	 -2.6540602555879923e+002	
  2.3280000000000000e+004	 -5.4188154743213784e+002	 -2.6306834211776840e+002	
  2.3310000000000000e+004	 -5.5729925190858728e+002	 -2.7698298191321294e+002	
  2.3340000000000000e+004	 -5.4618417405711580e+002	 -2.7041527117221324e+002	
  2.3370000000000000e+004	 -5.3802712597152311e+002	 -2.6407020928139059e+002	
  2.3400000000000000e+004	 -5.1938244773788722e+002	 -2.5104610759157106e+002	
  2.3430000000000000e+004	 -5.7531647611664107e+002	 -2.9089762007988207e+002	
  2.3460000000000000e+004	 -5.7361335168272240e+002	 -2.9546161226558172e+002	
  2.3490000000000000e+004	 -5.6706978438981878e+002	 -2.8121302438166305e+002	
  2.3520000000000000e+004	 -5.3453125257292970e+002	 -2.6395888268054955e+002	
  2.3550000000000000e+004	 -5.2673275061816173e+002	 -2.5917223910652245e+002	
  2.3580000000000000e+004	 -5.2198195104438810e+002	 -2.5171400706069699e+002	
  2.3610000000000000e+004	 -5.2386434371269081e+002	 -2.5416298835912443e+002	
  2.3640000000000000e+004	 -5.3336596138918719e+002	 -2.5817039742629089e+002	
  2.3670000000000000e+004	 -5.4376393832416113e+002	 -2.6518337426359722e+002	
  2.3700000000000000e+004	 -5.5030750232838000e+002	 -2.7264161399800759e+002	
  2.3730000000000000e+004	 -5.5792671928249092e+002	 -2.6774365807804509e+002	
  2.3760000000000000e+004	 -5.4098517360385358e+002	 -2.5861563891834658e+002	
  2.3790000000000000e+004	 -5.5434121521311590e+002	 -2.7520191259180149e+002	
  2.3820000000000000e+004	 -5.5335519311813130e+002	 -2.7286425386598563e+002	
  2.3850000000000000e+004	 -5.8490771093265869e+002	 -2.9679742975018308e+002	
  2.3880000000000000e+004	 -5.8043716697383559e+002	 -2.9736105938539635e+002	
  2.3910000000000000e+004	 -5.7373135103560094e+002	 -2.9820650383821635e+002	
  2.3940000000000000e+004	 -5.6798409273430923e+002	 -2.9962487842554447e+002	
  2.3970000000000000e+004	 -5.7318308068778128e+002	 -3.0617033471552611e+002	
  2.4000000000000000e+004	 -5.7302173304453368e+002	 -2.7180674960550334e+002	
  2.4030000000000000e+004	 -5.7539714514165121e+002	 -2.9380300346765182e+002	
  2.4060000000000000e+004	 -5.7105866912457350e+002	 -2.8995142682705000e+002	
  2.4090000000000000e+004	 -5.6797512344444078e+002	 -2.8449689482956148e+002	
  2.4120000000000000e+004	 -5.6417448138487214e+002	 -2.8941710385545389e+002	
  2.4150000000000000e+004	 -5.6698911124691517e+002	 -2.8448576738032801e+002	
  2.4180000000000000e+004	 -5.7688513062112338e+002	 -2.9537256153048969e+002	
  2.4210000000000000e+004	 -5.8481807331655068e+002	 -2.9437071497534100e+002	
  2.4240000000000000e+004	 -5.9163056559488564e+002	 -3.0404417083794300e+002	
  2.4270000000000000e+004	 -5.9485752004953906e+002	 -3.1131317204055631e+002	
  2.4300000000000000e+004	 -5.7104971008317375e+002	 -2.7835218359030034e+002	
  2.4330000000000000e+004	 -5.7618595855437172e+002	 -3.2310164805816271e+002	
  2.4360000000000000e+004	 -5.7074493672274411e+002	 -2.9300152350681367e+002	
  2.4390000000000000e+004	 -5.6640647213164425e+002	 -2.9103119294246983e+002	
  2.4420000000000000e+004	 -5.6298229484334558e+002	 -2.5784757199434625e+002	
  2.4450000000000000e+004	 -5.6493957141964859e+002	 -2.5350816235187042e+002	
  2.4480000000000000e+004	 -6.1615547601692401e+002	 -2.9083082687650352e+002	
  2.4510000000000000e+004	 -3.8102144759443644e+002	 -4.1782313698953864e+001	
  2.4540000000000000e+004	 -4.5548859260686947e+002	 -1.4883472634603027e+002	
  2.4570000000000000e+004	 -5.2338030028155322e+002	 -2.3372515450580531e+002	
  2.4600000000000000e+004	 -5.7081664958917941e+002	 -2.4612587195408781e+002	
  2.4630000000000000e+004	 -4.5136524270284434e+002	 -1.8483468571478474e+002	
  2.4660000000000000e+004	 -5.3017484234513381e+002	 -2.6945794190090635e+002	
  2.4690000000000000e+004	 -5.3010313303520684e+002	 -2.4819638880769912e+002	
  2.4720000000000000e+004	 -5.5703034143511263e+002	 -2.8724641638210358e+002	
  2.4750000000000000e+004	 -5.6952586689914040e+002	 -3.0407756574540082e+002	
  2.4780000000000000e+004	 -5.7791597119366770e+002	 -2.8321675557397737e+002	
  2.4810000000000000e+004	 -5.8239786749735754e+002	 -3.1048943312187464e+002	
  2.4840000000000000e+004	 -5.8002566415928618e+002	 -3.0132432589893676e+002	
  2.4870000000000000e+004	 -5.7728850646151136e+002	 -2.9074920218016223e+002	
  2.4900000000000000e+004	 -5.7455134876373654e+002	 -2.8017407846138769e+002	
  2.4930000000000000e+004	 -5.7181419106596172e+002	 -2.6959895474261322e+002	
  2.4960000000000000e+004	 -5.6907703336818690e+002	 -2.5902383102383874e+002	
  2.4990000000000000e+004	 -5.8958680870489957e+002	 -2.6854515115213599e+002	
  2.5020000000000000e+004	 -5.8985572212128147e+002	 -3.0323154878471581e+002	
  2.5050000000000000e+004	 -6.1816335783925990e+002	 -3.2313504683896497e+002	
  2.5080000000000000e+004	 -6.4215045021539811e+002	 -2.8925013204730794e+002	
  2.5110000000000000e+004	 -6.6226517695660903e+002	 -1.4006290851918706e+002	
  2.5140000000000000e+004	 -6.2677364235111031e+002	 -6.6355339950074537e+001	
  2.5170000000000000e+004	 -5.8874699813093309e+002	  1.2617054945403165e+001	
  2.5200000000000000e+004	 -5.8492564409598936e+002	 -1.9819273848476604e+002	
  2.5230000000000000e+004	 -5.7116623510494560e+002	 -3.4356174078580187e+002	
  2.5260000000000000e+004	 -5.7433044981574017e+002	 -3.6625928818181700e+002	
  2.5290000000000000e+004	 -5.8803495573623491e+002	 -3.6052993793996444e+002	
  2.5320000000000000e+004	 -6.0326218453678462e+002	 -3.5416399322679479e+002	
  2.5350000000000000e+004	 -6.1848941333733433e+002	 -3.4779804851362525e+002	
  2.5380000000000000e+004	 -6.3371664213788404e+002	 -3.4143210380045559e+002	
  2.5410000000000000e+004	 -6.4894387093843375e+002	 -3.3506615908728605e+002	
  2.5440000000000000e+004	 -6.0530928882727233e+002	 -3.3576953956503934e+002	
  2.5470000000000000e+004	 -6.0112513629385501e+002	 -3.1254114636194129e+002	
  2.5500000000000000e+004	 -5.9379592661602044e+002	 -2.0397420707865032e+002	
  2.5530000000000000e+004	 -5.8646671693818587e+002	 -9.5407267795359360e+001	
  2.5560000000000000e+004	 -5.7913750726035130e+002	  1.3159671487931616e+001	
  2.5590000000000000e+004	 -5.5720962390157786e+002	 -1.9115750682119878e+002	
  2.5620000000000000e+004	 -5.5532722693726316e+002	 -2.2878267911434895e+002	
  2.5650000000000000e+004	 -5.8714867165726525e+002	 -3.9842994669755717e+002	
  2.5680000000000000e+004	 -5.7477863755983719e+002	 -3.6748378415031982e+002	
  2.5710000000000000e+004	 -5.7952944885404804e+002	 -3.3253020424039687e+002	
  2.5740000000000000e+004	 -5.7827451079729042e+002	 -2.8154700122371980e+002	
  2.5770000000000000e+004	 -5.9045289718671052e+002	 -3.1878064784663115e+002	
  2.5800000000000000e+004	 -6.1618236642447539e+002	 -3.9850788390694458e+002	
  2.5830000000000000e+004	 -5.9472306798697775e+002	 -3.8923514196796879e+002	
  2.5860000000000000e+004	 -5.9744750575668104e+002	 -3.6125988610521665e+002	
  2.5890000000000000e+004	 -5.9447279489486948e+002	 -3.5153687994569202e+002	
  2.5920000000000000e+004	 -5.9149808403305815e+002	 -3.4181387378616745e+002	
  2.5950000000000000e+004	 -5.8852337317124659e+002	 -3.3209086762664288e+002	
  2.5980000000000000e+004	 -5.7415117344444900e+002	 -3.0340967582105696e+002	
  2.6010000000000000e+004	 -5.7433044981574017e+002	 -2.8076774736669444e+002	
  2.6040000000000000e+004	 -5.8293569133676772e+002	 -3.2415917602905881e+002	
  2.6070000000000000e+004	 -5.8971230795223175e+002	 -3.1278255809872678e+002	
  2.6100000000000000e+004	 -5.8860079458425867e+002	 -3.0588091096486085e+002	
  2.6130000000000000e+004	 -5.9331575260738953e+002	 -3.1799220274273563e+002	
  2.6160000000000000e+004	 -5.8056924229912988e+002	 -3.0630391029692555e+002	
  2.6190000000000000e+004	 -5.7020711238559556e+002	 -2.9702007238578915e+002	
  2.6220000000000000e+004	 -5.7919957643895077e+002	 -3.1396697436991190e+002	
  2.6250000000000000e+004	 -5.7584533496940276e+002	 -2.9389206113950797e+002	
  2.6280000000000000e+004	 -5.7731838263559405e+002	 -2.9103257236796998e+002	
  2.6310000000000000e+004	 -5.9319708671932960e+002	 -3.0640011088896136e+002	
  2.6340000000000000e+004	 -6.0907579080306527e+002	 -3.2176764940995275e+002	
  2.6370000000000000e+004	 -6.2495449488680083e+002	 -3.3713518793094420e+002	
  2.6400000000000000e+004	 -6.4083319897053627e+002	 -3.5250272645193559e+002	
  2.6430000000000000e+004	 -6.5671190305427194e+002	 -3.6787026497292698e+002	
  2.6460000000000000e+004	 -6.7259060713800750e+002	 -3.8323780349391842e+002	
  2.6490000000000000e+004	 -6.8846931122174306e+002	 -3.9860534201490981e+002	
  2.6520000000000000e+004	 -6.1814543609330735e+002	 -3.4288271246957095e+002	
  2.6550000000000000e+004	 -5.8383206447474345e+002	 -3.0303118851240191e+002	
  2.6580000000000000e+004	 -5.9405077301263111e+002	 -3.1015547762436279e+002	
  2.6610000000000000e+004	 -6.1047243661684649e+002	 -2.8994030613056003e+002	
  2.6640000000000000e+004	 -6.5446668744279918e+002	 -7.3495363155758213e+001	
  2.6670000000000000e+004	 -6.4478293184682161e+002	 -1.0472826619450107e+002	
  2.6700000000000000e+004	 -6.2662589010436341e+002	 -1.6328995939214397e+002	
  2.6730000000000000e+004	 -6.0846884836190543e+002	 -2.2185165258978685e+002	
  2.6760000000000000e+004	 -5.9031180661944745e+002	 -2.8041334578742971e+002	
  2.6790000000000000e+004	 -5.7364920459992652e+002	 -3.0094957603464968e+002	
  2.6820000000000000e+004	 -5.6483780549019571e+002	 -2.8870467077170269e+002	
  2.6850000000000000e+004	 -5.5385716638081669e+002	 -3.1194769364435683e+002	
  2.6880000000000000e+004	 -5.4120029788721479e+002	 -2.8489762871476489e+002	
  2.6910000000000000e+004	 -5.3710384845981071e+002	 -2.6853402668624756e+002	
  2.6940000000000000e+004	 -4.9756459723201795e+002	 -2.1726135708481601e+002	
  2.6970000000000000e+004	 -4.7814904716607953e+002	 -1.9282723375499140e+002	
  2.7000000000000000e+004	 -4.7814904716607953e+002	 -1.9282723375499140e+002	
  2.7030000000000000e+004	 -4.7814904716607953e+002	 -1.9282723375499140e+002	
  2.7060000000000000e+004	 -4.7814904716607953e+002	 -1.9282723375499140e+002	
  2.7090000000000000e+004	 -4.7814904716607953e+002	 -1.9282723375499140e+002	
  2.7120000000000000e+004	 -4.7814904716607953e+002	 -1.9282723375499140e+002	
  2.7150000000000000e+004	 -4.7814904716607953e+002	 -1.9282723375499140e+002	
  2.7180000000000000e+004	 -4.7814904716607953e+002	 -1.9282723375499140e+002	
  2.7210000000000000e+004	 -4.7814904716607953e+002	 -1.9282723375499140e+002	
  2.7240000000000000e+004	 -4.8714137530073873e+002	 -2.0128537754392676e+002	
  2.7270000000000000e+004	 -5.1642350336954746e+002	 -2.2882801677407195e+002	
  2.7300000000000000e+004	 -5.4570563143835602e+002	 -2.5637065600421715e+002	
  2.7330000000000000e+004	 -5.7498775950716470e+002	 -2.8391329523436229e+002	
  2.7360000000000000e+004	 -5.7630248287215056e+002	 -2.7777332197595206e+002	
  2.7390000000000000e+004	 -5.5846455236760062e+002	 -2.9428165849165345e+002	
  2.7420000000000000e+004	 -5.3868768260303216e+002	 -3.0256022913092420e+002	
  2.7450000000000000e+004	 -5.6917834369944785e+002	 -3.2105599272261628e+002	
  2.7480000000000000e+004	 -5.9932148627917513e+002	 -3.3923150847829800e+002	
  2.7510000000000000e+004	 -6.0409021677206147e+002	 -3.2814433190389246e+002	
  2.7540000000000000e+004	 -5.8350936315744161e+002	 -3.2665268480385464e+002	
  2.7570000000000000e+004	 -5.9279584327131170e+002	 -3.2484933594219393e+002	
  2.7600000000000000e+004	 -5.9172948580603418e+002	 -3.2486747814726220e+002	
  2.7630000000000000e+004	 -5.9027536198974656e+002	 -3.2489221751780980e+002	
  2.7660000000000000e+004	 -5.8882123817345905e+002	 -3.2491695688835745e+002	
  2.7690000000000000e+004	 -5.8736711435717132e+002	 -3.2494169625890504e+002	
  2.7720000000000000e+004	 -5.8876214698635260e+002	 -3.2192170272911630e+002	
  2.7750000000000000e+004	 -5.8711280690339549e+002	 -3.0574732281341528e+002	
  2.7780000000000000e+004	 -5.3362589669332090e+002	 -2.9181042049604122e+002	
  2.7810000000000000e+004	 -5.4483064015103321e+002	 -3.2199962566936813e+002	
  2.7840000000000000e+004	 -5.6375318590283473e+002	 -3.6381032114711127e+002	
  2.7870000000000000e+004	 -5.6375318590283473e+002	 -3.6381032114711127e+002	
  2.7900000000000000e+004	 -5.6375318590283473e+002	 -3.6381032114711127e+002	
  2.7930000000000000e+004	 -5.6375318590283473e+002	 -3.6381032114711127e+002	
  2.7960000000000000e+004	 -5.6375318590283473e+002	 -3.6381032114711127e+002	
  2.7990000000000000e+004	 -5.6375318590283473e+002	 -3.6381032114711127e+002	
  2.8020000000000000e+004	 -5.6375318590283473e+002	 -3.6381032114711127e+002	
  2.8050000000000000e+004	 -5.6375318590283473e+002	 -3.6381032114711127e+002	
  2.8080000000000000e+004	 -5.6375318590283473e+002	 -3.6381032114711127e+002	
  2.8110000000000000e+004	 -5.6375318590283473e+002	 -3.6381032114711127e+002	
  2.8140000000000000e+004	 -5.6375318590283473e+002	 -3.6381032114711127e+002	
  2.8170000000000000e+004	 -5.6375318590283473e+002	 -3.6381032114711127e+002	
  2.8200000000000000e+004	 -5.6375318590283473e+002	 -3.6381032114711127e+002	
  2.8230000000000000e+004	 -5.6375318590283473e+002	 -3.6381032114711127e+002	
  2.8260000000000000e+004	 -5.6375318590283473e+002	 -3.6381032114711127e+002	
  2.8290000000000000e+004	 -5.6375318590283473e+002	 -3.6381032114711127e+002	
  2.8320000000000000e+004	 -5.6375318590283473e+002	 -3.6381032114711127e+002	
  2.8350000000000000e+004	 -5.6375318590283473e+002	 -3.6381032114711127e+002	
  2.8380000000000000e+004	 -5.6375318590283473e+002	 -3.6381032114711127e+002	
  2.8410000000000000e+004	 -5.6375318590283473e+002	 -3.6381032114711127e+002	
  2.8440000000000000e+004	 -5.6375318590283473e+002	 -3.6381032114711127e+002	
  2.8470000000000000e+004	 -5.6375318590283473e+002	 -3.6381032114711127e+002	
  2.8500000000000000e+004	 -5.6375318590283473e+002	 -3.6381032114711127e+002	
  2.8530000000000000e+004	 -5.6375318590283473e+002	 -3.6381032114711127e+002	
  2.8560000000000000e+004	 -5.6375318590283473e+002	 -3.6381032114711127e+002	
  2.8590000000000000e+004	 -5.6375318590283473e+002	 -3.6381032114711127e+002	
  2.8620000000000000e+004	 -5.6375318590283473e+002	 -3.6381032114711127e+002	
  2.8650000000000000e+004	 -5.6375318590283473e+002	 -3.6381032114711127e+002	
  2.8680000000000000e+004	 -5.6499996597989207e+002	 -3.5684597110900677e+002	
  2.8710000000000000e+004	 -5.7208407268593396e+002	 -3.1727507988607147e+002	
  2.8740000000000000e+004	 -5.7916817939197574e+002	 -2.7770418866313622e+002	
  2.8770000000000000e+004	 -5.8625228609801763e+002	 -2.3813329744020095e+002	
  2.8800000000000000e+004	 -5.4349503750849692e+002	 -2.8009985900182619e+002	
  2.8830000000000000e+004	 -5.4349503750849692e+002	 -2.8009985900182619e+002	
  2.8860000000000000e+004	 -5.4349503750849692e+002	 -2.8009985900182619e+002	
  2.8890000000000000e+004	 -5.4349503750849692e+002	 -2.8009985900182619e+002	
  2.8920000000000000e+004	 -5.4349503750849692e+002	 -2.8009985900182619e+002	
  2.8950000000000000e+004	 -5.4349503750849692e+002	 -2.8009985900182619e+002	
  2.8980000000000000e+004	 -5.4349503750849692e+002	 -2.8009985900182619e+002	
  2.9010000000000000e+004	 -5.4349503750849692e+002	 -2.8009985900182619e+002	
  2.9040000000000000e+004	 -5.4349503750849692e+002	 -2.8009985900182619e+002	
  2.9070000000000000e+004	 -5.4349503750849692e+002	 -2.8009985900182619e+002	
  2.9100000000000000e+004	 -5.4349503750849692e+002	 -2.8009985900182619e+002	
  2.9130000000000000e+004	 -5.4349503750849692e+002	 -2.8009985900182619e+002	
  2.9160000000000000e+004	 -5.4349503750849692e+002	 -2.8009985900182619e+002	
  2.9190000000000000e+004	 -5.4349503750849692e+002	 -2.8009985900182619e+002	
  2.9220000000000000e+004	 -5.4349503750849692e+002	 -2.8009985900182619e+002	
  2.9250000000000000e+004	 -5.5327188156201305e+002	 -2.8494001316486299e+002	
  2.9280000000000000e+004	 -5.8401134303996093e+002	 -2.9752097412067798e+002	
  2.9310000000000000e+004	 -5.8826913507247048e+002	 -2.9640781754509800e+002	
  2.9340000000000000e+004	 -5.8822431554348225e+002	 -2.9490503397738138e+002	
  2.9370000000000000e+004	 -5.8822431554348225e+002	 -2.9490503397738138e+002	
  2.9400000000000000e+004	 -5.8822431554348225e+002	 -2.9490503397738138e+002	
  2.9430000000000000e+004	 -5.8822431554348225e+002	 -2.9490503397738138e+002	
  2.9460000000000000e+004	 -5.8822431554348225e+002	 -2.9490503397738138e+002	
  2.9490000000000000e+004	 -5.8822431554348225e+002	 -2.9490503397738138e+002	
  2.9520000000000000e+004	 -5.8822431554348225e+002	 -2.9490503397738138e+002	
  2.9550000000000000e+004	 -5.8822431554348225e+002	 -2.9490503397738138e+002	
  2.9580000000000000e+004	 -5.8822431554348225e+002	 -2.9490503397738138e+002	
  2.9610000000000000e+004	 -5.8822431554348225e+002	 -2.9490503397738138e+002	
  2.9640000000000000e+004	 -5.8822431554348225e+002	 -2.9490503397738138e+002	
  2.9670000000000000e+004	 -5.8822431554348225e+002	 -2.9490503397738138e+002	
  2.9700000000000000e+004	 -5.8822431554348225e+002	 -2.9490503397738138e+002	
  2.9730000000000000e+004	 -5.8822431554348225e+002	 -2.9490503397738138e+002	
  2.9760000000000000e+004	 -5.9215046097997583e+002	 -3.0472320592687799e+002	
  2.9790000000000000e+004	 -6.0453841070044973e+002	 -2.9045235619137213e+002	
  2.9820000000000000e+004	 -6.0453841070044973e+002	 -2.9045235619137213e+002	
  2.9850000000000000e+004	 -6.0453841070044973e+002	 -2.9045235619137213e+002	
  2.9880000000000000e+004	 -6.0453841070044973e+002	 -2.9045235619137213e+002	
  2.9910000000000000e+004	 -6.0453841070044973e+002	 -2.9045235619137213e+002	
  2.9940000000000000e+004	 -6.0453841070044973e+002	 -2.9045235619137213e+002	
  2.9970000000000000e+004	 -6.0453841070044973e+002	 -2.9045235619137213e+002	
  3.0000000000000000e+004	 -6.0453841070044973e+002	 -2.9045235619137213e+002	
  3.0030000000000000e+004	 -6.0453841070044973e+002	 -2.9045235619137213e+002	
  3.0060000000000000e+004	 -6.0453841070044973e+002	 -2.9045235619137213e+002	
  3.0090000000000000e+004	 -6.0453841070044973e+002	 -2.9045235619137213e+002	
  3.0120000000000000e+004	 -6.0453841070044973e+002	 -2.9045235619137213e+002	
  3.0150000000000000e+004	 -5.8309193211985576e+002	 -3.1044433750126728e+002	
  3.0180000000000000e+004	 -5.5368660111625616e+002	 -3.3785540294150150e+002	
  3.0210000000000000e+004	 -5.4752873860972375e+002	 -3.4132426276087944e+002	
  3.0240000000000000e+004	 -5.5595469417655829e+002	 -3.3286416892598686e+002	
  3.0270000000000000e+004	 -5.6181956905238144e+002	 -3.2971549522282805e+002	
  3.0300000000000000e+004	 -5.6523861262418302e+002	 -3.3284032253179601e+002	
  3.0330000000000000e+004	 -5.6865765619598449e+002	 -3.3596514984076401e+002	
  3.0360000000000000e+004	 -5.7207669976778607e+002	 -3.3908997714973202e+002	
  3.0390000000000000e+004	 -5.7549574333958765e+002	 -3.4221480445870003e+002	
  3.0420000000000000e+004	 -5.7692994243215333e+002	 -3.3954319524985260e+002	
  3.0450000000000000e+004	 -5.8159112486403944e+002	 -3.1394026128723044e+002	
  3.0480000000000000e+004	 -5.8159112486403944e+002	 -3.1394026128723044e+002	
  3.0510000000000000e+004	 -5.8159112486403944e+002	 -3.1394026128723044e+002	
  3.0540000000000000e+004	 -5.8159112486403944e+002	 -3.1394026128723044e+002	
  3.0570000000000000e+004	 -5.8159112486403944e+002	 -3.1394026128723044e+002	
  3.0600000000000000e+004	 -5.8159112486403944e+002	 -3.1394026128723044e+002	
  3.0630000000000000e+004	 -5.8159112486403944e+002	 -3.1394026128723044e+002	
  3.0660000000000000e+004	 -5.8159112486403944e+002	 -3.1394026128723044e+002	
  3.0690000000000000e+004	 -5.8159112486403944e+002	 -3.1394026128723044e+002	
  3.0720000000000000e+004	 -5.8159112486403944e+002	 -3.1394026128723044e+002	
  3.0750000000000000e+004	 -5.8159112486403944e+002	 -3.1394026128723044e+002	
  3.0780000000000000e+004	 -5.8159112486403944e+002	 -3.1394026128723044e+002	
  3.0810000000000000e+004	 -5.8159112486403944e+002	 -3.1394026128723044e+002	
  3.0840000000000000e+004	 -5.8159112486403944e+002	 -3.1394026128723044e+002	
  3.0870000000000000e+004	 -5.8159112486403944e+002	 -3.1394026128723044e+002	
  3.0900000000000000e+004	 -5.6813267985090124e+002	 -2.8740474392587561e+002	
  3.0930000000000000e+004	 -5.7867788355952416e+002	 -3.3412204862265605e+002	
  3.0960000000000000e+004	 -5.6814809367499583e+002	 -3.3739918715715447e+002	
  3.0990000000000000e+004	 -5.6986659528340567e+002	 -3.2730160273098835e+002	
  3.1020000000000000e+004	 -5.7158509689181562e+002	 -3.1720401830482228e+002	
  3.1050000000000000e+004	 -5.7330359850022546e+002	 -3.0710643387865622e+002	
  3.1080000000000000e+004	 -5.7502210010863541e+002	 -2.9700884945249010e+002	
  3.1110000000000000e+004	 -5.7674060171704537e+002	 -2.8691126502632392e+002	
  3.1140000000000000e+004	 -5.6656781370120507e+002	 -3.0182896935368177e+002	
  3.1170000000000000e+004	 -5.6895218698345650e+002	 -2.9512766576759930e+002	
