  0.0000000000000000e+000	 -2.3352733933339283e+002	  1.0749520527089769e+003	
  3.0000000000000000e+001	 -2.3537386890494929e+002	  1.0772006649136908e+003	
  6.0000000000000000e+001	 -2.3436096258832839e+002	  1.0747850775896686e+003	
  9.0000000000000000e+001	 -2.3826920174738137e+002	  1.0772006649136908e+003	
  1.2000000000000000e+002	 -2.6421933526532291e+002	  1.0780689279083961e+003	
  1.5000000000000000e+002	 -2.6611965416027311e+002	  1.0791487105074830e+003	
  1.8000000000000000e+002	 -2.6105513188716100e+002	  1.0798611389160405e+003	
  2.1000000000000000e+002	 -2.6411179931029727e+002	  1.0802618801055048e+003	
  2.4000000000000000e+002	 -2.7216127446614587e+002	  1.0799724524755611e+003	
  2.7000000000000000e+002	 -2.7009958426606084e+002	  1.0801950869918851e+003	
  3.0000000000000000e+002	 -2.6889843814134088e+002	  1.0814752355268076e+003	
  3.3000000000000000e+002	 -2.6378909962470203e+002	  1.0849705960074018e+003	
  3.6000000000000000e+002	 -2.6441654742386498e+002	  1.0849817266559103e+003	
  3.9000000000000000e+002	 -2.6439864686405809e+002	  1.0845253263652473e+003	
  4.2000000000000000e+002	 -2.4846999466530272e+002	  1.0841134511758473e+003	
  4.5000000000000000e+002	 -2.5301460286533703e+002	  1.0792934189392886e+003	
  4.8000000000000000e+002	 -2.5046890769169522e+002	  1.0786032556444584e+003	
  5.1000000000000000e+002	 -2.4995795837226223e+002	  1.0786366517601464e+003	
  5.4000000000000000e+002	 -2.4978766279940660e+002	  1.0781245927708324e+003	
  5.7000000000000000e+002	 -2.4907054067706659e+002	  1.0777906400878592e+003	
  6.0000000000000000e+002	 -2.5980021578205009e+002	  1.0758092006818949e+003	
  6.3000000000000000e+002	 -2.6426418311641555e+002	  1.0737609619269674e+003	
  6.6000000000000000e+002	 -2.6034698050292690e+002	  1.0754307166171941e+003	
  6.9000000000000000e+002	 -2.5712002458111311e+002	  1.0824659519918143e+003	
  7.2000000000000000e+002	 -2.6750011030886884e+002	  1.0832563118553985e+003	
  7.5000000000000000e+002	 -2.6120750074434375e+002	  1.0830782034223230e+003	
  7.8000000000000000e+002	 -2.6126130151303937e+002	  1.0818759757833318e+003	
  8.1000000000000000e+002	 -2.7154277443692865e+002	  1.0833564961845987e+003	
  8.4000000000000000e+002	 -2.7565713069181902e+002	  1.0880986021617966e+003	
  8.7000000000000000e+002	 -2.6362773870359126e+002	  1.0845587191848192e+003	
  9.0000000000000000e+002	 -2.8266680222082238e+002	  1.0859724464215014e+003	
  9.3000000000000000e+002	 -2.8460298358064546e+002	  1.0872191951093807e+003	
  9.6000000000000000e+002	 -2.5149078084127029e+002	  1.0898462868692479e+003	
  9.9000000000000000e+002	 -2.5186725721880660e+002	  1.0873527782073413e+003	
  1.0200000000000000e+003	 -2.6226523279611530e+002	  1.0961579654698799e+003	
  1.0500000000000000e+003	 -2.6667541060551480e+002	  1.1046291936052098e+003	
  1.0800000000000000e+003	 -2.7082565932337610e+002	  1.0955234495020518e+003	
  1.1100000000000000e+003	 -2.7048502314784417e+002	  1.0916273578736079e+003	
  1.1400000000000000e+003	 -2.5530037075248728e+002	  1.0866626091343971e+003	
  1.1700000000000000e+003	 -2.6263276459627252e+002	  1.0874752274245116e+003	
  1.2000000000000000e+003	 -2.6009602057795689e+002	  1.0886329272847547e+003	
  1.2300000000000000e+003	 -2.5158041104502269e+002	  1.0899464662862536e+003	
  1.2600000000000000e+003	 -2.5080953850592286e+002	  1.1009445988494458e+003	
  1.2900000000000000e+003	 -2.6161087492529310e+002	  1.1065549754332542e+003	
  1.3200000000000000e+003	 -2.6631688359196636e+002	  1.1142358558186897e+003	
  1.3500000000000000e+003	 -2.6351122069507937e+002	  1.1038611043988483e+003	
  1.3800000000000000e+003	 -2.6166466179533160e+002	  1.1019353197235712e+003	
  1.4100000000000000e+003	 -2.5810604889064416e+002	  1.1063212146028798e+003	
  1.4400000000000000e+003	 -2.5515697072536702e+002	  1.1110410610256729e+003	
  1.4700000000000000e+003	 -2.5118599310028435e+002	  1.0983063793571093e+003	
  1.5000000000000000e+003	 -2.5037927642364562e+002	  1.0985846747411356e+003	
  1.5300000000000000e+003	 -2.5293394455340083e+002	  1.1006663010864290e+003	
  1.5600000000000000e+003	 -2.6137782033580214e+002	  1.0920837552264318e+003	
  1.5900000000000000e+003	 -2.5455637747628202e+002	  1.0853490655637388e+003	
  1.6200000000000000e+003	 -2.2959224193845651e+002	  1.1643508162740450e+003	
  1.6500000000000000e+003	 -2.0222579108381242e+002	  1.0493602543979023e+003	
  1.6800000000000000e+003	 -1.9133481511756568e+002	  1.0179243009765677e+003	
  1.7100000000000000e+003	 -2.0773853540476853e+002	  9.6550508123751956e+002	
  1.7400000000000000e+003	 -4.2422290627634106e+002	  1.0580429877730598e+003	
  1.7700000000000000e+003	 -4.3462090915562982e+002	  1.0600355626313080e+003	
  1.8000000000000000e+003	 -4.3807196904624732e+002	  1.0670151485803187e+003	
  1.8300000000000000e+003	 -4.5099660623545992e+002	  1.1137370179314103e+003	
  1.8600000000000000e+003	 -4.5377651071331684e+002	  1.0710002958017326e+003	
  1.8900000000000000e+003	 -3.4919602774547650e+002	  1.0806180930937903e+003	
  1.9200000000000000e+003	 -4.7527884057349394e+002	  1.0694752568447880e+003	
  1.9500000000000000e+003	 -6.0096006227928933e+002	  1.0729795180042850e+003	
  1.9800000000000000e+003	 -6.0632579194252128e+002	  1.0845743058431071e+003	
  2.0100000000000000e+003	 -6.0102640018788077e+002	  1.0917498013627455e+003	
  2.0400000000000000e+003	 -5.2239499947272077e+002	  1.0821110783180588e+003	
  2.0700000000000000e+003	 -4.5590092233858650e+002	  1.0697913932568422e+003	
  2.1000000000000000e+003	 -4.2290522497091354e+002	  1.0538107142672502e+003	
  2.1300000000000000e+003	 -4.1627561845004254e+002	  1.0565402078794909e+003	
  2.1600000000000000e+003	 -4.2543660424065837e+002	  1.0569298144451957e+003	
  2.1900000000000000e+003	 -4.4019638064777536e+002	  1.0593253563508802e+003	
  2.2200000000000000e+003	 -4.2230824151574706e+002	  1.0580095915010247e+003	
  2.2500000000000000e+003	 -4.5016948717238330e+002	  1.0700541026662825e+003	
  2.2800000000000000e+003	 -4.0649074937167620e+002	  1.0603828692049385e+003	
  2.3100000000000000e+003	 -4.1647281675983811e+002	  1.0618767447824625e+003	
  2.3400000000000000e+003	 -4.1197659655816369e+002	  1.0691368496864213e+003	
  2.3700000000000000e+003	 -3.6470159342423335e+002	  1.0664652389783876e+003	
  2.4000000000000000e+003	 -4.0186006752655908e+002	  1.0562018054669120e+003	
  2.4300000000000000e+003	 -4.4148357393038668e+002	  1.0719353637555571e+003	
  2.4600000000000000e+003	 -4.6826378018980552e+002	  1.0995509079843589e+003	
  2.4900000000000000e+003	 -4.1742299140282933e+002	  1.0805045513180805e+003	
  2.5200000000000000e+003	 -4.4383208029211755e+002	  1.0772674508412179e+003	
  2.5500000000000000e+003	 -4.7345380993875790e+002	  1.0934373685153128e+003	
  2.5800000000000000e+003	 -4.9302354521739488e+002	  1.0987761407077976e+003	
  2.6100000000000000e+003	 -5.3049038079328852e+002	  1.1099345669030899e+003	
  2.6400000000000000e+003	 -5.4396652420184023e+002	  1.1221861254948763e+003	
  2.6700000000000000e+003	 -4.3072344893514253e+002	  1.0704392562789903e+003	
  2.7000000000000000e+003	 -4.2811319647861609e+002	  1.0622797111994307e+003	
  2.7300000000000000e+003	 -4.3801459005214974e+002	  1.0674225664353041e+003	
  2.7600000000000000e+003	 -5.1099234915764663e+002	  1.0907679853104332e+003	
  2.7900000000000000e+003	 -4.7032543999154052e+002	  1.0724986268993630e+003	
  2.8200000000000000e+003	 -4.8619852033124272e+002	  1.0754618836274308e+003	
  2.8500000000000000e+003	 -4.3745524323382915e+002	  1.0608414988193556e+003	
  2.8800000000000000e+003	 -3.9131505860097457e+002	  1.0353209381761280e+003	
  2.9100000000000000e+003	 -4.3642440575140017e+002	  1.0601157118922326e+003	
  2.9400000000000000e+003	 -5.0133835163657022e+002	  1.0863130752438706e+003	
  2.9700000000000000e+003	 -5.5864382342826411e+002	  1.0941765193548140e+003	
  3.0000000000000000e+003	 -4.2676145585724396e+002	  1.0778774690904324e+003	
  3.0300000000000000e+003	 -4.5261122293378293e+002	  1.0810010251004289e+003	
  3.0600000000000000e+003	 -4.4938067517226045e+002	  1.0819516721822040e+003	
  3.0900000000000000e+003	 -4.6054416244583643e+002	  1.0651561522803288e+003	
  3.1200000000000000e+003	 -4.6054416244583649e+002	  1.0651561522803288e+003	
  3.1500000000000000e+003	 -4.6054416244583649e+002	  1.0651561522803288e+003	
  3.1800000000000000e+003	 -4.6054416244583649e+002	  1.0651561522803288e+003	
  3.2100000000000000e+003	 -4.6054416244583649e+002	  1.0651561522803288e+003	
  3.2400000000000000e+003	 -4.6054416244583649e+002	  1.0651561522803288e+003	
  3.2700000000000000e+003	 -4.6054416244583649e+002	  1.0651561522803288e+003	
  3.3000000000000000e+003	 -4.6054416244583649e+002	  1.0651561522803288e+003	
  3.3300000000000000e+003	 -4.6121100567074490e+002	  1.0719105399538130e+003	
  3.3600000000000000e+003	 -4.6516064559995692e+002	  1.1119160438805175e+003	
  3.3900000000000000e+003	 -4.6911028552916895e+002	  1.1519215478072219e+003	
  3.4200000000000000e+003	 -4.7305992545838103e+002	  1.1919270517339264e+003	
  3.4500000000000000e+003	 -4.7700956538759300e+002	  1.2319325556606311e+003	
  3.4800000000000000e+003	 -4.8095920531680503e+002	  1.2719380595873356e+003	
  3.5100000000000000e+003	 -4.4439501625938902e+002	  1.2076910169544706e+003	
  3.5400000000000000e+003	 -4.0798590897558910e+002	  1.1054573920042390e+003	
  3.5700000000000000e+003	 -3.6379624658440662e+002	  1.0731420387007884e+003	
  3.6000000000000000e+003	 -4.2576826273589921e+002	  1.0962670516828316e+003	
  3.6300000000000000e+003	 -4.3059436228638589e+002	  1.1192807494578733e+003	
  3.6600000000000000e+003	 -4.2300920941805407e+002	  1.1150840946503417e+003	
  3.6900000000000000e+003	 -4.2570192735646890e+002	  1.1116310374655786e+003	
  3.7200000000000000e+003	 -4.4642772592791533e+002	  1.1061286569609151e+003	
  3.7500000000000000e+003	 -4.8528859824937734e+002	  1.0958116935146709e+003	
  3.7800000000000000e+003	 -4.8442458220548559e+002	  1.0849349708710911e+003	
  3.8100000000000000e+003	 -4.1819028088940132e+002	  1.0603795284513785e+003	
  3.8400000000000000e+003	 -4.2124066538137106e+002	  1.0603272100652084e+003	
  3.8700000000000000e+003	 -3.6965497428270538e+002	  1.0496096031564496e+003	
  3.9000000000000000e+003	 -2.1737640665725999e+002	  1.0007024348746685e+003	
  3.9300000000000000e+003	 -3.2482142320619694e+001	  9.3310401800225350e+002	
  3.9600000000000000e+003	  7.0187754340627905e+001	  8.9746892938519397e+002	
  3.9900000000000000e+003	 -6.0639840175269107e+001	  9.4170177849942581e+002	
  4.0200000000000000e+003	 -1.9146743469116612e+002	  9.8593462761365777e+002	
  4.0500000000000000e+003	 -3.2229502920706312e+002	  1.0301674767278898e+003	
  4.0800000000000000e+003	 -3.9244628319839842e+002	  1.0629364857035480e+003	
  4.1100000000000000e+003	 -3.9440935722431607e+002	  1.0607769388862562e+003	
  4.1400000000000000e+003	 -4.1127202773996112e+002	  1.0613001273798586e+003	
  4.1700000000000000e+003	 -4.0955816106079999e+002	  1.0739168090081687e+003	
  4.2000000000000000e+003	 -4.3165388333488255e+002	  1.0671709905167761e+003	
  4.2300000000000000e+003	 -4.3800025092241310e+002	  1.0777238488670544e+003	
  4.2600000000000000e+003	 -4.8209310246112290e+002	  9.3091885640072735e+002	
  4.2900000000000000e+003	 -4.0403647087327482e+002	  1.0621951148424530e+003	
  4.3200000000000000e+003	 -4.5133835644309318e+002	  1.0831004659720868e+003	
  4.3500000000000000e+003	 -4.7283351190332877e+002	  1.0937423805413191e+003	
  4.3800000000000000e+003	 -4.5070194222749944e+002	  1.0854826541334339e+003	
  4.4100000000000000e+003	 -4.0573061254468308e+002	  1.0662915833557570e+003	
  4.4400000000000000e+003	 -4.4098518566789431e+002	  1.0726923105836497e+003	
  4.4700000000000000e+003	 -4.0988981196882679e+002	  1.0711561416199399e+003	
  4.5000000000000000e+003	 -4.3427131012906750e+002	  1.0840466579067074e+003	
  4.5300000000000000e+003	 -4.6888945270222104e+002	  1.0604919623404521e+003	
  4.5600000000000000e+003	 -4.5138318280206391e+002	  1.0721245983474353e+003	
  4.5900000000000000e+003	 -4.4043839117075999e+002	  1.0976830044879603e+003	
  4.6200000000000000e+003	 -5.6293748594761928e+002	  1.1748925434193368e+003	
  4.6500000000000000e+003	 -3.9898088483112991e+002	  1.0674715468699576e+003	
  4.6800000000000000e+003	 -3.7585433079562438e+002	  1.0526774998481733e+003	
  4.7100000000000000e+003	 -4.6128815865777705e+002	  1.0775902665791102e+003	
  4.7400000000000000e+003	 -5.4369224001359805e+002	  1.0979724280373230e+003	
  4.7700000000000000e+003	 -5.7631145743278921e+002	  1.1163063609045203e+003	
  4.8000000000000000e+003	 -5.9542941544415601e+002	  1.1217698037417458e+003	
  4.8300000000000000e+003	 -6.2410635246120637e+002	  1.1299649679975837e+003	
  4.8600000000000000e+003	 -6.5278328947825662e+002	  1.1381601322534218e+003	
  4.8900000000000000e+003	 -6.4561047322209413e+002	  1.1423211607173903e+003	
  4.9200000000000000e+003	 -5.5418882753886430e+002	  1.1037720488519960e+003	
  4.9500000000000000e+003	 -4.5140111209923811e+002	  1.0534789848326793e+003	
  4.9800000000000000e+003	 -2.7861450140970811e+002	  1.0082087075749356e+003	
  5.0100000000000000e+003	 -1.0582789072017812e+002	  9.6293843031719177e+002	
  5.0400000000000000e+003	 -9.0201749344371976e+001	  9.7085720779468613e+002	
  5.0700000000000000e+003	 -1.8354527464679077e+002	  1.0175235624736803e+003	
  5.1000000000000000e+003	 -3.6259083490268853e+002	  1.0578396045735274e+003	
  5.1300000000000000e+003	 -3.9980467177681948e+002	  1.0667824879426680e+003	
  5.1600000000000000e+003	 -5.0827453538029715e+002	  1.1049898590811777e+003	
  5.1900000000000000e+003	 -5.3594752724678085e+002	  1.0991523914052675e+003	
  5.2200000000000000e+003	 -5.2590718806521863e+002	  1.0968748411487754e+003	
  5.2500000000000000e+003	 -4.3073509239795055e+002	  1.0781680022843000e+003	
  5.2800000000000000e+003	 -3.6680896637351645e+002	  1.0461476368964356e+003	
  5.3100000000000000e+003	 -4.2563738614719750e+002	  1.0556563489617229e+003	
  5.3400000000000000e+003	 -4.6945744522251846e+002	  1.0653484551551160e+003	
  5.3700000000000000e+003	 -5.0979964686437830e+002	  1.0859528232508903e+003	
  5.4000000000000000e+003	 -5.5014184850623815e+002	  1.1065571913466647e+003	
  5.4300000000000000e+003	 -5.9048405014809805e+002	  1.1271615594424391e+003	
  5.4600000000000000e+003	 -6.3082625178995784e+002	  1.1477659275382136e+003	
  5.4900000000000000e+003	 -5.3380786271049635e+002	  1.1050778029224252e+003	
  5.5200000000000000e+003	 -4.7269008411689612e+002	  1.0905030534880602e+003	
  5.5500000000000000e+003	 -4.7642255230811867e+002	  1.0887955566658927e+003	
  5.5800000000000000e+003	 -4.8129098907927846e+002	  1.0865683868978476e+003	
  5.6100000000000000e+003	 -4.8615942585043825e+002	  1.0843412171298028e+003	
  5.6400000000000000e+003	 -4.9102786262159810e+002	  1.0821140473617579e+003	
  5.6700000000000000e+003	 -4.9589629939275790e+002	  1.0798868775937128e+003	
  5.7000000000000000e+003	 -5.0076473616391763e+002	  1.0776597078256682e+003	
  5.7300000000000000e+003	 -5.0563317293507743e+002	  1.0754325380576233e+003	
  5.7600000000000000e+003	 -5.1050160970623722e+002	  1.0732053682895785e+003	
  5.7900000000000000e+003	 -5.1537004647739695e+002	  1.0709781985215338e+003	
  5.8200000000000000e+003	 -3.5883927408285626e+002	  1.0738745080974998e+003	
  5.8500000000000000e+003	 -4.3249648256481339e+002	  1.0785943515646482e+003	
  5.8800000000000000e+003	 -4.7867431739372370e+002	  1.0769268219407809e+003	
  5.9100000000000000e+003	 -5.2544196010311930e+002	  1.1175842760352530e+003	
  5.9400000000000000e+003	 -5.6790587641224624e+002	  1.1499712146605104e+003	
  5.9700000000000000e+003	 -5.8708443761789806e+002	  1.1240257698319272e+003	
  6.0000000000000000e+003	 -6.0626299882354988e+002	  1.0980803250033439e+003	
  6.0300000000000000e+003	 -5.9018918037214792e+002	  1.0754507584560411e+003	
  6.0600000000000000e+003	 -5.0288550214189644e+002	  1.0690945472490162e+003	
  6.0900000000000000e+003	 -5.0120748474942394e+002	  1.0661023436351004e+003	
  6.1200000000000000e+003	 -5.1921303075274477e+002	  1.0714110576380367e+003	
  6.1500000000000000e+003	 -5.4861335610979791e+002	  1.0700340653223625e+003	
  6.1800000000000000e+003	 -5.5385537833509989e+002	  1.0733969559115544e+003	
  6.2100000000000000e+003	 -5.1259597290624913e+002	  1.0737932409579637e+003	
  6.2400000000000000e+003	 -5.2944967365440368e+002	  1.0632570812027675e+003	
  6.2700000000000000e+003	 -4.9275463834071633e+002	  1.0828822898511439e+003	
  6.3000000000000000e+003	 -4.5877974263484231e+002	  1.0886104434675801e+003	
  6.3300000000000000e+003	 -3.3123943006317592e+002	  1.0400739598933192e+003	
  6.3600000000000000e+003	 -3.1916465933680439e+002	  1.0506771331453813e+003	
  6.3900000000000000e+003	 -3.6063829510671667e+002	  1.0681839742343952e+003	
  6.4200000000000000e+003	 -3.7643696732655565e+002	  1.0774678257013152e+003	
  6.4500000000000000e+003	 -8.1161528732621548e+002	  1.0315940454122579e+003	
  6.4800000000000000e+003	 -4.9046438877760227e+002	  1.0787245913616355e+003	
  6.5100000000000000e+003	 -4.9044824345373900e+002	  1.0611776753330810e+003	
  6.5400000000000000e+003	 -4.4325929701181576e+002	  1.0830526023208683e+003	
  6.5700000000000000e+003	 -4.1758970934527713e+002	  1.0898140004467848e+003	
  6.6000000000000000e+003	 -4.2518382895790910e+002	  1.0781145725735469e+003	
  6.6300000000000000e+003	 -4.6896473804358618e+002	  1.0571112661008474e+003	
  6.6600000000000000e+003	 -4.7060332599057494e+002	  1.0688574432392211e+003	
  6.6900000000000000e+003	 -4.7571627471053819e+002	  1.0717639282279204e+003	
  6.7200000000000000e+003	 -4.8227596754667383e+002	  1.0636811988142827e+003	
  6.7500000000000000e+003	 -4.9084444233975609e+002	  1.0568251765632283e+003	
  6.7800000000000000e+003	 -4.5894772273931250e+002	  1.0721680156037489e+003	
  6.8100000000000000e+003	 -4.4439321197130494e+002	  1.0832273704816121e+003	
  6.8400000000000000e+003	 -4.5994000230031281e+002	  1.0658407466356239e+003	
  6.8700000000000000e+003	 -4.5646384775777977e+002	  1.0623509561375606e+003	
  6.9000000000000000e+003	 -6.0256368345998510e+002	  9.9582451988632147e+002	
  6.9300000000000000e+003	 -7.0426858489463086e+002	  9.4990176324913716e+002	
  6.9600000000000000e+003	 -8.1975529968906608e+002	  8.9794005928857405e+002	
  6.9900000000000000e+003	 -6.2416550855562889e+002	  9.9396663762425374e+002	
  7.0200000000000000e+003	 -4.7002336740694483e+002	  1.0652040185807755e+003	
  7.0500000000000000e+003	 -4.4007266572082926e+002	  1.0889891391869999e+003	
  7.0800000000000000e+003	 -4.6551816362906192e+002	  1.0672700632556580e+003	
  7.1100000000000000e+003	 -4.6487367923094678e+002	  1.0765772850166868e+003	
  7.1400000000000000e+003	 -5.9602386616015303e+002	  1.0262583556209415e+003	
  7.1700000000000000e+003	 -6.6303607207002665e+002	  9.8648835408132254e+002	
  7.2000000000000000e+003	 -4.6023939944027990e+002	  1.0740114245511554e+003	
  7.2300000000000000e+003	 -4.4188156594094306e+002	  1.0713008563978747e+003	
  7.2600000000000000e+003	 -4.1443444890431726e+002	  1.0743119819478775e+003	
  7.2900000000000000e+003	 -4.2046707573839785e+002	  1.0779019579719131e+003	
  7.3200000000000000e+003	 -4.2291212121709185e+002	  1.0738303216572201e+003	
  7.3500000000000000e+003	 -4.2780221217447968e+002	  1.0656870490278343e+003	
  7.3800000000000000e+003	 -4.2070013517969687e+002	  1.0754084590758498e+003	
  7.4100000000000000e+003	 -4.2494000874452092e+002	  1.0810077040758601e+003	
  7.4400000000000000e+003	 -3.7312038571055029e+002	  1.0900021295091706e+003	
  7.4700000000000000e+003	 -4.3499736731869734e+002	  1.0762878610389337e+003	
  7.5000000000000000e+003	 -4.2484141195723367e+002	  1.0887219808659854e+003	
  7.5300000000000000e+003	 -4.4250903962887872e+002	  1.0768110481095387e+003	
  7.5600000000000000e+003	 -4.4577184194543213e+002	  1.0573416873056306e+003	
  7.5900000000000000e+003	 -4.3654810336244282e+002	  1.0688407470949944e+003	
  7.6200000000000000e+003	 -4.4019637085768647e+002	  1.0808184695412228e+003	
  7.6500000000000000e+003	 -4.2461732636038238e+002	  1.0713676458459965e+003	
  7.6800000000000000e+003	 -4.4596905539166386e+002	  1.0702989973999236e+003	
  7.7100000000000000e+003	 -4.7776359894330017e+002	  1.0633082832765697e+003	
  7.7400000000000000e+003	 -5.0409023212196468e+002	  1.0540244371304836e+003	
  7.7700000000000000e+003	 -4.7877650264817197e+002	  1.0610596799759242e+003	
  7.8000000000000000e+003	 -4.7705546601415125e+002	  1.0618166353532008e+003	
  7.8300000000000000e+003	 -4.8588477882017946e+002	  1.0606700739088647e+003	
  7.8600000000000000e+003	 -4.4259865996526577e+002	  1.0707776662092824e+003	
  7.8900000000000000e+003	 -4.4213254207589154e+002	  1.0706886091120971e+003	
  7.9200000000000000e+003	 -4.4415836405677305e+002	  1.0693528002256073e+003	
  7.9500000000000000e+003	 -4.4768113653061698e+002	  1.0683843503556291e+003	
  7.9800000000000000e+003	 -4.4645309935698378e+002	  1.0681839796805068e+003	
  8.0100000000000000e+003	 -4.4498302756036924e+002	  1.0706886091120971e+003	
  8.0400000000000000e+003	 -4.6706980185991290e+002	  1.0723583718526138e+003	
  8.0700000000000000e+003	 -4.9146025178352488e+002	  1.0545921590540759e+003	
  8.1000000000000000e+003	 -5.2285144227612773e+002	  1.0400096127328816e+003	
  8.1300000000000000e+003	 -5.5386613451758660e+002	  1.0275421061973943e+003	
  8.1600000000000000e+003	 -5.4855956684135265e+002	  1.0248593543568454e+003	
  8.1900000000000000e+003	 -5.4787832828751812e+002	  1.0282990605436378e+003	
  8.2200000000000000e+003	 -5.4579873058622525e+002	  1.0297350504946935e+003	
  8.2500000000000000e+003	 -5.1806477229376060e+002	  1.0430597083567402e+003	
  8.2800000000000000e+003	 -5.2795182983361281e+002	  1.0340096273963568e+003	
  8.3100000000000000e+003	 -5.2298589757895365e+002	  1.0417461656910932e+003	
  8.3400000000000000e+003	 -5.4499197366530041e+002	  1.0275755004606438e+003	
  8.3700000000000000e+003	 -5.4407768165686241e+002	  1.0304363459251679e+003	
  8.4000000000000000e+003	 -5.1751797958203849e+002	  1.0407220501998395e+003	
  8.4300000000000000e+003	 -5.1751797958203849e+002	  1.0407220501998395e+003	
  8.4600000000000000e+003	 -5.1751797958203849e+002	  1.0407220501998395e+003	
  8.4900000000000000e+003	 -5.1751797958203849e+002	  1.0407220501998395e+003	
  8.5200000000000000e+003	 -5.1751797958203849e+002	  1.0407220501998395e+003	
  8.5500000000000000e+003	 -5.1751797958203849e+002	  1.0407220501998395e+003	
  8.5800000000000000e+003	 -5.1751797958203849e+002	  1.0407220501998395e+003	
  8.6100000000000000e+003	 -5.1751797958203849e+002	  1.0407220501998395e+003	
  8.6400000000000000e+003	 -4.9922037279525620e+002	  1.0461719423962777e+003	
  8.6700000000000000e+003	 -4.6069300404020868e+002	  1.0576472139317391e+003	
  8.7000000000000000e+003	 -4.2216563528516127e+002	  1.0691224854672005e+003	
  8.7300000000000000e+003	 -3.6015515161575803e+002	  1.0950537002875201e+003	
  8.7600000000000000e+003	 -3.7576828399567393e+002	  1.0953609332501806e+003	
  8.7900000000000000e+003	 -3.6989161761589656e+002	  1.1151976374006856e+003	
  8.8200000000000000e+003	 -4.7455994240152597e+002	  1.0913178937106240e+003	
  8.8500000000000000e+003	 -5.3043479902675824e+002	  1.0648444623467881e+003	
  8.8800000000000000e+003	 -4.5538103117889113e+002	  1.0717194073158212e+003	
  8.9100000000000000e+003	 -4.4730286212065204e+002	  1.0798433260271656e+003	
  8.9400000000000000e+003	 -4.2781021806511637e+002	  1.0826151199888602e+003	
  8.9700000000000000e+003	 -4.1319565957914131e+002	  1.0789995452419487e+003	
  9.0000000000000000e+003	 -4.1771162453741624e+002	  1.0819205027975956e+003	
  9.0300000000000000e+003	 -4.6607303147342481e+002	  1.0720266392107526e+003	
  9.0600000000000000e+003	 -4.0871376304729495e+002	  1.0801216224389325e+003	
  9.0900000000000000e+003	 -3.8517308059560906e+002	  1.0936533259736946e+003	
  9.1200000000000000e+003	 -3.9850223756301142e+002	  1.0924533262688606e+003	
  9.1500000000000000e+003	 -4.1077723800718843e+002	  1.0904807920081657e+003	
  9.1800000000000000e+003	 -4.2504220812002467e+002	  1.0857854371271640e+003	
  9.2100000000000000e+003	 -4.3216841390270190e+002	  1.0822054758014394e+003	
  9.2400000000000000e+003	 -4.3988623172110795e+002	  1.0762900864869989e+003	
  9.2700000000000000e+003	 -4.4036131207592041e+002	  1.0705505776372861e+003	
  9.3000000000000000e+003	 -4.2805581822322790e+002	  1.0732377725438596e+003	
  9.3300000000000000e+003	 -4.4571088748777294e+002	  1.0728882374244447e+003	
  9.3600000000000000e+003	 -4.5865281124315709e+002	  1.0671264594740371e+003	
  9.3900000000000000e+003	 -4.5468005453172447e+002	  1.0683509469017681e+003	
  9.4200000000000000e+003	 -4.5580412269335420e+002	  1.0681305413859770e+003	
  9.4500000000000000e+003	 -4.4956712166536693e+002	  1.0769424016861954e+003	
  9.4800000000000000e+003	 -4.5289804820728278e+002	  1.0782314521312887e+003	
  9.5100000000000000e+003	 -4.3213255185698716e+002	  1.0484229631349656e+003	
  9.5400000000000000e+003	 -4.6414222910387241e+002	  1.0442752840520766e+003	
  9.5700000000000000e+003	 -4.6931254496232975e+002	  1.0429817777925336e+003	
  9.6000000000000000e+003	 -4.4836238764396711e+002	  1.0570901069889501e+003	
  9.6300000000000000e+003	 -4.5112860284354883e+002	  1.0621216485009718e+003	
  9.6600000000000000e+003	 -4.5120390287264036e+002	  1.0638670983419390e+003	
  9.6900000000000000e+003	 -4.3481093621402260e+002	  1.0773142048444170e+003	
  9.7200000000000000e+003	 -4.3695327277179842e+002	  1.0721824827203241e+003	
  9.7500000000000000e+003	 -4.4715226690652571e+002	  1.0820986068087614e+003	
  9.7800000000000000e+003	 -4.9143045072630758e+002	  1.0397630450974959e+003	
  9.8100000000000000e+003	 -5.4252066282605574e+002	  9.9091432004603598e+002	
  9.8400000000000000e+003	 -5.2404900037641755e+002	  1.0082998248686059e+003	
  9.8700000000000000e+003	 -4.6637241490323885e+002	  1.0477728711132809e+003	
  9.9000000000000000e+003	 -4.6022864189053928e+002	  1.0450300142793767e+003	
  9.9300000000000000e+003	 -4.9711461227743911e+002	  1.0339895872146037e+003	
  9.9600000000000000e+003	 -4.7767217152049653e+002	  1.0535301940603481e+003	
  9.9900000000000000e+003	 -4.7320999974942225e+002	  1.0382085103767713e+003	
  1.0020000000000000e+004	 -4.7781738305798052e+002	  1.0281320816789073e+003	
  1.0050000000000000e+004	 -4.7366355771266933e+002	  1.0604741524217923e+003	
  1.0080000000000000e+004	 -4.1587761984394956e+002	  1.0608838037629980e+003	
  1.0110000000000000e+004	 -3.6312036515295830e+002	  1.0941720666466047e+003	
  1.0140000000000000e+004	 -3.3619855772921363e+002	  1.1019041475686213e+003	
  1.0170000000000000e+004	 -4.0696224717806996e+002	  1.0667479849752549e+003	
  1.0200000000000000e+004	 -4.5114833125954675e+002	  1.0510812112440892e+003	
  1.0230000000000000e+004	 -4.3133119780383583e+002	  1.0550485591640791e+003	
  1.0260000000000000e+004	 -4.3689116521272024e+002	  1.0461022745562134e+003	
  1.0290000000000000e+004	 -4.5079108373493148e+002	  1.0237365630365492e+003	
  1.0320000000000000e+004	 -4.6469100225714266e+002	  1.0013708515168853e+003	
  1.0350000000000000e+004	 -4.3407769074770340e+002	  1.0536838098903117e+003	
  1.0380000000000000e+004	 -4.3390737372957892e+002	  1.0562329649488609e+003	
  1.0410000000000000e+004	 -4.3212358535998419e+002	  1.0554515251335361e+003	
  1.0440000000000000e+004	 -4.5884463872820123e+002	  1.0557253633129251e+003	
  1.0470000000000000e+004	 -4.6069475400675208e+002	  1.0553580174724218e+003	
  1.0500000000000000e+004	 -4.8391813809042560e+002	  1.0472229663668445e+003	
  1.0530000000000000e+004	 -5.0676323196998317e+002	  1.0467398470057228e+003	
  1.0560000000000000e+004	 -4.3337135140286699e+002	  1.0457268658892240e+003	
  1.0590000000000000e+004	 -4.4483603720061802e+002	  1.0453617420980356e+003	
  1.0620000000000000e+004	 -4.5570910949544270e+002	  1.0547791716195020e+003	
  1.0650000000000000e+004	 -4.1385002731442518e+002	  1.0478062647722315e+003	
  1.0680000000000000e+004	 -4.4349146493933142e+002	  1.0514908662729811e+003	
  1.0710000000000000e+004	 -4.5649612861875949e+002	  1.0628073606824337e+003	
  1.0740000000000000e+004	 -4.2686185249900007e+002	  1.0506070058245205e+003	
  1.0770000000000000e+004	 -4.7227776630835012e+002	  1.0591004982617392e+003	
  1.0800000000000000e+004	 -4.2917541035127323e+002	  1.0566181268095283e+003	
  1.0830000000000000e+004	 -3.6839197146299216e+002	  1.0232341296480969e+003	
  1.0860000000000000e+004	 -4.0155798105873384e+002	  8.7393007402952810e+002	
  1.0890000000000000e+004	 -4.0055404120756219e+002	  6.5247583065370816e+002	
  1.0920000000000000e+004	 -2.2173547805077368e+002	  4.8231094170826856e+002	
  1.0950000000000000e+004	 -1.7027888457834925e+002	  5.4155946794766351e+002	
  1.0980000000000000e+004	 -1.7127835335760534e+002	  5.6312160049680313e+002	
  1.1010000000000000e+004	 -1.5552706909763643e+002	  5.4640528251341584e+002	
  1.1040000000000000e+004	 -9.8958532366297035e+001	  4.9724413644095932e+002	
  1.1070000000000000e+004	 -9.5942188148877648e+001	  4.9268570311391613e+002	
  1.1100000000000000e+004	 -9.5942188148877648e+001	  4.9268570311391613e+002	
  1.1130000000000000e+004	 -9.5942188148877648e+001	  4.9268570311391613e+002	
  1.1160000000000000e+004	 -9.5942188148877648e+001	  4.9268570311391613e+002	
  1.1190000000000000e+004	 -9.5942188148877648e+001	  4.9268570311391613e+002	
  1.1220000000000000e+004	 -9.5942188148877648e+001	  4.9268570311391613e+002	
  1.1250000000000000e+004	 -9.5942188148877648e+001	  4.9268570311391613e+002	
  1.1280000000000000e+004	 -9.5942188148877648e+001	  4.9268570311391613e+002	
  1.1310000000000000e+004	 -9.5942188148877648e+001	  4.9268570311391613e+002	
  1.1340000000000000e+004	 -9.5942188148877648e+001	  4.9268570311391613e+002	
  1.1370000000000000e+004	 -9.5942188148877648e+001	  4.9268570311391613e+002	
  1.1400000000000000e+004	 -9.5942188148877648e+001	  4.9268570311391613e+002	
  1.1430000000000000e+004	 -9.5942188148877648e+001	  4.9268570311391613e+002	
  1.1460000000000000e+004	 -9.5942188148877648e+001	  4.9268570311391613e+002	
  1.1490000000000000e+004	 -9.5942188148877648e+001	  4.9268570311391613e+002	
  1.1520000000000000e+004	 -9.5942188148877648e+001	  4.9268570311391613e+002	
  1.1550000000000000e+004	 -9.5942188148877648e+001	  4.9268570311391613e+002	
  1.1580000000000000e+004	 -9.5942188148877648e+001	  4.9268570311391613e+002	
  1.1610000000000000e+004	 -9.5942188148877648e+001	  4.9268570311391613e+002	
  1.1640000000000000e+004	 -9.5942188148877648e+001	  4.9268570311391613e+002	
  1.1670000000000000e+004	 -9.5942188148877648e+001	  4.9268570311391613e+002	
  1.1700000000000000e+004	 -9.5942188148877648e+001	  4.9268570311391613e+002	
  1.1730000000000000e+004	 -9.5942188148877648e+001	  4.9268570311391613e+002	
  1.1760000000000000e+004	 -9.5942188148877648e+001	  4.9268570311391613e+002	
  1.1790000000000000e+004	 -9.5942188148877648e+001	  4.9268570311391613e+002	
  1.1820000000000000e+004	 -9.5942188148877648e+001	  4.9268570311391613e+002	
  1.1850000000000000e+004	 -9.5942188148877648e+001	  4.9268570311391613e+002	
  1.1880000000000000e+004	 -9.5942188148877648e+001	  4.9268570311391613e+002	
  1.1910000000000000e+004	 -9.5942188148877648e+001	  4.9268570311391613e+002	
  1.1940000000000000e+004	 -9.5942188148877648e+001	  4.9268570311391613e+002	
  1.1970000000000000e+004	 -9.5942188148877648e+001	  4.9268570311391613e+002	
  1.2000000000000000e+004	 -9.5942188148877648e+001	  4.9268570311391613e+002	
  1.2030000000000000e+004	 -9.5942188148877648e+001	  4.9268570311391613e+002	
  1.2060000000000000e+004	 -9.5942188148877648e+001	  4.9268570311391613e+002	
  1.2090000000000000e+004	 -9.5942188148877648e+001	  4.9268570311391613e+002	
  1.2120000000000000e+004	 -9.5942188148877648e+001	  4.9268570311391613e+002	
  1.2150000000000000e+004	 -9.5942188148877648e+001	  4.9268570311391613e+002	
  1.2180000000000000e+004	 -9.5942188148877648e+001	  4.9268570311391613e+002	
  1.2210000000000000e+004	 -9.5942188148877648e+001	  4.9268570311391613e+002	
  1.2240000000000000e+004	 -9.5942188148877648e+001	  4.9268570311391613e+002	
  1.2270000000000000e+004	 -9.5942188148877648e+001	  4.9268570311391613e+002	
  1.2300000000000000e+004	 -9.5942188148877648e+001	  4.9268570311391613e+002	
  1.2330000000000000e+004	 -9.5942188148877648e+001	  4.9268570311391613e+002	
  1.2360000000000000e+004	 -9.5942188148877648e+001	  4.9268570311391613e+002	
  1.2390000000000000e+004	 -9.5942188148877648e+001	  4.9268570311391613e+002	
  1.2420000000000000e+004	 -9.5942188148877648e+001	  4.9268570311391613e+002	
  1.2450000000000000e+004	 -9.5942188148877648e+001	  4.9268570311391613e+002	
  1.2480000000000000e+004	 -9.5942188148877648e+001	  4.9268570311391613e+002	
  1.2510000000000000e+004	 -9.5942188148877648e+001	  4.9268570311391613e+002	
  1.2540000000000000e+004	 -9.5942188148877648e+001	  4.9268570311391613e+002	
  1.2570000000000000e+004	 -9.5942188148877648e+001	  4.9268570311391613e+002	
  1.2600000000000000e+004	 -9.5942188148877648e+001	  4.9268570311391613e+002	
  1.2630000000000000e+004	 -9.5942188148877648e+001	  4.9268570311391613e+002	
  1.2660000000000000e+004	 -9.5942188148877648e+001	  4.9268570311391613e+002	
  1.2690000000000000e+004	 -9.5942188148877648e+001	  4.9268570311391613e+002	
  1.2720000000000000e+004	 -9.5942188148877648e+001	  4.9268570311391613e+002	
  1.2750000000000000e+004	 -9.5942188148877648e+001	  4.9268570311391613e+002	
  1.2780000000000000e+004	 -9.5942188148877648e+001	  4.9268570311391613e+002	
  1.2810000000000000e+004	 -9.5942188148877648e+001	  4.9268570311391613e+002	
  1.2840000000000000e+004	 -9.5942188148877648e+001	  4.9268570311391613e+002	
  1.2870000000000000e+004	 -9.5942188148877648e+001	  4.9268570311391613e+002	
  1.2900000000000000e+004	 -9.5942188148877648e+001	  4.9268570311391613e+002	
  1.2930000000000000e+004	 -9.5942188148877648e+001	  4.9268570311391613e+002	
  1.2960000000000000e+004	 -9.5942188148877648e+001	  4.9268570311391613e+002	
  1.2990000000000000e+004	 -9.5942188148877648e+001	  4.9268570311391613e+002	
  1.3020000000000000e+004	 -9.5942188148877648e+001	  4.9268570311391613e+002	
  1.3050000000000000e+004	 -9.5942188148877648e+001	  4.9268570311391613e+002	
  1.3080000000000000e+004	 -9.5942188148877648e+001	  4.9268570311391613e+002	
  1.3110000000000000e+004	 -9.5942188148877648e+001	  4.9268570311391613e+002	
  1.3140000000000000e+004	 -9.5942188148877648e+001	  4.9268570311391613e+002	
  1.3170000000000000e+004	 -9.5942188148877648e+001	  4.9268570311391613e+002	
  1.3200000000000000e+004	 -9.5942188148877648e+001	  4.9268570311391613e+002	
  1.3230000000000000e+004	 -9.5942188148877648e+001	  4.9268570311391613e+002	
  1.3260000000000000e+004	 -9.5942188148877648e+001	  4.9268570311391613e+002	
  1.3290000000000000e+004	 -9.5942188148877648e+001	  4.9268570311391613e+002	
  1.3320000000000000e+004	 -9.5942188148877648e+001	  4.9268570311391613e+002	
  1.3350000000000000e+004	 -9.5942188148877648e+001	  4.9268570311391613e+002	
  1.3380000000000000e+004	 -9.5942188148877648e+001	  4.9268570311391613e+002	
  1.3410000000000000e+004	 -9.5942188148877648e+001	  4.9268570311391613e+002	
  1.3440000000000000e+004	 -9.5942188148877648e+001	  4.9268570311391613e+002	
  1.3470000000000000e+004	 -9.5942188148877648e+001	  4.9268570311391613e+002	
  1.3500000000000000e+004	 -9.5942188148877648e+001	  4.9268570311391613e+002	
  1.3530000000000000e+004	 -9.5942188148877648e+001	  4.9268570311391613e+002	
  1.3560000000000000e+004	 -9.5942188148877648e+001	  4.9268570311391613e+002	
  1.3590000000000000e+004	 -9.5942188148877648e+001	  4.9268570311391613e+002	
  1.3620000000000000e+004	 -9.5942188148877648e+001	  4.9268570311391613e+002	
  1.3650000000000000e+004	 -9.5942188148877648e+001	  4.9268570311391613e+002	
  1.3680000000000000e+004	 -9.5942188148877648e+001	  4.9268570311391613e+002	
  1.3710000000000000e+004	 -9.5942188148877648e+001	  4.9268570311391613e+002	
  1.3740000000000000e+004	 -9.5942188148877648e+001	  4.9268570311391613e+002	
  1.3770000000000000e+004	 -9.5942188148877648e+001	  4.9268570311391613e+002	
  1.3800000000000000e+004	 -9.5942188148877648e+001	  4.9268570311391613e+002	
  1.3830000000000000e+004	 -9.5942188148877648e+001	  4.9268570311391613e+002	
  1.3860000000000000e+004	 -9.5942188148877648e+001	  4.9268570311391613e+002	
  1.3890000000000000e+004	 -9.5942188148877648e+001	  4.9268570311391613e+002	
  1.3920000000000000e+004	 -9.5942188148877648e+001	  4.9268570311391613e+002	
  1.3950000000000000e+004	 -9.5942188148877648e+001	  4.9268570311391613e+002	
  1.3980000000000000e+004	 -9.5942188148877648e+001	  4.9268570311391613e+002	
  1.4010000000000000e+004	 -9.5942188148877648e+001	  4.9268570311391613e+002	
  1.4040000000000000e+004	 -9.5942188148877648e+001	  4.9268570311391613e+002	
  1.4070000000000000e+004	 -9.5942188148877648e+001	  4.9268570311391613e+002	
  1.4100000000000000e+004	 -1.1204644109767403e+002	  5.0224267360577079e+002	
  1.4130000000000000e+004	 -1.4661724652620427e+002	  5.2275850680899964e+002	
  1.4160000000000000e+004	 -1.8118805195473450e+002	  5.4327434001222844e+002	
  1.4190000000000000e+004	 -2.1575885738326474e+002	  5.6379017321545712e+002	
  1.4220000000000000e+004	 -2.5032966281179498e+002	  5.8430600641868602e+002	
  1.4250000000000000e+004	 -2.8490046824032527e+002	  6.0482183962191482e+002	
  1.4280000000000000e+004	 -3.1947127366885547e+002	  6.2533767282514350e+002	
  1.4310000000000000e+004	 -3.5404207909738574e+002	  6.4585350602837241e+002	
  1.4340000000000000e+004	 -3.8358110857422662e+002	  7.0977408594693588e+002	
  1.4370000000000000e+004	 -4.1956173887093900e+002	  8.5604252452442086e+002	
  1.4400000000000000e+004	 -4.3914403519256985e+002	  9.1977156574784783e+002	
  1.4430000000000000e+004	 -4.4834446392198890e+002	  9.1874076973473620e+002	
  1.4460000000000000e+004	 -4.5061319768839695e+002	  9.2207249053104033e+002	
  1.4490000000000000e+004	 -4.5323096741886781e+002	  9.2591678375754498e+002	
  1.4520000000000000e+004	 -4.5584873714933866e+002	  9.2976107698404974e+002	
  1.4550000000000000e+004	 -4.5846650687980951e+002	  9.3360537021055438e+002	
  1.4580000000000000e+004	 -4.6108427661028043e+002	  9.3744966343705914e+002	
  1.4610000000000000e+004	 -4.6370204634075122e+002	  9.4129395666356390e+002	
  1.4640000000000000e+004	 -4.6631981607122208e+002	  9.4513824989006844e+002	
  1.4670000000000000e+004	 -4.6893758580169293e+002	  9.4898254311657320e+002	
  1.4700000000000000e+004	 -4.7068758523597842e+002	  9.6090100874814175e+002	
  1.4730000000000000e+004	 -4.6940396719715727e+002	  9.6565869698667029e+002	
  1.4760000000000000e+004	 -4.7143157664038262e+002	  9.5800676241181156e+002	
  1.4790000000000000e+004	 -4.7130967638640720e+002	  9.6540490018559262e+002	
  1.4820000000000000e+004	 -4.7130967638640726e+002	  9.6540490018559274e+002	
  1.4850000000000000e+004	 -4.7130967638640726e+002	  9.6540490018559274e+002	
  1.4880000000000000e+004	 -4.7130967638640726e+002	  9.6540490018559274e+002	
  1.4910000000000000e+004	 -4.7130967638640726e+002	  9.6540490018559274e+002	
  1.4940000000000000e+004	 -4.7130967638640726e+002	  9.6540490018559274e+002	
  1.4970000000000000e+004	 -4.7130967638640726e+002	  9.6540490018559274e+002	
  1.5000000000000000e+004	 -4.7130967638640726e+002	  9.6540490018559274e+002	
  1.5030000000000000e+004	 -4.7130967638640726e+002	  9.6540490018559274e+002	
  1.5060000000000000e+004	 -4.7130967638640726e+002	  9.6540490018559274e+002	
  1.5090000000000000e+004	 -4.7130967638640726e+002	  9.6540490018559274e+002	
  1.5120000000000000e+004	 -4.7130967638640726e+002	  9.6540490018559274e+002	
  1.5150000000000000e+004	 -4.7130967638640726e+002	  9.6540490018559274e+002	
  1.5180000000000000e+004	 -4.7130967638640726e+002	  9.6540490018559274e+002	
  1.5210000000000000e+004	 -4.7130967638640726e+002	  9.6540490018559274e+002	
  1.5240000000000000e+004	 -4.7130967638640726e+002	  9.6540490018559274e+002	
  1.5270000000000000e+004	 -4.7130967638640726e+002	  9.6540490018559274e+002	
  1.5300000000000000e+004	 -4.7130967638640726e+002	  9.6540490018559274e+002	
  1.5330000000000000e+004	 -4.7130967638640726e+002	  9.6540490018559274e+002	
  1.5360000000000000e+004	 -4.7130967638640726e+002	  9.6540490018559274e+002	
  1.5390000000000000e+004	 -4.7130967638640726e+002	  9.6540490018559274e+002	
  1.5420000000000000e+004	 -4.7130967638640726e+002	  9.6540490018559274e+002	
  1.5450000000000000e+004	 -4.7130967638640726e+002	  9.6540490018559274e+002	
  1.5480000000000000e+004	 -4.7130967638640726e+002	  9.6540490018559274e+002	
  1.5510000000000000e+004	 -4.7130967638640726e+002	  9.6540490018559274e+002	
  1.5540000000000000e+004	 -4.7130967638640726e+002	  9.6540490018559274e+002	
  1.5570000000000000e+004	 -4.7130967638640726e+002	  9.6540490018559274e+002	
  1.5600000000000000e+004	 -4.7130967638640726e+002	  9.6540490018559274e+002	
  1.5630000000000000e+004	 -4.7130967638640726e+002	  9.6540490018559274e+002	
  1.5660000000000000e+004	 -4.7130967638640726e+002	  9.6540490018559274e+002	
  1.5690000000000000e+004	 -4.7130967638640726e+002	  9.6540490018559274e+002	
  1.5720000000000000e+004	 -4.7130967638640726e+002	  9.6540490018559274e+002	
  1.5750000000000000e+004	 -4.7130967638640726e+002	  9.6540490018559274e+002	
  1.5780000000000000e+004	 -4.7130967638640726e+002	  9.6540490018559274e+002	
  1.5810000000000000e+004	 -4.7130967638640726e+002	  9.6540490018559274e+002	
  1.5840000000000000e+004	 -4.7130967638640726e+002	  9.6540490018559274e+002	
  1.5870000000000000e+004	 -4.7130967638640726e+002	  9.6540490018559274e+002	
  1.5900000000000000e+004	 -4.7130967638640726e+002	  9.6540490018559274e+002	
  1.5930000000000000e+004	 -4.7130967638640726e+002	  9.6540490018559274e+002	
  1.5960000000000000e+004	 -4.7130967638640726e+002	  9.6540490018559274e+002	
  1.5990000000000000e+004	 -4.7130967638640726e+002	  9.6540490018559274e+002	
  1.6020000000000000e+004	 -4.7130967638640726e+002	  9.6540490018559274e+002	
  1.6050000000000000e+004	 -4.7130967638640726e+002	  9.6540490018559274e+002	
  1.6080000000000000e+004	 -4.7130967638640726e+002	  9.6540490018559274e+002	
  1.6110000000000000e+004	 -4.7130967638640726e+002	  9.6540490018559274e+002	
  1.6140000000000000e+004	 -4.7130967638640726e+002	  9.6540490018559274e+002	
  1.6170000000000000e+004	 -4.7130967638640726e+002	  9.6540490018559274e+002	
  1.6200000000000000e+004	 -4.7130967638640726e+002	  9.6540490018559274e+002	
  1.6230000000000000e+004	 -4.7130967638640726e+002	  9.6540490018559274e+002	
  1.6260000000000000e+004	 -4.7130967638640726e+002	  9.6540490018559274e+002	
  1.6290000000000000e+004	 -4.7130967638640726e+002	  9.6540490018559274e+002	
  1.6320000000000000e+004	 -4.7130967638640726e+002	  9.6540490018559274e+002	
  1.6350000000000000e+004	 -4.7130967638640726e+002	  9.6540490018559274e+002	
  1.6380000000000000e+004	 -4.7130967638640726e+002	  9.6540490018559274e+002	
  1.6410000000000000e+004	 -4.7130967638640726e+002	  9.6540490018559274e+002	
  1.6440000000000000e+004	 -4.7130967638640726e+002	  9.6540490018559274e+002	
  1.6470000000000000e+004	 -4.7130967638640726e+002	  9.6540490018559274e+002	
  1.6500000000000000e+004	 -4.7130967638640726e+002	  9.6540490018559274e+002	
  1.6530000000000000e+004	 -4.7130967638640726e+002	  9.6540490018559274e+002	
  1.6560000000000000e+004	 -4.7130967638640726e+002	  9.6540490018559274e+002	
  1.6590000000000000e+004	 -4.7130967638640726e+002	  9.6540490018559274e+002	
  1.6620000000000000e+004	 -4.7130967638640726e+002	  9.6540490018559274e+002	
  1.6650000000000000e+004	 -4.7130967638640726e+002	  9.6540490018559274e+002	
  1.6680000000000000e+004	 -4.7130967638640726e+002	  9.6540490018559274e+002	
  1.6710000000000000e+004	 -4.7130967638640726e+002	  9.6540490018559274e+002	
  1.6740000000000000e+004	 -4.7130967638640726e+002	  9.6540490018559274e+002	
  1.6770000000000000e+004	 -4.7130967638640726e+002	  9.6540490018559274e+002	
  1.6800000000000000e+004	 -4.7130967638640726e+002	  9.6540490018559274e+002	
  1.6830000000000000e+004	 -4.7130967638640726e+002	  9.6540490018559274e+002	
  1.6860000000000000e+004	 -4.7130967638640726e+002	  9.6540490018559274e+002	
  1.6890000000000000e+004	 -4.7130967638640726e+002	  9.6540490018559274e+002	
  1.6920000000000000e+004	 -4.7130967638640726e+002	  9.6540490018559274e+002	
  1.6950000000000000e+004	 -4.7130967638640726e+002	  9.6540490018559274e+002	
  1.6980000000000000e+004	 -4.7130967638640726e+002	  9.6540490018559274e+002	
  1.7010000000000000e+004	 -4.7130967638640726e+002	  9.6540490018559274e+002	
  1.7040000000000000e+004	 -4.7130967638640726e+002	  9.6540490018559274e+002	
  1.7070000000000000e+004	 -4.7130967638640726e+002	  9.6540490018559274e+002	
  1.7100000000000000e+004	 -4.7130967638640726e+002	  9.6540490018559274e+002	
  1.7130000000000000e+004	 -4.7130967638640726e+002	  9.6540490018559274e+002	
  1.7160000000000000e+004	 -4.7130967638640726e+002	  9.6540490018559274e+002	
  1.7190000000000000e+004	 -4.7130967638640726e+002	  9.6540490018559274e+002	
  1.7220000000000000e+004	 -4.7130967638640726e+002	  9.6540490018559274e+002	
  1.7250000000000000e+004	 -4.7130967638640726e+002	  9.6540490018559274e+002	
  1.7280000000000000e+004	 -4.7130967638640726e+002	  9.6540490018559274e+002	
  1.7310000000000000e+004	 -4.7130967638640726e+002	  9.6540490018559274e+002	
  1.7340000000000000e+004	 -4.7130967638640726e+002	  9.6540490018559274e+002	
  1.7370000000000000e+004	 -4.7130967638640726e+002	  9.6540490018559274e+002	
  1.7400000000000000e+004	 -4.7130967638640726e+002	  9.6540490018559274e+002	
  1.7430000000000000e+004	 -4.7130967638640726e+002	  9.6540490018559274e+002	
  1.7460000000000000e+004	 -4.7130967638640726e+002	  9.6540490018559274e+002	
  1.7490000000000000e+004	 -4.7130967638640726e+002	  9.6540490018559274e+002	
  1.7520000000000000e+004	 -4.6864770965377198e+002	  9.5864775794475247e+002	
  1.7550000000000000e+004	 -4.5695685939622297e+002	  9.2966765810478250e+002	
  1.7580000000000000e+004	 -4.5300203183950845e+002	  9.2053297177697243e+002	
  1.7610000000000000e+004	 -4.5309705799248496e+002	  9.1909698396840724e+002	
  1.7640000000000000e+004	 -4.5560153756922500e+002	  9.2549994203688425e+002	
  1.7670000000000000e+004	 -4.5454919538667366e+002	  9.1823316331749754e+002	
  1.7700000000000000e+004	 -4.5385717706317473e+002	  9.1576637507844134e+002	
  1.7730000000000000e+004	 -4.4994359315184829e+002	  9.2181311994324312e+002	
  1.7760000000000000e+004	 -4.4898447339245405e+002	  9.1686619078799527e+002	
  1.7790000000000000e+004	 -4.3366357095452713e+002	  9.1949105031541785e+002	
  1.7820000000000000e+004	 -2.8230827139245650e+002	  9.5975444081148362e+002	
  1.7850000000000000e+004	 -1.8023228651845292e+002	  7.5752244066162643e+002	
  1.7880000000000000e+004	 -1.7886082828236982e+002	  5.9221654833155992e+002	
  1.7910000000000000e+004	 -6.0506592882965968e+001	  4.7044454078208429e+002	
  1.7940000000000000e+004	 -9.0927623474540091e+000	  3.9694855104911392e+002	
  1.7970000000000000e+004	  4.2980262850487847e+001	  2.9508226260997861e+002	
  1.8000000000000000e+004	  9.5625319030308442e-001	  4.0159046358301333e+002	
  1.8030000000000000e+004	 -8.1704134958841806e+001	  5.6532233562989518e+002	
  1.8060000000000000e+004	 -1.0605870677452599e+002	  5.6757316616182197e+002	
  1.8090000000000000e+004	 -1.8267551713270500e+001	  4.2020491353234218e+002	
  1.8120000000000000e+004	  3.8493052802512466e+001	  2.9824144137306257e+002	
  1.8150000000000000e+004	  4.5197924599964878e+001	  2.9475721554708241e+002	
  1.8180000000000000e+004	  5.5687355232032168e+001	  2.8862365373383386e+002	
  1.8210000000000000e+004	  8.3017939514057119e+001	  2.6254649550025664e+002	
  1.8240000000000000e+004	  1.1304840297512219e+002	  2.6264892844747436e+002	
  1.8270000000000000e+004	  1.1834254754496769e+002	  2.6370369371321635e+002	
  1.8300000000000000e+004	  1.2826906861342803e+002	  2.6568137858648265e+002	
  1.8330000000000000e+004	  1.3819558968188838e+002	  2.6765906345974884e+002	
  1.8360000000000000e+004	  1.4812211075034872e+002	  2.6963674833301513e+002	
  1.8390000000000000e+004	  1.5804863181880907e+002	  2.7161443320628138e+002	
  1.8420000000000000e+004	  1.6797515288726942e+002	  2.7359211807954767e+002	
  1.8450000000000000e+004	  1.7790167395572973e+002	  2.7556980295281392e+002	
  1.8480000000000000e+004	  1.8782819502419011e+002	  2.7754748782608016e+002	
  1.8510000000000000e+004	  1.9984027353685454e+002	  2.9911082517427337e+002	
  1.8540000000000000e+004	  2.2583074340998883e+002	  3.1604771901742856e+002	
  1.8570000000000000e+004	  1.7995092289896735e+002	  3.8186480832237703e+002	
  1.8600000000000000e+004	  1.2489513828574164e+002	  4.6084531548831507e+002	
  1.8630000000000000e+004	  6.9839353672515884e+001	  5.3982582265425333e+002	
  1.8660000000000000e+004	  1.4783569059290146e+001	  6.1880632982019131e+002	
  1.8690000000000000e+004	 -4.0272215553935567e+001	  6.9778683698612952e+002	
  1.8720000000000000e+004	 -9.5328000167161349e+001	  7.7676734415206761e+002	
  1.8750000000000000e+004	 -1.5038378478038709e+002	  8.5574785131800581e+002	
  1.8780000000000000e+004	 -2.0543956939361280e+002	  9.3472835848394391e+002	
  1.8810000000000000e+004	 -2.6049535400683857e+002	  1.0137088656498820e+003	
  1.8840000000000000e+004	 -3.1555113862006436e+002	  1.0926893728158202e+003	
  1.8870000000000000e+004	 -3.7060692323329010e+002	  1.1716698799817582e+003	
  1.8900000000000000e+004	 -4.2566270784651579e+002	  1.2506503871476964e+003	
  1.8930000000000000e+004	 -4.8071849245974153e+002	  1.3296308943136346e+003	
  1.8960000000000000e+004	 -5.3577427707296727e+002	  1.4086114014795726e+003	
  1.8990000000000000e+004	 -5.9083006168619306e+002	  1.4875919086455108e+003	
  1.9020000000000000e+004	 -6.4588584629941874e+002	  1.5665724158114490e+003	
  1.9050000000000000e+004	 -6.0446131358913101e+002	  1.4290584262627635e+003	
  1.9080000000000000e+004	  2.0301917212417040e+000	  5.8269448649661513e+002	
  1.9110000000000000e+004	  1.5386531809795110e+002	  4.8465696243675330e+002	
  1.9140000000000000e+004	  4.7071404318698148e+002	  5.8471711930635070e+002	
  1.9170000000000000e+004	  7.8756276827601209e+002	  6.8477727617594803e+002	
  1.9200000000000000e+004	  1.1044114933650424e+003	  7.8483743304554548e+002	
  1.9230000000000000e+004	  1.4212602184540729e+003	  8.8489758991514293e+002	
  1.9260000000000000e+004	  1.7381089435431031e+003	  9.8495774678474027e+002	
  1.9290000000000000e+004	  2.0549576686321338e+003	  1.0850179036543377e+003	
  1.9320000000000000e+004	  1.3196473718171881e+003	  7.8191869415764654e+002	
  1.9350000000000000e+004	  6.4727206908460244e+002	  5.2235170558758841e+002	
  1.9380000000000000e+004	  4.1270237410733409e+002	  4.0587172024434864e+002	
  1.9410000000000000e+004	  2.9564251125703157e+002	  3.5579907290632809e+002	
  1.9440000000000000e+004	  1.8785477960710597e+002	  3.1515720125764585e+002	
  1.9470000000000000e+004	  1.6693333885679863e+002	  2.9536723183560923e+002	
  1.9500000000000000e+004	  1.7192257667576118e+002	  2.9119285093211380e+002	
  1.9530000000000000e+004	  1.5423342176537338e+002	  2.8318246673432066e+002	
  1.9560000000000000e+004	  2.4312727334372161e+002	  3.0844921588234166e+002	
  1.9590000000000000e+004	  1.9221299765226127e+002	  3.0931971105072773e+002	
  1.9620000000000000e+004	  1.2082003170352523e+002	  2.9624887308037268e+002	
  1.9650000000000000e+004	  1.0668230361459571e+002	  2.8768413838580301e+002	
  1.9680000000000000e+004	  2.0846252910463440e+002	  2.9548746262284828e+002	
  1.9710000000000000e+004	  2.4510289654875268e+002	  2.7523664210597656e+002	
  1.9740000000000000e+004	  2.3371709621011615e+002	  2.6025336809469979e+002	
  1.9770000000000000e+004	  1.6295520445442790e+002	  2.6535836257599249e+002	
  1.9800000000000000e+004	  6.3068149202163909e+001	  2.4986971109206644e+002	
  1.9830000000000000e+004	  1.0059057073416577e+002	  2.5749270472430464e+002	
  1.9860000000000000e+004	  1.5001150499275246e+002	  2.8812939349239485e+002	
  1.9890000000000000e+004	  9.7238078651958062e+001	  2.8356760802512747e+002	
  1.9920000000000000e+004	  3.4407243192490441e+001	  2.7223331142932665e+002	
  1.9950000000000000e+004	  5.2734749961817911e+001	  2.7978284235457403e+002	
  1.9980000000000000e+004	  1.1389102866138019e+002	  3.0416573591274675e+002	
  2.0010000000000000e+004	  1.2476231487004343e+002	  3.0798390684755719e+002	
  2.0040000000000000e+004	  1.0542741247438917e+002	  3.0196610803605910e+002	
  2.0070000000000000e+004	  1.3767551388315505e+002	  2.9896278707214998e+002	
  2.0100000000000000e+004	  1.3429795949091022e+002	  2.8504591435775654e+002	
  2.0130000000000000e+004	  1.2838365464273278e+002	  2.6551199309428432e+002	
  2.0160000000000000e+004	  1.5211616556843882e+002	  2.8909116790680628e+002	
  2.0190000000000000e+004	  1.3034673753723573e+002	  2.8974349170759831e+002	
  2.0220000000000000e+004	  1.3119111945269822e+002	  2.8978578740681752e+002	
  2.0250000000000000e+004	  1.3876733746777825e+002	  2.8692940178924056e+002	
  2.0280000000000000e+004	  1.3601184794995544e+002	  2.8629488183995102e+002	
  2.0310000000000000e+004	  1.3703550462101344e+002	  2.8331382921989587e+002	
  2.0340000000000000e+004	  1.3522123490630378e+002	  2.8031494445654340e+002	
  2.0370000000000000e+004	  1.3481427495318505e+002	  2.8142587545033723e+002	
  2.0400000000000000e+004	  1.3866153787006110e+002	  2.8496130867986136e+002	
  2.0430000000000000e+004	  1.3816314795173611e+002	  2.8385704531038829e+002	
  2.0460000000000000e+004	  1.3838187702371562e+002	  2.5416878076487538e+002	
  2.0490000000000000e+004	  1.5066046712908474e+002	  2.5287082012717801e+002	
  2.0520000000000000e+004	  1.5336750331878383e+002	  2.5553350873130458e+002	
  2.0550000000000000e+004	  1.6652636812416026e+002	  2.4602927263832262e+002	
  2.0580000000000000e+004	 -8.1055008795966387e+002	  2.6007866723836382e+003	
  2.0610000000000000e+004	 -9.7586170918292424e+001	  8.0911568748355603e+002	
  2.0640000000000000e+004	  3.4988740686587563e+000	  5.4821289393417726e+002	
  2.0670000000000000e+004	  3.6775612438717282e+001	  4.7109686101325281e+002	
  2.0700000000000000e+004	  9.9964207536327308e+001	  3.3332414528642857e+002	
  2.0730000000000000e+004	  1.2650308842800015e+002	  3.1629930086389879e+002	
  2.0760000000000000e+004	  1.5348227620703636e+002	  3.1507704061265878e+002	
  2.0790000000000000e+004	  1.8235642064430954e+002	  3.2326107225626367e+002	
  2.0820000000000000e+004	  5.6248416414539932e+001	  3.2309632525257678e+002	
  2.0850000000000000e+004	  5.0911431618749717e+001	  3.3906809704150760e+002	
  2.0880000000000000e+004	 -2.5491381947148366e+001	  2.9612567391257420e+002	
  2.0910000000000000e+004	 -1.1364847452318460e+002	  2.4657672414842025e+002	
  2.0940000000000000e+004	 -2.0180556709922084e+002	  1.9702777438426637e+002	
  2.0970000000000000e+004	 -2.8996265967525704e+002	  1.4747882462011245e+002	
  2.1000000000000000e+004	 -3.7811975225129328e+002	  9.7929874855958516e+001	
  2.1030000000000000e+004	 -1.2505659367095072e+002	  1.9622599410600534e+002	
  2.1060000000000000e+004	 -1.2917990790940783e+002	  2.1651910045757634e+002	
  2.1090000000000000e+004	 -1.5195688811411762e+002	  2.2133914225836676e+002	
  2.1120000000000000e+004	 -7.0135494579891997e+001	  2.1557293577390874e+002	
  2.1150000000000000e+004	  1.3825444551299333e+003	  8.0803591464012754e+002	
  2.1180000000000000e+004	  9.7369726382127340e+002	  7.7226972262818606e+002	
  2.1210000000000000e+004	 -5.7099928537953201e+003	  2.2480205571983493e+003	
  2.1240000000000000e+004	 -5.4558063916606470e+003	  2.1433600183795802e+003	
  2.1270000000000000e+004	 -4.6075500959045830e+003	  1.8001984119151673e+003	
  2.1300000000000000e+004	 -3.7592938001485195e+003	  1.4570368054507544e+003	
  2.1330000000000000e+004	 -2.9110375043924569e+003	  1.1138751989863413e+003	
  2.1360000000000000e+004	 -2.0627812086363938e+003	  7.7071359252192838e+002	
  2.1390000000000000e+004	 -1.2145249128803307e+003	  4.2755198605751542e+002	
  2.1420000000000000e+004	 -3.7758165488666975e+002	  9.7899599708812048e+001	
  2.1450000000000000e+004	 -2.2226613902860695e+001	  1.6877073437410581e+002	
  2.1480000000000000e+004	  1.4081307352981455e+001	  1.8869316881575841e+002	
  2.1510000000000000e+004	 -2.9787532998364362e+001	  1.9911800576289565e+002	
  2.1540000000000000e+004	 -1.3869999455062933e+001	  2.0996253577078687e+002	
  2.1570000000000000e+004	  1.1389526821193391e+001	  2.1507867115380844e+002	
  2.1600000000000000e+004	  5.8681303165769535e+001	  2.2728233775232312e+002	
  2.1630000000000000e+004	  5.8953760737750017e+001	  2.3401370746176553e+002	
  2.1660000000000000e+004	  7.6767480824715449e+001	  2.4114466610922733e+002	
  2.1690000000000000e+004	  9.1450201948462706e+001	  2.4641775916654416e+002	
  2.1720000000000000e+004	  9.0547480138704742e+001	  2.4754319358642329e+002	
  2.1750000000000000e+004	  4.4810690135140092e+001	  2.4259180564230695e+002	
  2.1780000000000000e+004	  5.7834201593400664e+001	  2.4422703499879876e+002	
  2.1810000000000000e+004	  5.5159385459225724e+001	  2.4633428140701670e+002	
  2.1840000000000000e+004	  9.0587875210458165e+001	  2.5247896922740696e+002	
  2.1870000000000000e+004	  9.2736443557852738e+001	  2.6009419407144833e+002	
  2.1900000000000000e+004	  1.2710991064962562e+002	  2.6658953300931114e+002	
  2.1930000000000000e+004	  7.8014362432733691e+001	  2.6391013355898974e+002	
  2.1960000000000000e+004	  1.4879241911087612e+002	  2.6779397838682206e+002	
  2.1990000000000000e+004	  1.6035292776050730e+002	  2.7509723655597918e+002	
  2.2020000000000000e+004	  2.8789563314822158e+002	  3.1626567390519978e+002	
  2.2050000000000000e+004	  4.1543833853593577e+002	  3.5743411125442037e+002	
  2.2080000000000000e+004	  5.4298104392365008e+002	  3.9860254860364097e+002	
  2.2110000000000000e+004	  6.7052374931136433e+002	  4.3977098595286151e+002	
  2.2140000000000000e+004	  7.9806645469907858e+002	  4.8093942330208210e+002	
  2.2170000000000000e+004	  9.2560916008679283e+002	  5.2210786065130276e+002	
  2.2200000000000000e+004	  1.0531518654745071e+003	  5.6327629800052330e+002	
  2.2230000000000000e+004	  1.1806945708622213e+003	  6.0444473534974395e+002	
  2.2260000000000000e+004	  1.3082372762499356e+003	  6.4561317269896449e+002	
  2.2290000000000000e+004	  1.4357799816376496e+003	  6.8678161004818503e+002	
  2.2320000000000000e+004	  1.5633226870253643e+003	  7.2795004739740580e+002	
  2.2350000000000000e+004	  1.6908653924130783e+003	  7.6911848474662634e+002	
  2.2380000000000000e+004	  1.8184080978007923e+003	  8.1028692209584688e+002	
  2.2410000000000000e+004	  1.9459508031885068e+003	  8.5145535944506742e+002	
  2.2440000000000000e+004	  2.0734935085762208e+003	  8.9262379679428818e+002	
  2.2470000000000000e+004	  2.2010362139639356e+003	  9.3379223414350861e+002	
  2.2500000000000000e+004	  2.0683546708449153e+003	  7.5776288442922373e+002	
  2.2530000000000000e+004	  1.6400632386443176e+003	  6.0880947389916560e+002	
  2.2560000000000000e+004	  1.0339589975641538e+003	  4.7518219816547673e+002	
  2.2590000000000000e+004	  2.5147616148405123e+002	  3.2500875339881924e+002	
  2.2620000000000000e+004	  2.8121619792888617e+002	  3.1757053520677727e+002	
  2.2650000000000000e+004	  2.9399675859082305e+002	  3.1124105073864041e+002	
  2.2680000000000000e+004	  2.0483756269001506e+002	  2.9027782348482572e+002	
  2.2710000000000000e+004	  2.5600861334761447e+001	  2.5438026786556438e+002	
  2.2740000000000000e+004	 -3.5687593551587533e+001	  2.4209977443494844e+002	
  2.2770000000000000e+004	 -7.2755063133743194e+000	  2.4255240773902366e+002	
  2.2800000000000000e+004	  2.5507671269179390e+001	  2.4307467693603351e+002	
  2.2830000000000000e+004	  5.8290848851733095e+001	  2.4359694613304339e+002	
  2.2860000000000000e+004	  9.1074026434286807e+001	  2.4411921533005321e+002	
  2.2890000000000000e+004	  1.2877806229201627e+002	  2.4291128755156174e+002	
  2.2920000000000000e+004	  1.4258948307500367e+002	  2.5153723427630604e+002	
  2.2950000000000000e+004	  1.5972912418377882e+002	  2.5633278704236903e+002	
  2.2980000000000000e+004	  1.2381748269875978e+002	  2.5061442394386185e+002	
  2.3010000000000000e+004	  7.5569964436059564e+001	  2.4732611280458360e+002	
  2.3040000000000000e+004	  2.7758252345463223e+001	  2.4045451180850395e+002	
  2.3070000000000000e+004	  1.6165363897547570e+002	  2.6977654079359212e+002	
  2.3100000000000000e+004	  1.5097061805016853e+002	  2.6282812755925318e+002	
  2.3130000000000000e+004	  1.5780279583385033e+002	  2.6358842355062973e+002	
  2.3160000000000000e+004	  1.5384530054413966e+002	  2.6426856639638561e+002	
  2.3190000000000000e+004	  1.6993438284042065e+002	  2.6890938222671855e+002	
  2.3220000000000000e+004	  1.4941628935947796e+002	  2.6566781444402443e+002	
  2.3250000000000000e+004	  1.5254736767506000e+002	  2.7100993809372437e+002	
  2.3280000000000000e+004	  1.4268089088392253e+002	  2.7060586440470883e+002	
  2.3310000000000000e+004	  1.1871624040478484e+002	  2.7430825899476815e+002	
  2.3340000000000000e+004	  8.7437959994566924e+001	  2.6985778884216336e+002	
  2.3370000000000000e+004	  8.7423821978670233e+001	  2.7433207641862577e+002	
  2.3400000000000000e+004	  9.0231253065069524e+001	  2.6437365934724795e+002	
  2.3430000000000000e+004	  1.6083614326610345e+002	  2.7918728814915238e+002	
  2.3460000000000000e+004	  2.0849927202410080e+002	  2.8759730909599267e+002	
  2.3490000000000000e+004	  2.9619377978503144e+002	  2.9946147629110709e+002	
  2.3520000000000000e+004	  4.7364356578468744e+002	  3.3223879021175526e+002	
  2.3550000000000000e+004	  6.2971471142153018e+002	  3.6559385522548894e+002	
  2.3580000000000000e+004	  5.0928626190010380e+002	  3.1833418029045868e+002	
  2.3610000000000000e+004	  3.6696196039495442e+002	  3.1465181365431954e+002	
  2.3640000000000000e+004	  3.5475150051630123e+002	  3.0642660417188370e+002	
  2.3670000000000000e+004	  3.1740479330844636e+002	  2.9340359979810427e+002	
  2.3700000000000000e+004	  2.7877804426341589e+002	  3.0453420962717178e+002	
  2.3730000000000000e+004	  2.0480710896598276e+002	  2.9149785275169620e+002	
  2.3760000000000000e+004	  1.9236894337504469e+002	  2.8461177467352491e+002	
  2.3790000000000000e+004	  1.6864371849956308e+002	  2.7876784261406647e+002	
  2.3820000000000000e+004	  1.3769777300980451e+002	  2.7114532253651197e+002	
  2.3850000000000000e+004	  1.0675182752004589e+002	  2.6352280245895741e+002	
  2.3880000000000000e+004	  1.2859164260863571e+002	  2.8900880087246082e+002	
  2.3910000000000000e+004	  1.2716640240324944e+002	  2.6858212862503473e+002	
  2.3940000000000000e+004	  1.3915096627192995e+002	  2.6030013913715624e+002	
  2.3970000000000000e+004	  1.7355397908891905e+002	  2.7822217710045220e+002	
  2.4000000000000000e+004	  1.6688489368225152e+002	  2.8906444231247474e+002	
  2.4030000000000000e+004	  1.5641521241061670e+002	  2.8269710960841360e+002	
  2.4060000000000000e+004	  2.1744064933644333e+002	  2.8451159725764478e+002	
  2.4090000000000000e+004	  1.6144389944563184e+002	  2.8563587181232606e+002	
  2.4120000000000000e+004	  1.7549911859227268e+002	  2.9008857562760522e+002	
  2.4150000000000000e+004	  1.8498277092138326e+002	  2.8912013552710800e+002	
  2.4180000000000000e+004	  1.7021946331306836e+002	  2.7804404869065894e+002	
  2.4210000000000000e+004	  1.4574831011404669e+002	  2.7635205097649822e+002	
  2.4240000000000000e+004	  1.6996844466813803e+002	  2.8436688718182893e+002	
  2.4270000000000000e+004	  1.6344281346963075e+002	  2.9694570942236311e+002	
  2.4300000000000000e+004	  1.2964036317876329e+002	  2.7637430846647538e+002	
  2.4330000000000000e+004	  1.3108988032387512e+002	  2.7551363572691105e+002	
  2.4360000000000000e+004	  1.3543843175921063e+002	  2.7293161750821793e+002	
  2.4390000000000000e+004	  1.4868487344096371e+002	  2.7003702403804601e+002	
  2.4420000000000000e+004	 -3.9940062567784715e+001	  2.7512645497804704e+002	
  2.4450000000000000e+004	 -4.2175069358265745e+002	  2.4963038152746685e+002	
  2.4480000000000000e+004	 -4.4022057626818787e+002	  2.3137435167636281e+002	
  2.4510000000000000e+004	 -4.9461256564155559e+002	  2.2515674497598823e+002	
  2.4540000000000000e+004	 -6.7659745724260335e+002	  2.0519206109690637e+002	
  2.4570000000000000e+004	 -8.5858234884365106e+002	  1.8522737721782454e+002	
  2.4600000000000000e+004	 -1.0405672404446987e+003	  1.6526269333874265e+002	
  2.4630000000000000e+004	 -1.2225521320457465e+003	  1.4529800945966082e+002	
  2.4660000000000000e+004	 -1.4045370236467943e+003	  1.2533332558057897e+002	
  2.4690000000000000e+004	 -1.5865219152478419e+003	  1.0536864170149713e+002	
  2.4720000000000000e+004	 -1.7685068068488899e+003	  8.5403957822415279e+001	
  2.4750000000000000e+004	 -1.9504916984499375e+003	  6.5439273943333419e+001	
  2.4780000000000000e+004	 -2.1324765900509851e+003	  4.5474590064251565e+001	
  2.4810000000000000e+004	 -2.1292513181795939e+003	  4.3988761099408485e+001	
  2.4840000000000000e+004	 -1.7813436725393083e+003	  9.4619957630446038e+001	
  2.4870000000000000e+004	 -6.9789264780967335e+002	  2.0225606426864437e+002	
  2.4900000000000000e+004	 -7.4239058467417323e+001	  2.4227231889520408e+002	
  2.4930000000000000e+004	  1.4631395579799408e+002	  2.6270346931594361e+002	
  2.4960000000000000e+004	  1.4827074851718561e+002	  2.6100032865488976e+002	
  2.4990000000000000e+004	  1.6750161549836565e+002	  2.6221255415902624e+002	
  2.5020000000000000e+004	  1.2372785790912387e+002	  2.6095577520666916e+002	
  2.5050000000000000e+004	  1.8823844229108332e+002	  2.6254874122981198e+002	
  2.5080000000000000e+004	  1.6502044846933714e+002	  2.6438099790942010e+002	
  2.5110000000000000e+004	 -1.9257757457180205e+001	  2.6180290162917231e+002	
  2.5140000000000000e+004	  2.6737075282535301e+002	  2.7389305644117223e+002	
  2.5170000000000000e+004	  2.8095804472662729e+002	  2.7658804094112986e+002	
  2.5200000000000000e+004	  2.4325277261521714e+002	  2.7857728485275180e+002	
  2.5230000000000000e+004	  1.4935982911845852e+002	  2.4940662557972587e+002	
  2.5260000000000000e+004	  1.7532610804747497e+002	  2.6596727429723296e+002	
  2.5290000000000000e+004	  1.7390746806322952e+001	  2.7013834402639822e+002	
  2.5320000000000000e+004	  7.3383870396581896e+000	  2.7281216189206788e+002	
  2.5350000000000000e+004	  1.9314278628398069e+003	  4.5542912051132038e+002	
  2.5380000000000000e+004	  3.9218652515985809e+003	  6.4434321563468507e+002	
  2.5410000000000000e+004	  3.4649472964904548e+003	  5.9209521039186848e+002	
  2.5440000000000000e+004	  2.7944131723563519e+003	  5.3171236173729835e+002	
  2.5470000000000000e+004	  2.3934200521575708e+003	  4.8024601796109494e+002	
  2.5500000000000000e+004	  1.9213387406252150e+003	  4.3780192220114242e+002	
  2.5530000000000000e+004	  1.6265225452756863e+003	  3.9205838246688791e+002	
  2.5560000000000000e+004	  1.4496356982429613e+003	  3.6535006498663449e+002	
  2.5590000000000000e+004	  1.1330509510882762e+003	  3.5841612759519103e+002	
  2.5620000000000000e+004	  9.2278745562083282e+002	  3.4998274601867541e+002	
  2.5650000000000000e+004	  1.7050183440161939e+002	  3.1823351146854719e+002	
  2.5680000000000000e+004	  9.7074944289174653e+001	  3.0083066536976548e+002	
  2.5710000000000000e+004	  9.7074944289174653e+001	  3.0083066536976548e+002	
  2.5740000000000000e+004	  9.7074944289174653e+001	  3.0083066536976548e+002	
  2.5770000000000000e+004	  9.7074944289174653e+001	  3.0083066536976548e+002	
  2.5800000000000000e+004	  9.7074944289174653e+001	  3.0083066536976548e+002	
  2.5830000000000000e+004	  9.7074944289174653e+001	  3.0083066536976548e+002	
  2.5860000000000000e+004	  9.7074944289174653e+001	  3.0083066536976548e+002	
  2.5890000000000000e+004	  9.7074944289174653e+001	  3.0083066536976548e+002	
  2.5920000000000000e+004	  9.7074944289174653e+001	  3.0083066536976548e+002	
  2.5950000000000000e+004	  9.7074944289174653e+001	  3.0083066536976548e+002	
  2.5980000000000000e+004	  9.7074944289174653e+001	  3.0083066536976548e+002	
  2.6010000000000000e+004	  9.7074944289174653e+001	  3.0083066536976548e+002	
  2.6040000000000000e+004	  9.7074944289174653e+001	  3.0083066536976548e+002	
  2.6070000000000000e+004	  1.1959639388725003e+002	  2.9203844216341190e+002	
  2.6100000000000000e+004	  1.5704391907441752e+002	  2.7741917893449164e+002	
  2.6130000000000000e+004	  1.7584599805160593e+002	  2.7034873018188301e+002	
  2.6160000000000000e+004	  1.6210721486324496e+002	  2.7455540241576068e+002	
  2.6190000000000000e+004	  1.5618661198910178e+002	  2.7548712223854358e+002	
  2.6220000000000000e+004	  1.9977394700308270e+002	  2.6202329610108848e+002	
  2.6250000000000000e+004	  2.1345804503740538e+002	  2.6257212158110104e+002	
  2.6280000000000000e+004	  1.6627716165638472e+002	  2.7339323872239845e+002	
  2.6310000000000000e+004	  1.5991378693797452e+002	  2.7316392195139650e+002	
  2.6340000000000000e+004	  1.5963230940324070e+002	  2.7408785859648515e+002	
  2.6370000000000000e+004	  1.3578325617240984e+002	  2.7827225962118916e+002	
  2.6400000000000000e+004	  1.1837647211494286e+002	  2.8271160047954754e+002	
  2.6430000000000000e+004	  1.1910078788228900e+002	  2.8584405331898904e+002	
  2.6460000000000000e+004	  1.2630675236188965e+002	  2.8735685561026150e+002	
  2.6490000000000000e+004	  1.3752670877398751e+002	  2.8567932241691716e+002	
  2.6520000000000000e+004	  1.5782702586537053e+002	  2.7884108567250058e+002	
  2.6550000000000000e+004	  1.6707494933984592e+002	  2.7181032310569583e+002	
  2.6580000000000000e+004	  1.7852348303864977e+002	  2.6530605545197159e+002	
  2.6610000000000000e+004	  1.5332360458424972e+002	  2.9215350105049185e+002	
  2.6640000000000000e+004	  1.7645914816273344e+002	  2.8263589358333257e+002	
  2.6670000000000000e+004	  2.2619110257100039e+002	  2.7781474903377926e+002	
  2.6700000000000000e+004	  2.3235638965936923e+002	  2.6964742621718551e+002	
  2.6730000000000000e+004	  2.5216636677833759e+002	  2.5096173065180383e+002	
  2.6760000000000000e+004	  1.5335499259642410e+002	  2.7095762598708222e+002	
  2.6790000000000000e+004	  6.1474360601307851e+001	  2.9891268457628098e+002	
  2.6820000000000000e+004	  9.5063456998336079e+001	  2.8725668043493670e+002	
  2.6850000000000000e+004	  1.3525619725060636e+002	  2.7359582840310486e+002	
  2.6880000000000000e+004	  1.4639998254202530e+002	  2.6268677573062098e+002	
  2.6910000000000000e+004	  1.4084509448573661e+002	  2.6922664121543204e+002	
  2.6940000000000000e+004	  1.3419217227740143e+002	  2.8650082307190462e+002	
  2.6970000000000000e+004	  1.1884890143082107e+002	  2.9563884729295512e+002	
  2.7000000000000000e+004	  1.2342670592082750e+002	  3.1061989939055371e+002	
  2.7030000000000000e+004	  1.5489584518605565e+002	  3.0165109210837119e+002	
  2.7060000000000000e+004	  2.4385335394909640e+002	  2.2964782654597144e+002	
  2.7090000000000000e+004	  4.0499352087749651e+002	 -5.2927299675401585e+001	
  2.7120000000000000e+004	  6.0414129200536513e+002	 -2.1713971339057105e+002	
  2.7150000000000000e+004	  4.4472822734787036e+002	 -3.8103945846298473e+001	
  2.7180000000000000e+004	  2.8531516269037547e+002	  1.4093182169797413e+002	
  2.7210000000000000e+004	  1.8232054809936449e+002	  2.6125744662081252e+002	
  2.7240000000000000e+004	  8.9572295159659035e+001	  2.9165814030167530e+002	
  2.7270000000000000e+004	  1.3111939060001632e+002	  2.7993646151322736e+002	
  2.7300000000000000e+004	  1.3505452401035043e+002	  2.7994759318127728e+002	
  2.7330000000000000e+004	  1.4101539786509625e+002	  2.7670826608435829e+002	
  2.7360000000000000e+004	  2.2713050160925073e+002	  2.4979178509887839e+002	
  2.7390000000000000e+004	  1.4387483433712487e+002	  2.6704593754975787e+002	
  2.7420000000000000e+004	  1.2578591501799012e+002	  2.6770269977367536e+002	
  2.7450000000000000e+004	  1.5506171197616922e+002	  2.4794394299663327e+002	
  2.7480000000000000e+004	  1.2773110915555921e+002	  2.6628900279995452e+002	
  2.7510000000000000e+004	  1.2645825848374707e+002	  2.7941327393493430e+002	
  2.7540000000000000e+004	  1.7103511930076891e+002	  2.6666745083353760e+002	
  2.7570000000000000e+004	  1.5680066143259035e+002	  2.7203293885551022e+002	
  2.7600000000000000e+004	  1.5967802178213898e+002	  2.6950604833274633e+002	
  2.7630000000000000e+004	  1.6223274679837422e+002	  2.6794758035719673e+002	
  2.7660000000000000e+004	  1.6488602010782105e+002	  2.6725745590397491e+002	
  2.7690000000000000e+004	  1.6356832540659744e+002	  2.6962850150864392e+002	
  2.7720000000000000e+004	  1.4106022817388899e+002	  2.7626298673685653e+002	
  2.7750000000000000e+004	  1.3387130612687358e+002	  2.7806634940512492e+002	
  2.7780000000000000e+004	  1.1574653524775373e+002	  2.8336502833764848e+002	
  2.7810000000000000e+004	  1.3597779809996217e+002	  2.8104961522832474e+002	
  2.7840000000000000e+004	  1.4044172096380089e+002	  2.5641513118262026e+002	
  2.7870000000000000e+004	  1.4609791690168817e+002	  2.6207003791588414e+002	
  2.7900000000000000e+004	  1.5085764538255125e+002	  2.6586597252849515e+002	
  2.7930000000000000e+004	  1.4180139089010785e+002	  2.7569060019789430e+002	
  2.7960000000000000e+004	  1.1270962241352333e+002	  2.8066225109957043e+002	
  2.7990000000000000e+004	  1.2076179222745301e+002	  2.7673386471949942e+002	
  2.8020000000000000e+004	  1.1000522246043434e+002	  2.7889564336961450e+002	
  2.8050000000000000e+004	  1.1104138817741909e+002	  2.7877432234914556e+002	
  2.8080000000000000e+004	  1.1912765990169945e+002	  2.7811196852860024e+002	
  2.8110000000000000e+004	  1.2713050178429607e+002	  2.7757766151187940e+002	
  2.8140000000000000e+004	  1.3428719722028094e+002	  2.7531346085180354e+002	
  2.8170000000000000e+004	  1.4192525206859128e+002	  2.7204851671951411e+002	
  2.8200000000000000e+004	  1.4826442368940332e+002	  2.6819586292209300e+002	
  2.8230000000000000e+004	  1.7320078396526091e+002	  2.5995726961757020e+002	
  2.8260000000000000e+004	  1.4677915210689554e+002	  2.6883812702610470e+002	
  2.8290000000000000e+004	  1.3956063750627249e+002	  2.7244036549264740e+002	
  2.8320000000000000e+004	  1.7905412995057040e+002	  2.5917581716955397e+002	
  2.8350000000000000e+004	  1.4975511062209705e+002	  2.6811346498787890e+002	
  2.8380000000000000e+004	  1.3001867866228892e+002	  2.7401994844724425e+002	
  2.8410000000000000e+004	  7.0953588093477052e+001	  2.9153458642687900e+002	
  2.8440000000000000e+004	  1.2085944272586907e+002	  2.7850939332533619e+002	
  2.8470000000000000e+004	  1.2727301524242948e+002	  2.7733721430339290e+002	
  2.8500000000000000e+004	  1.2390263386952010e+002	  2.8239991273318378e+002	
  2.8530000000000000e+004	  1.2966011081606510e+002	  2.7936650388218516e+002	
  2.8560000000000000e+004	  1.5208302617266517e+002	  2.7131271274004433e+002	
  2.8590000000000000e+004	  1.6726048842719371e+002	  2.6480512754188442e+002	
  2.8620000000000000e+004	  1.6921013219407732e+002	  2.6419176456643800e+002	
  2.8650000000000000e+004	  1.5907654624093090e+002	  2.6757692872934524e+002	
  2.8680000000000000e+004	  1.6342580225961910e+002	  2.6971085318189091e+002	
  2.8710000000000000e+004	  1.1678722291032636e+002	  2.6609194220817102e+002	
  2.8740000000000000e+004	  1.2180332616219134e+002	  2.6365743490016098e+002	
  2.8770000000000000e+004	  1.2584604511315187e+002	  2.6286708849441550e+002	
  2.8800000000000000e+004	  1.3012086338290209e+002	  2.6209118982936582e+002	
  2.8830000000000000e+004	  1.3583342843642529e+002	  2.6096023288381468e+002	
  2.8860000000000000e+004	  1.4180515220127978e+002	  2.6023110380158380e+002	
  2.8890000000000000e+004	  1.4828144066166425e+002	  2.6020216367543367e+002	
  2.8920000000000000e+004	  1.4122697236173036e+002	  2.6391792697979218e+002	
  2.8950000000000000e+004	  1.2598765111639901e+002	  2.6295168663900984e+002	
  2.8980000000000000e+004	  1.0587290697474059e+002	  2.6264112386746604e+002	
  2.9010000000000000e+004	  8.7094684295506099e+001	  2.6189084450504720e+002	
  2.9040000000000000e+004	  9.1411773991079173e+001	  2.6256622134279331e+002	
  2.9070000000000000e+004	  1.0342964520634749e+002	  2.6377480554974397e+002	
  2.9100000000000000e+004	  1.1544751642161580e+002	  2.6498338975669469e+002	
  2.9130000000000000e+004	  1.6278846261374110e+002	  2.5872499160522995e+002	
  2.9160000000000000e+004	  1.3961705624573295e+002	  2.6486411180878673e+002	
  2.9190000000000000e+004	  1.3623327395868859e+002	  2.6542626405371328e+002	
  2.9220000000000000e+004	  1.2795072417776524e+002	  2.7083628942860594e+002	
  2.9250000000000000e+004	  8.6578379452472362e+001	  2.6355057184955086e+002	
  2.9280000000000000e+004	  8.3503785917666704e+001	  2.6836504378117831e+002	
  2.9310000000000000e+004	  1.0262802902297935e+002	  2.5615355149847056e+002	
  2.9340000000000000e+004	  1.2396632336720879e+002	  2.4618510859519716e+002	
  2.9370000000000000e+004	  1.1623953834766226e+002	  2.4679734417648561e+002	
  2.9400000000000000e+004	 -6.2721277795022781e+000	  1.6175012782873338e+002	
  2.9430000000000000e+004	 -1.5328612713209972e+002	  5.9693468211430769e+001	
  2.9460000000000000e+004	 -3.0030012648469710e+002	 -4.2363191405871881e+001	
  2.9490000000000000e+004	 -4.4731412583729463e+002	 -1.4441985102317446e+002	
  2.9520000000000000e+004	 -5.9432812518989203e+002	 -2.4647651064047710e+002	
  2.9550000000000000e+004	 -7.4134212454248950e+002	 -3.4853317025777972e+002	
  2.9580000000000000e+004	 -8.8835612389508708e+002	 -4.5058982987508227e+002	
  2.9610000000000000e+004	 -1.0353701232476844e+003	 -5.5264648949238494e+002	
  2.9640000000000000e+004	 -1.1823841226002819e+003	 -6.5470314910968750e+002	
  2.9670000000000000e+004	 -1.3293981219528794e+003	 -7.5675980872699017e+002	
  2.9700000000000000e+004	 -1.4764121213054768e+003	 -8.5881646834429284e+002	
  2.9730000000000000e+004	 -1.6234261206580743e+003	 -9.6087312796159540e+002	
  2.9760000000000000e+004	 -1.7704401200106715e+003	 -1.0629297875788980e+003	
  2.9790000000000000e+004	 -1.9174541193632692e+003	 -1.1649864471962007e+003	
  2.9820000000000000e+004	 -2.0644681187158667e+003	 -1.2670431068135033e+003	
  2.9850000000000000e+004	 -2.2114821180684644e+003	 -1.3690997664308059e+003	
  2.9880000000000000e+004	 -2.3584961174210616e+003	 -1.4711564260481086e+003	
  2.9910000000000000e+004	 -2.5055101167736589e+003	 -1.5732130856654110e+003	
  2.9940000000000000e+004	 -2.6525241161262566e+003	 -1.6752697452827140e+003	
  2.9970000000000000e+004	 -2.7995381154788538e+003	 -1.7773264049000163e+003	
  3.0000000000000000e+004	 -2.9465521148314515e+003	 -1.8793830645173193e+003	
  3.0030000000000000e+004	 -3.0935661141840487e+003	 -1.9814397241346217e+003	
  3.0060000000000000e+004	 -3.2405801135366464e+003	 -2.0834963837519244e+003	
  3.0090000000000000e+004	 -1.1178943660816392e+003	 -5.6568387911506466e+002	
