  0.0000000000000000e+000	 -2.9035774025242767e+002	  9.5596520814558073e+002	
  3.0000000000000000e+001	 -2.9313653496740227e+002	  9.4004685782769582e+002	
  6.0000000000000000e+001	 -2.9681168741116090e+002	  9.3626207720437571e+002	
  9.0000000000000000e+001	 -3.0021791582437305e+002	  9.3481496282931414e+002	
  1.2000000000000000e+002	 -2.9636348356721510e+002	  9.3726393371035886e+002	
  1.5000000000000000e+002	 -2.9833551514636065e+002	  9.3659603111157492e+002	
  1.8000000000000000e+002	 -3.0891278600170614e+002	  9.2179086001816711e+002	
  2.1000000000000000e+002	 -3.0353451165829250e+002	  9.3303388295064963e+002	
  2.4000000000000000e+002	 -2.9582564025883255e+002	  9.3125280595803724e+002	
  2.7000000000000000e+002	 -2.9555673358755212e+002	  9.3659603111157492e+002	
  3.0000000000000000e+002	 -2.1308990290731521e+002	  9.6987984235327849e+002	
  3.3000000000000000e+002	 -1.5339109775726672e+002	  1.0050560445204464e+003	
  3.6000000000000000e+002	 -1.7329069453487705e+002	  9.9592804617224647e+002	
  3.9000000000000000e+002	 -2.9564638613687424e+002	  9.3359047018851811e+002	
  4.2000000000000000e+002	 -2.8973029290600056e+002	  9.3637340197628976e+002	
  4.5000000000000000e+002	 -2.9663238969974822e+002	  9.4405427989481234e+002	
  4.8000000000000000e+002	 -2.8847534318394707e+002	  9.4394296149453419e+002	
  5.1000000000000000e+002	 -2.8596550451683311e+002	  9.1934188242236644e+002	
  5.4000000000000000e+002	 -2.9367435130878005e+002	  9.3225466838364889e+002	
  5.7000000000000000e+002	 -2.9466036315277586e+002	  9.3158676184920910e+002	
  6.0000000000000000e+002	 -2.9627383460216356e+002	  9.2680012560305533e+002	
  6.3000000000000000e+002	 -2.9403288149488446e+002	  9.2846988719214403e+002	
  6.6000000000000000e+002	 -2.9878369316212184e+002	  9.3125280595803724e+002	
  6.9000000000000000e+002	 -2.9878369316212184e+002	  9.2891515145632479e+002	
  7.2000000000000000e+002	 -2.9976971260640676e+002	  9.3748656333341648e+002	
  7.5000000000000000e+002	 -2.9591530291040903e+002	  9.3904500297882953e+002	
  7.8000000000000000e+002	 -2.9457071714107968e+002	  9.3581680976918312e+002	
  8.1000000000000000e+002	 -2.8766860771492276e+002	  9.3670734994406871e+002	
  8.4000000000000000e+002	 -2.9080594445493585e+002	  9.2245876022701032e+002	
  8.7000000000000000e+002	 -2.9448107451200946e+002	  9.2056637120579956e+002	
  9.0000000000000000e+002	 -2.9510855202034776e+002	  9.2991700694716224e+002	
  9.3000000000000000e+002	 -2.9358471188202515e+002	  9.3470364088331223e+002	
  9.6000000000000000e+002	 -2.8999918271212027e+002	  9.4038081238514053e+002	
  9.9000000000000000e+002	 -2.9708058310236999e+002	  9.2746803161039520e+002	
  1.0200000000000000e+003	 -3.0837495002487549e+002	  9.3993554530710537e+002	
  1.0500000000000000e+003	 -2.9636348356721510e+002	  9.3782051943511169e+002	
  1.0800000000000000e+003	 -2.9143340046473219e+002	  9.3826579385100740e+002	
  1.1100000000000000e+003	 -2.8990955971629347e+002	  9.2846988719214403e+002	
  1.1400000000000000e+003	 -2.8838571643216926e+002	  9.2156822196040116e+002	
  1.1700000000000000e+003	 -2.9501891973061089e+002	  9.1822871480980859e+002	
  1.2000000000000000e+003	 -2.6499022666939709e+002	  8.9218051020446205e+002	
  1.2300000000000000e+003	 -2.9331578320775020e+002	  9.3448101036897003e+002	
  1.2600000000000000e+003	 -2.8793754063639324e+002	  9.3247729767832197e+002	
  1.2900000000000000e+003	 -3.0236922002447602e+002	  9.5652179032469394e+002	
  1.3200000000000000e+003	 -2.7861518244366414e+002	  9.0999124111364654e+002	
  1.3500000000000000e+003	 -2.8372453620652709e+002	  9.1366471092581025e+002	
  1.3800000000000000e+003	 -2.9546708440560042e+002	  9.2156822196040116e+002	
  1.4100000000000000e+003	 -2.9690129566288425e+002	  9.3013963738319546e+002	
  1.4400000000000000e+003	 -3.0048682947837835e+002	  9.3347915219682204e+002	
  1.4700000000000000e+003	 -2.9636348356721510e+002	  9.3281125092960644e+002	
  1.5000000000000000e+003	 -2.9394325921722253e+002	  9.3203202952124457e+002	
  1.5300000000000000e+003	 -2.9708058310236999e+002	  9.3581680976918312e+002	
  1.5600000000000000e+003	 -2.9098520045519217e+002	  9.3147544682525881e+002	
  1.5900000000000000e+003	 -2.9448107451200946e+002	  9.2947174158598239e+002	
  1.6200000000000000e+003	 -2.9170229956321032e+002	  9.2691144177404226e+002	
  1.6500000000000000e+003	 -2.8775823809626780e+002	  9.3436968730335730e+002	
  1.6800000000000000e+003	 -2.8533802209436243e+002	  9.2446247235492092e+002	
  1.7100000000000000e+003	 -2.9681168741116090e+002	  9.3036227279669833e+002	
  1.7400000000000000e+003	 -2.9241940080136487e+002	  9.3158676184920910e+002	
  1.7700000000000000e+003	 -2.9555673358755212e+002	  9.4015818118778134e+002	
  1.8000000000000000e+003	 -3.0236922002447602e+002	  9.3492627635078861e+002	
  1.8300000000000000e+003	 -2.9788732992000212e+002	  9.2334930044732846e+002	
  1.8600000000000000e+003	 -2.9663238969974822e+002	  9.1143836088856062e+002	
  1.8900000000000000e+003	 -2.9770804288071878e+002	  9.3225466838364889e+002	
  1.9200000000000000e+003	 -3.0057645396701525e+002	  9.2524168413169548e+002	
  1.9500000000000000e+003	 -3.0461016630847638e+002	  9.3080754398587385e+002	
  1.9800000000000000e+003	 -2.9394325921722253e+002	  9.2913778377218432e+002	
  2.0100000000000000e+003	 -2.9842515011462865e+002	  9.3036227279669833e+002	
  2.0400000000000000e+003	 -2.9591530291040903e+002	  9.3837710230199741e+002	
  2.0700000000000000e+003	 -2.9448107451200946e+002	  9.2468510221838858e+002	
  2.1000000000000000e+003	 -2.9143340046473219e+002	  9.2034373136391082e+002	
  2.1300000000000000e+003	 -2.8973029290600056e+002	  9.2290402764654152e+002	
  2.1600000000000000e+003	 -2.7655352869032561e+002	  9.0342353592333211e+002	
  2.1900000000000000e+003	 -2.9250905766355703e+002	  9.3281125092960644e+002	
  2.2200000000000000e+003	 -3.0362415874517126e+002	  9.2746803161039520e+002	
  2.2500000000000000e+003	 -3.1294647501363340e+002	  9.6041789096234959e+002	
  2.2800000000000000e+003	 -3.1814547536177656e+002	  9.7622491581395172e+002	
  2.3100000000000000e+003	 -2.8058721106184282e+002	  9.1589104859690065e+002	
  2.3400000000000000e+003	 -2.9797694814346818e+002	  9.2680012560305533e+002	
  2.3700000000000000e+003	 -2.9582564025883255e+002	  9.2123427184087109e+002	
  2.4000000000000000e+003	 -2.9555673358755212e+002	  9.1255154178903115e+002	
  2.4300000000000000e+003	 -2.9448107451200946e+002	  9.1856266120546570e+002	
  2.4600000000000000e+003	 -2.9618421949481422e+002	  9.2668881068113944e+002	
  2.4900000000000000e+003	 -2.9089557073735426e+002	  9.2090031831992997e+002	
  2.5200000000000000e+003	 -2.9609457726482333e+002	  9.2980568631099584e+002	
  2.5500000000000000e+003	 -2.9089557073735426e+002	  9.2290402764654152e+002	
  2.5800000000000000e+003	 -2.8255925426865036e+002	  9.2691144177404226e+002	
  2.6100000000000000e+003	 -2.8578619734897268e+002	  9.2880383716773997e+002	
  2.6400000000000000e+003	 -2.8085613884740570e+002	  9.1744949820898375e+002	
  2.6700000000000000e+003	 -2.8022865824431915e+002	  9.1856266120546570e+002	
  2.7000000000000000e+003	 -2.8291779065273857e+002	  9.2980568631099584e+002	
  2.7300000000000000e+003	 -2.8901317632457869e+002	  9.4082607994447551e+002	
  2.7600000000000000e+003	 -2.8910282725631862e+002	  9.3570549600256300e+002	
  2.7900000000000000e+003	 -3.0873349442136151e+002	  9.6208764680184424e+002	
  2.8200000000000000e+003	 -3.0308632551315446e+002	  9.6386871759158123e+002	
  2.8500000000000000e+003	 -2.9116450120651189e+002	  9.2746803161039520e+002	
  2.8800000000000000e+003	 -2.9008884029311992e+002	  9.2257008131930263e+002	
  2.9100000000000000e+003	 -2.8417274508447809e+002	  9.3225466838364889e+002	
  2.9400000000000000e+003	 -2.8865463836791355e+002	  9.2279270768685751e+002	
  2.9700000000000000e+003	 -2.9071629054121377e+002	  9.3325651993296992e+002	
  3.0000000000000000e+003	 -2.9976971260640676e+002	  9.3414705938841371e+002	
  3.0300000000000000e+003	 -2.9250905766355703e+002	  9.3325651993296992e+002	
  3.0600000000000000e+003	 -3.1805583176448056e+002	  9.4739378483601581e+002	
  3.0900000000000000e+003	 -3.0102465624484449e+002	  9.3782051943511169e+002	
  3.1200000000000000e+003	 -3.0398269071344640e+002	  9.3403574003778067e+002	
  3.1500000000000000e+003	 -2.9672202165725503e+002	  9.3626207720437571e+002	
  3.1800000000000000e+003	 -2.9708058310236999e+002	  9.3303388295064963e+002	
  3.2100000000000000e+003	 -3.0030753033546654e+002	  9.3381310021649779e+002	
  3.2400000000000000e+003	 -2.9331578320775020e+002	  9.3782051943511169e+002	
  3.2700000000000000e+003	 -3.1169157109033296e+002	  9.4360900886442562e+002	
  3.3000000000000000e+003	 -3.1473923566750057e+002	  9.5741233184331657e+002	
  3.3300000000000000e+003	 -3.1922113078093099e+002	  9.5307096509153052e+002	
  3.3600000000000000e+003	 -3.0452054253682377e+002	  9.4472217777108176e+002	
  3.3900000000000000e+003	 -3.0729930525149024e+002	  9.4661457307930073e+002	
  3.4200000000000000e+003	 -2.9654276110984659e+002	  9.2223612180416717e+002	
  3.4500000000000000e+003	 -2.8345562121653859e+002	  9.5028803366672082e+002	
  3.4800000000000000e+003	 -3.1393249794315159e+002	  9.6487057496252510e+002	
  3.5100000000000000e+003	 -2.8239789273116526e+002	  9.7174997005401087e+002	
  3.5400000000000000e+003	 -2.5455637360100209e+002	  9.8860337901297009e+002	
  3.5700000000000000e+003	 -2.3055137468362969e+002	  1.0034753465657850e+003	
  3.6000000000000000e+003	 -2.2153379759854948e+002	  1.0428593326536779e+003	
  3.6300000000000000e+003	 -2.0701248250042445e+002	  1.0576422500632248e+003	
  3.6600000000000000e+003	 -1.9381780414581158e+002	  1.0465550589286777e+003	
  3.6900000000000000e+003	 -2.0622368317693926e+002	  1.0601134853834378e+003	
  3.7200000000000000e+003	 -2.0785507819714562e+002	  1.0692637492259055e+003	
  3.7500000000000000e+003	 -2.0561413905833987e+002	  1.0750299791171342e+003	
  3.7800000000000000e+003	 -1.9821001449492445e+002	  1.0711784031950315e+003	
  3.8100000000000000e+003	 -1.9913847970644761e+002	  1.0677474934564796e+003	
  3.8400000000000000e+003	 -2.0145964273525553e+002	  1.0591702191100997e+003	
  3.8700000000000000e+003	 -2.0378080576406339e+002	  1.0505929447637197e+003	
  3.9000000000000000e+003	 -2.2745888218500167e+002	  1.0659910316825433e+003	
  3.9300000000000000e+003	 -2.3891458216193843e+002	  1.0679279447859526e+003	
  3.9600000000000000e+003	 -2.3002248898177078e+002	  1.0593453973483931e+003	
  3.9900000000000000e+003	 -2.4602285481711289e+002	  1.0461765809397671e+003	
  4.0200000000000000e+003	 -2.3371559218794764e+002	  1.0234901575547240e+003	
  4.0500000000000000e+003	 -2.6561769362287578e+002	  1.0547034760877891e+003	
  4.0800000000000000e+003	 -2.4025019144632338e+002	  1.0313491483329954e+003	
  4.1100000000000000e+003	 -2.6025734993461339e+002	  1.0584214664364183e+003	
  4.1400000000000000e+003	 -2.8334805766024812e+002	  1.1403285858926195e+003	
  4.1700000000000000e+003	 -2.9213257352935358e+002	  1.1592079687685232e+003	
  4.2000000000000000e+003	 -2.6092067656980925e+002	  1.1082469987927786e+003	
  4.2300000000000000e+003	 -2.5005656091914489e+002	  1.0921282855749432e+003	
  4.2600000000000000e+003	 -2.8184215288504384e+002	  1.1277497546338332e+003	
  4.2900000000000000e+003	 -3.3015694940872510e+002	  1.1846105342369588e+003	
  4.3200000000000000e+003	 -3.0954023912310129e+002	  1.1633489636021072e+003	
  4.3500000000000000e+003	 -2.8750726479848646e+002	  1.1439129994411273e+003	
  4.3800000000000000e+003	 -2.7619497194839425e+002	  1.1189334410237320e+003	
  4.4100000000000000e+003	 -2.7597753290350829e+002	  1.1155773957603130e+003	
  4.4400000000000000e+003	 -2.7551159209303830e+002	  1.1083858701958441e+003	
  4.4700000000000000e+003	 -2.7504565128256837e+002	  1.1011943446313749e+003	
  4.5000000000000000e+003	 -2.7457971047209838e+002	  1.0940028190669059e+003	
  4.5300000000000000e+003	 -2.7411376966162845e+002	  1.0868112935024367e+003	
  4.5600000000000000e+003	 -2.7364782885115847e+002	  1.0796197679379679e+003	
  4.5900000000000000e+003	 -2.7318188804068853e+002	  1.0724282423734987e+003	
  4.6200000000000000e+003	 -2.7465319020928195e+002	  1.0851375686844160e+003	
  4.6500000000000000e+003	 -2.7409743281454109e+002	  1.0684400007302413e+003	
  4.6800000000000000e+003	 -2.7736026484026064e+002	  1.0536125658424903e+003	
  4.7100000000000000e+003	 -2.6283893774882932e+002	  1.0687516917441812e+003	
  4.7400000000000000e+003	 -2.7214332481191838e+002	  1.0555494833536682e+003	
  4.7700000000000000e+003	 -2.6862952222053548e+002	  1.0753193959107937e+003	
  4.8000000000000000e+003	 -2.7361340850137054e+002	  1.0619168192348432e+003	
  4.8300000000000000e+003	 -2.6477510481832235e+002	  1.0754307177025682e+003	
  4.8600000000000000e+003	 -2.6389665721760736e+002	  1.0835346014413703e+003	
  4.8900000000000000e+003	 -2.6760764247700888e+002	  1.0403658281511211e+003	
  4.9200000000000000e+003	 -2.7829249637759392e+002	  1.0656570735801083e+003	
  4.9500000000000000e+003	 -2.5068403445212829e+002	  1.0293454372093490e+003	
  4.9800000000000000e+003	 -2.2379268234771453e+002	  1.0221543549746700e+003	
  5.0100000000000000e+003	 -2.5070196637770542e+002	  1.0795494526852137e+003	
  5.0400000000000000e+003	 -2.8969442765291643e+002	  1.1291078239927542e+003	
  5.0700000000000000e+003	 -2.6993825513266057e+002	  1.1050410680126392e+003	
  5.1000000000000000e+003	 -2.7700171314066694e+002	  1.1057089683087465e+003	
  5.1300000000000000e+003	 -2.6705191359061672e+002	  1.1076904112315069e+003	
  5.1600000000000000e+003	 -2.5980915769437240e+002	  1.1177534768710086e+003	
  5.1900000000000000e+003	 -2.9272419123763046e+002	  1.1898201694074760e+003	
  5.2200000000000000e+003	 -2.9609456786810688e+002	  1.1876606165575070e+003	
  5.2500000000000000e+003	 -3.1196047307661496e+002	  1.2063841561554336e+003	
  5.2800000000000000e+003	 -2.8318673221714937e+002	  1.1505029714620334e+003	
  5.3100000000000000e+003	 -2.7535237880158132e+002	  1.1045067410287538e+003	
  5.3400000000000000e+003	 -2.4769014347909720e+002	  1.0705772910934672e+003	
  5.3700000000000000e+003	 -2.5620570797529211e+002	  1.0719798869975948e+003	
  5.4000000000000000e+003	 -2.5400063699004772e+002	  1.0722915742104265e+003	
  5.4300000000000000e+003	 -2.5425162151288708e+002	  1.0795271854918969e+003	
  5.4600000000000000e+003	 -2.3958687074201166e+002	  1.0818203187772015e+003	
  5.4900000000000000e+003	 -2.5624159664298804e+002	  1.0733602158427675e+003	
  5.5200000000000000e+003	 -2.5699454004238152e+002	  1.0583101528264706e+003	
  5.5500000000000000e+003	 -2.4862236343393315e+002	  1.0651450243497745e+003	
  5.5800000000000000e+003	 -2.3444165610706796e+002	  1.0728704241949563e+003	
  5.6100000000000000e+003	 -2.0850045240338869e+002	  1.0866960094426586e+003	
  5.6400000000000000e+003	 -2.1649614642871057e+002	  1.0907479476794786e+003	
  5.6700000000000000e+003	 -2.2472490644160180e+002	  1.0719353628038184e+003	
  5.7000000000000000e+003	 -2.2413331177785076e+002	  1.0847813553846904e+003	
  5.7300000000000000e+003	 -2.4265248599790030e+002	  1.0728481593035262e+003	
  5.7600000000000000e+003	 -2.0837495628188259e+002	  1.0718908298121537e+003	
  5.7900000000000000e+003	 -1.6421936772142917e+002	  1.1084918985959255e+003	
  5.8200000000000000e+003	 -1.5980920353621349e+002	  1.0913267977023058e+003	
  5.8500000000000000e+003	 -2.1409387285738950e+002	  1.0775457386592839e+003	
  5.8800000000000000e+003	 -2.3716665929271841e+002	  1.0556608022791133e+003	
  5.9100000000000000e+003	 -2.3761482601035709e+002	  1.0793045529565670e+003	
  5.9400000000000000e+003	 -2.4996694064212002e+002	  1.0750522389833095e+003	
  5.9700000000000000e+003	 -2.4946496196701213e+002	  1.0675494686833297e+003	
  6.0000000000000000e+003	 -2.5939683604424147e+002	  1.0482248160233737e+003	
  6.0300000000000000e+003	 -2.7038642337644671e+002	  1.0462433717472916e+003	
  6.0600000000000000e+003	 -2.7187441477664481e+002	  1.0445736168152002e+003	
  6.0900000000000000e+003	 -2.8055136780899858e+002	  1.0615606044340377e+003	
  6.1200000000000000e+003	 -2.6264172602512599e+002	  1.0461097943683412e+003	
  6.1500000000000000e+003	 -2.7061950174901364e+002	  1.0310597205044387e+003	
  6.1800000000000000e+003	 -2.7529859205761369e+002	  1.0309261384586837e+003	
  6.2100000000000000e+003	 -2.7026093248196923e+002	  1.0534121948052893e+003	
  6.2400000000000000e+003	 -2.7390023930567361e+002	  1.0438110990340720e+003	
  6.2700000000000000e+003	 -2.5964782761217367e+002	  1.0607591266787365e+003	
  6.3000000000000000e+003	 -2.6970518232210998e+002	  1.1263471594606726e+003	
  6.3300000000000000e+003	 -2.7320105562135268e+002	  1.0964696489242201e+003	
  6.3600000000000000e+003	 -2.5991672083763461e+002	  1.0845364568002128e+003	
  6.3900000000000000e+003	 -2.5636707417206679e+002	  1.0739168094792708e+003	
  6.4200000000000000e+003	 -2.5593681843847526e+002	  1.0505402159787182e+003	
  6.4500000000000000e+003	 -2.6095653765966591e+002	  1.0471339080715361e+003	
  6.4800000000000000e+003	 -2.8824230486725304e+002	  1.0587331545048373e+003	
  6.5100000000000000e+003	 -2.6588660696070184e+002	  1.0582656216571138e+003	
  6.5400000000000000e+003	 -2.8281022438355114e+002	  1.0547702629017942e+003	
  6.5700000000000000e+003	 -2.6714154051355644e+002	  1.0668370380105075e+003	
  6.6000000000000000e+003	 -2.6615552649419266e+002	  1.0616074538569837e+003	
  6.6300000000000000e+003	 -2.6481096192233287e+002	  1.0544762027385425e+003	
  6.6600000000000000e+003	 -2.6346639735047319e+002	  1.0473449516201010e+003	
  6.6900000000000000e+003	 -2.6436277005615494e+002	  1.0483138726775564e+003	
  6.7200000000000000e+003	 -2.5466396310515424e+002	  1.0570633979214756e+003	
  6.7500000000000000e+003	 -2.4623800422962026e+002	  1.0535902994554704e+003	
  6.7800000000000000e+003	 -2.5339110219486491e+002	  1.0460207439926439e+003	
  6.8100000000000000e+003	 -2.5290704312283046e+002	  1.0398315085857726e+003	
  6.8400000000000000e+003	 -2.6678299430740128e+002	  1.0609817612828813e+003	
  6.8700000000000000e+003	 -2.4618421684152389e+002	  1.0472674912805937e+003	
  6.9000000000000000e+003	 -2.5023583268743579e+002	  1.0853379400866734e+003	
  6.9300000000000000e+003	 -2.6205011450658560e+002	  1.1015234498705552e+003	
  6.9600000000000000e+003	 -2.5882315706092129e+002	  1.1324028101611934e+003	
  6.9900000000000000e+003	 -2.5893071853713241e+002	  1.1314900078321505e+003	
  7.0200000000000000e+003	 -2.5419784752202526e+002	  1.1153712934524224e+003	
  7.0500000000000000e+003	 -2.5767578967733346e+002	  1.0897238327030136e+003	
  7.0800000000000000e+003	 -2.6488265481397764e+002	  1.0767442598785001e+003	
  7.1100000000000000e+003	 -2.6174536091088498e+002	  1.0850707791807235e+003	
  7.1400000000000000e+003	 -2.5794468955671420e+002	  1.0775680036302670e+003	
  7.1700000000000000e+003	 -2.6429105947296580e+002	  1.0699539154650379e+003	
  7.2000000000000000e+003	 -2.5875143987873054e+002	  1.0669706190580448e+003	
  7.2300000000000000e+003	 -2.6588662055838796e+002	  1.0771672655610050e+003	
  7.2600000000000000e+003	 -2.6629894268389199e+002	  1.0632971544375255e+003	
  7.2900000000000000e+003	 -2.8689773855740816e+002	  1.0397647167292921e+003	
  7.3200000000000000e+003	 -2.9256283009407690e+002	  1.0536348336149308e+003	
  7.3500000000000000e+003	 -2.9415838523071773e+002	  1.0665253525186686e+003	
  7.3800000000000000e+003	 -2.4281384111679372e+002	  1.0821765338593802e+003	
  7.4100000000000000e+003	 -2.5016414685889259e+002	  1.0824882199185645e+003	
  7.4400000000000000e+003	 -2.5080953016725184e+002	  1.0801060368896583e+003	
  7.4700000000000000e+003	 -2.4899883599020524e+002	  1.0803064084443747e+003	
  7.5000000000000000e+003	 -2.6140471955294180e+002	  1.0731821110407411e+003	
  7.5300000000000000e+003	 -2.5939683315138285e+002	  1.0738945402761087e+003	
  7.5600000000000000e+003	 -2.7915300649799508e+002	  1.0823546417644607e+003	
  7.5900000000000000e+003	 -2.8831399845095405e+002	  1.0848926707277219e+003	
  7.6200000000000000e+003	 -2.3426237066616363e+002	  1.0613157101875404e+003	
  7.6500000000000000e+003	 -2.2142622614469232e+002	  1.0723138367823685e+003	
  7.6800000000000000e+003	 -2.1638858990995595e+002	  1.0781468520085368e+003	
  7.7100000000000000e+003	 -2.3895940403356744e+002	  1.0816644746498678e+003	
  7.7400000000000000e+003	 -2.2994182939123431e+002	  1.0815976877083624e+003	
  7.7700000000000000e+003	 -2.3218277352886170e+002	  1.0754752409450116e+003	
  7.8000000000000000e+003	 -2.4157682335717595e+002	  1.0739168050833650e+003	
  7.8300000000000000e+003	 -2.5104256704228948e+002	  1.0672377809705154e+003	
  7.8600000000000000e+003	 -2.4786940646608008e+002	  1.0685513222320728e+003	
  7.8900000000000000e+003	 -2.8157324120025487e+002	  1.0565513387777924e+003	
  7.9200000000000000e+003	 -3.1430897984835190e+002	  1.0492266689466333e+003	
  7.9500000000000000e+003	 -2.4722399644263152e+002	  1.0903472096550497e+003	
  7.9800000000000000e+003	 -2.3824229844854784e+002	  1.0747182878765150e+003	
  8.0100000000000000e+003	 -2.4889127972506986e+002	  1.0865178999944596e+003	
  8.0400000000000000e+003	 -2.2271703273825489e+002	  1.0679502084638934e+003	
  8.0700000000000000e+003	 -2.1559978499982199e+002	  1.0649669089177467e+003	
  8.1000000000000000e+003	 -2.1934665220948008e+002	  1.0800392472367698e+003	
  8.1300000000000000e+003	 -2.1090276073132833e+002	  1.0792154958481017e+003	
  8.1600000000000000e+003	 -1.8668260743793832e+002	  1.0828221714178821e+003	
  8.1900000000000000e+003	 -1.9412252885734330e+002	  1.0839353459250462e+003	
  8.2200000000000000e+003	 -1.9806661123196619e+002	  1.0874752282976071e+003	
  8.2500000000000000e+003	 -1.8200351383299761e+002	  1.0821542703544085e+003	
  8.2800000000000000e+003	 -1.7952950851323149e+002	  1.0807961990177089e+003	
  8.3100000000000000e+003	 -1.8193180124771598e+002	  1.0796830323411702e+003	
  8.3400000000000000e+003	 -1.8869050279505865e+002	  1.0845809811184747e+003	
  8.3700000000000000e+003	 -2.0414407253632453e+002	  1.0849371971384262e+003	
  8.4000000000000000e+003	 -2.3757897127945384e+002	  1.0749186597626544e+003	
  8.4300000000000000e+003	 -2.2083461738671130e+002	  1.0796830300267352e+003	
  8.4600000000000000e+003	 -2.1782277955385638e+002	  1.0815754225306239e+003	
  8.4900000000000000e+003	 -2.3523045565370586e+002	  1.0788147569647106e+003	
  8.5200000000000000e+003	 -2.3618062088453834e+002	  1.0753193982778350e+003	
  8.5500000000000000e+003	 -2.3096371698504672e+002	  1.1004993316527361e+003	
  8.5800000000000000e+003	 -2.2603363349278328e+002	  1.0929520274591159e+003	
  8.6100000000000000e+003	 -2.0961196657575428e+002	  1.0804177239905978e+003	
  8.6400000000000000e+003	 -2.2875861675246497e+002	  1.0790596575895036e+003	
  8.6700000000000000e+003	 -2.5211822807687275e+002	  1.0759873021960832e+003	
  8.7000000000000000e+003	 -2.5107842841508310e+002	  1.0957349567947629e+003	
  8.7300000000000000e+003	 -2.6016772648433198e+002	  1.0797498210687838e+003	
  8.7600000000000000e+003	 -2.6323332517751862e+002	  1.0563732299930075e+003	
  8.7900000000000000e+003	 -2.6658579553452483e+002	  1.0685513246247992e+003	
  8.8200000000000000e+003	 -2.6724910683530618e+002	  1.0585327817669233e+003	
  8.8500000000000000e+003	 -2.6787657215335912e+002	  1.0522990255444224e+003	
  8.8800000000000000e+003	 -2.6898807326035137e+002	  1.0323732650634852e+003	
  8.9100000000000000e+003	 -2.7065534913718045e+002	  1.0287220596172458e+003	
  8.9400000000000000e+003	 -2.6396835761201783e+002	  1.0329298488934094e+003	
  8.9700000000000000e+003	 -2.6334089359485796e+002	  1.0879650186085712e+003	
  9.0000000000000000e+003	 -2.6217561289130145e+002	  1.0854715174117150e+003	
  9.0300000000000000e+003	 -2.6058005796899579e+002	  1.0944436776171128e+003	
  9.0600000000000000e+003	 -2.5631328850782893e+002	  1.2004620811683274e+003	
  9.0900000000000000e+003	 -2.5667183584623626e+002	  1.2453006105513480e+003	
  9.1200000000000000e+003	 -2.6511571935476167e+002	  1.0651004890000822e+003	
  9.1500000000000000e+003	 -2.6837854900309696e+002	  1.0603138537859593e+003	
  9.1800000000000000e+003	 -2.7635631205245670e+002	  1.0480912363459297e+003	
  9.2100000000000000e+003	 -2.6430897835646294e+002	  1.0539019883266287e+003	
  9.2400000000000000e+003	 -2.7045813737358742e+002	  1.0416348441422342e+003	
  9.2700000000000000e+003	 -2.7406158958232538e+002	  1.0438834502122372e+003	
  9.3000000000000000e+003	 -2.6624515171083294e+002	  1.0234233696752257e+003	
  9.3300000000000000e+003	 -2.6615553226305769e+002	  1.0405661974106988e+003	
  9.3600000000000000e+003	 -2.5563204233643646e+002	  1.0460430018918848e+003	
  9.3900000000000000e+003	 -2.5548862009556288e+002	  1.0490930896299208e+003	
  9.4200000000000000e+003	 -2.5310425151634249e+002	  1.0507183195192624e+003	
  9.4500000000000000e+003	 -2.5952230791797746e+002	  1.0398760344102568e+003	
  9.4800000000000000e+003	 -2.5821361140676282e+002	  1.0371821613224317e+003	
  9.5100000000000000e+003	 -2.6210391323868970e+002	  1.0817090022611915e+003	
  9.5400000000000000e+003	 -2.5129357173254979e+002	  1.0470003265476287e+003	
  9.5700000000000000e+003	 -2.6065175753326565e+002	  1.0796162395804733e+003	
  9.6000000000000000e+003	 -2.5798056111230528e+002	  1.1009668579343554e+003	
  9.6300000000000000e+003	 -2.4562845830362821e+002	  1.0916162242735727e+003	
  9.6600000000000000e+003	 -2.3931794838626371e+002	  1.0750522412764203e+003	
  9.6900000000000000e+003	 -2.6081312417576379e+002	  1.0719130989313273e+003	
  9.7200000000000000e+003	 -2.6378909528209732e+002	  1.0611598658234975e+003	
  9.7500000000000000e+003	 -2.6737458960821095e+002	  1.0722025219460436e+003	
  9.7800000000000000e+003	 -2.7000996942541650e+002	  1.0782136443806507e+003	
  9.8100000000000000e+003	 -2.7192820845762878e+002	  1.0581543014740353e+003	
  9.8400000000000000e+003	 -2.4510856130645561e+002	  1.0712006692667878e+003	
  9.8700000000000000e+003	 -2.3047964592176362e+002	  1.0767442610746532e+003	
  9.9000000000000000e+003	 -2.7861519612866363e+002	  1.0657683912183318e+003	
  9.9300000000000000e+003	 -2.7164137521495263e+002	  1.0511635868131993e+003	
  9.9600000000000000e+003	 -2.7712720032104562e+002	  1.0711116138455832e+003	
  9.9900000000000000e+003	 -2.7861518569723012e+002	  1.0785475977658236e+003	
  1.0020000000000000e+004	 -2.6927493260952281e+002	  1.0823991658767818e+003	
  1.0050000000000000e+004	 -2.5758614272170655e+002	  1.0749409257621319e+003	
  1.0080000000000000e+004	 -2.5089914787740463e+002	  1.0634975258950444e+003	
  1.0110000000000000e+004	 -2.6113580752251050e+002	  1.0755643006583027e+003	
  1.0140000000000000e+004	 -2.4684752182321927e+002	  1.0927961816181567e+003	
  1.0170000000000000e+004	 -2.5928926547100161e+002	  1.1235197062977627e+003	
  1.0200000000000000e+004	 -2.4025019899358432e+002	  1.0932191869112851e+003	
  1.0230000000000000e+004	 -2.4942536470541984e+002	  1.1346690243475007e+003	
  1.0260000000000000e+004	 -2.6471730755847904e+002	  1.2037520867411934e+003	
  1.0290000000000000e+004	 -2.6282995939111731e+002	  1.1667218706078852e+003	
  1.0320000000000000e+004	 -2.7050295732038069e+002	  1.0967479421318269e+003	
  1.0350000000000000e+004	 -2.7212539811225815e+002	  1.2509555198492094e+003	
  1.0380000000000000e+004	 -2.6405800610012795e+002	  1.1484992616480854e+003	
  1.0410000000000000e+004	 -2.5262917991704313e+002	  1.0882433147657785e+003	
  1.0440000000000000e+004	 -2.5885899309605497e+002	  1.0945995213346941e+003	
  1.0470000000000000e+004	 -2.6821719783649706e+002	  1.1028815162189919e+003	
  1.0500000000000000e+004	 -2.7459941221129520e+002	  1.1364547532529255e+003	
  1.0530000000000000e+004	 -2.7528064328450716e+002	  1.1309445579754961e+003	
  1.0560000000000000e+004	 -2.7972669547520553e+002	  1.1697163001697609e+003	
  1.0590000000000000e+004	 -2.9084179884619488e+002	  1.1797348403678523e+003	
  1.0620000000000000e+004	 -2.6793033765173988e+002	  1.0734826687889533e+003	
  1.0650000000000000e+004	 -2.7289630591916369e+002	  1.0901357070777574e+003	
  1.0680000000000000e+004	 -2.6296442488448361e+002	  1.0814641042099886e+003	
  1.0710000000000000e+004	 -2.5928925612453338e+002	  1.0806737565082542e+003	
  1.0740000000000000e+004	 -2.5564099948664526e+002	  1.0885216115900798e+003	
  1.0770000000000000e+004	 -2.5673459505092251e+002	  1.0930633470913476e+003	
  1.0800000000000000e+004	 -2.4356680087774066e+002	  1.0768555760488380e+003	
  1.0830000000000000e+004	 -2.6122545091752943e+002	  1.0671709874573453e+003	
  1.0860000000000000e+004	 -2.5661805124942958e+002	  1.0722136547965470e+003	
  1.0890000000000000e+004	 -2.5799848466325432e+002	  1.0985512815339177e+003	
  1.0920000000000000e+004	 -2.6779588743207381e+002	  1.0477127564697848e+003	
  1.0950000000000000e+004	 -2.5893071148532664e+002	  1.0538797278584379e+003	
  1.0980000000000000e+004	 -2.6393249578258582e+002	  1.0681283114891364e+003	
  1.1010000000000000e+004	 -2.4050117192913626e+002	  1.0216534275615361e+003	
  1.1040000000000000e+004	 -2.3543662414162867e+002	  9.9553843854285878e+002	
  1.1070000000000000e+004	 -2.3782099429330725e+002	  9.9618407557525586e+002	
  1.1100000000000000e+004	 -2.3868152897357282e+002	  1.0098426824541141e+003	
  1.1130000000000000e+004	 -2.4057288311442781e+002	  1.0469669366608071e+003	
  1.1160000000000000e+004	 -2.5569478146611891e+002	  1.0664696907118898e+003	
  1.1190000000000000e+004	 -2.5787297475579885e+002	  1.0685847211512419e+003	
  1.1220000000000000e+004	 -2.6514261064129840e+002	  1.0945772604028029e+003	
  1.1250000000000000e+004	 -2.6257002567310167e+002	  1.1062432942359005e+003	
  1.1280000000000000e+004	 -2.6112237550048661e+002	  1.0988142685921687e+003	
  1.1310000000000000e+004	 -2.5883661207004178e+002	  1.0870842281020662e+003	
  1.1340000000000000e+004	 -2.5655084863959706e+002	  1.0753541876119637e+003	
  1.1370000000000000e+004	 -2.3727419445755385e+002	  1.0497498637998249e+003	
  1.1400000000000000e+004	 -2.3903111258557311e+002	  1.0419354045877790e+003	
  1.1430000000000000e+004	 -2.4445419970383742e+002	  1.0083399023874019e+003	
  1.1460000000000000e+004	 -2.6658578764950323e+002	  9.9292248345502230e+002	
  1.1490000000000000e+004	 -2.8979302153744601e+002	  9.7885200110460903e+002	
  1.1520000000000000e+004	 -3.1732978025303061e+002	  9.7085943394356582e+002	
  1.1550000000000000e+004	 -3.2185647965172103e+002	  9.6473699391864989e+002	
  1.1580000000000000e+004	 -3.2078979650697738e+002	  9.8864790872306673e+002	
  1.1610000000000000e+004	 -3.2684034937099170e+002	  9.7185015354368511e+002	
  1.1640000000000000e+004	 -3.2862413875063737e+002	  9.7334180694488077e+002	
  1.1670000000000000e+004	 -3.2822972256809823e+002	  9.7943084864327068e+002	
  1.1700000000000000e+004	 -3.2883926312089363e+002	  9.6917854805365403e+002	
  1.1730000000000000e+004	 -3.2917093997406590e+002	  9.6655146579881534e+002	
  1.1760000000000000e+004	 -2.3609097795132703e+002	  9.6915627969455181e+002	
  1.1790000000000000e+004	 -4.2760002257286295e+001	  9.6970173410608481e+002	
  1.1820000000000000e+004	  1.4139191321308147e+002	  8.5180579812207884e+002	
  1.1850000000000000e+004	  2.8737611294614732e+002	  8.4277798202088775e+002	
  1.1880000000000000e+004	  2.8126279897255438e+002	  8.4815459270170504e+002	
  1.1910000000000000e+004	  2.7356292230993984e+002	  8.6368333346600195e+002	
  1.1940000000000000e+004	  2.8042022115124706e+002	  8.5276311726592178e+002	
  1.1970000000000000e+004	  1.7076623774370509e+002	  1.0594567161346326e+003	
  1.2000000000000000e+004	 -2.3696943273284631e+002	  1.2184509267179619e+003	
  1.2030000000000000e+004	 -5.9077900006144807e+002	  1.4888512971274235e+003	
  1.2060000000000000e+004	 -7.9770797612665933e+002	  1.9150399445278119e+003	
  1.2090000000000000e+004	 -8.5798046399279576e+002	  2.1406129143933895e+003	
  1.2120000000000000e+004	 -9.8644046214916250e+002	  2.1694440416804318e+003	
  1.2150000000000000e+004	 -1.1565910285803734e+003	  2.1465461166107616e+003	
  1.2180000000000000e+004	 -1.4101585721507045e+003	  2.0900860828080317e+003	
  1.2210000000000000e+004	 -1.6087781145693573e+003	  2.1760340146590343e+003	
  1.2240000000000000e+004	 -1.5756927876014622e+003	  2.4380855980199512e+003	
  1.2270000000000000e+004	 -1.4370230369768994e+003	  2.5998182123115425e+003	
  1.2300000000000000e+004	 -1.4441402824114532e+003	  2.6519591415884724e+003	
  1.2330000000000000e+004	 -1.4424730146734096e+003	  2.6432207511408969e+003	
  1.2360000000000000e+004	 -1.4428136383932754e+003	  2.6404823504178794e+003	
  1.2390000000000000e+004	 -1.4401155441542737e+003	  2.6499331714914670e+003	
  1.2420000000000000e+004	 -1.4482008735012896e+003	  2.6465936582801523e+003	
  1.2450000000000000e+004	 -1.4443554145684161e+003	  2.6472615612063391e+003	
  1.2480000000000000e+004	 -1.4470086929120737e+003	  2.6471613753487386e+003	
  1.2510000000000000e+004	 -1.4436651981255238e+003	  2.6409387510354491e+003	
  1.2540000000000000e+004	 -1.4331237903882352e+003	  2.6362077720294374e+003	
  1.2570000000000000e+004	 -1.4242406811217159e+003	  2.6338812456688092e+003	
  1.2600000000000000e+004	 -1.4388157920882975e+003	  2.6383561930616879e+003	
  1.2630000000000000e+004	 -1.4413166920861918e+003	  2.6390686201897447e+003	
  1.2660000000000000e+004	 -1.4386634100925837e+003	  2.6357179797063459e+003	
  1.2690000000000000e+004	 -1.4430108410297964e+003	  2.6226159551652468e+003	
  1.2720000000000000e+004	 -1.4458344374684038e+003	  2.6336808760768031e+003	
  1.2750000000000000e+004	 -1.4471431478984564e+003	  2.6547420716395582e+003	
  1.2780000000000000e+004	 -1.4440237530472152e+003	  2.6452689862413836e+003	
  1.2810000000000000e+004	 -1.4430108441596039e+003	  2.6178738476143844e+003	
  1.2840000000000000e+004	 -1.4389323242822354e+003	  2.6414062807563823e+003	
  1.2870000000000000e+004	 -1.4440954605950196e+003	  2.6551094177867758e+003	
  1.2900000000000000e+004	 -1.4519477374271601e+003	  2.6600741578614466e+003	
  1.2930000000000000e+004	 -1.4363597160365018e+003	  2.6526047815221582e+003	
  1.2960000000000000e+004	 -1.4398018075990842e+003	  2.6505676792412478e+003	
  1.2990000000000000e+004	 -1.4469638734659788e+003	  2.6438329941834841e+003	
  1.3020000000000000e+004	 -1.4474389545239846e+003	  2.6686344469447863e+003	
  1.3050000000000000e+004	 -1.4403396382881353e+003	  2.6420853158805312e+003	
  1.3080000000000000e+004	 -1.4411553408534005e+003	  2.6330129736750569e+003	
  1.3110000000000000e+004	 -1.4487835210113103e+003	  2.6332801344074683e+003	
  1.3140000000000000e+004	 -1.4456461976721216e+003	  2.6156029797648944e+003	
  1.3170000000000000e+004	 -1.4409850281350452e+003	  2.6269573219648832e+003	
  1.3200000000000000e+004	 -1.4439968586858727e+003	  2.6488979217289098e+003	
  1.3230000000000000e+004	 -1.4403665253165250e+003	  2.6357513724114933e+003	
  1.3260000000000000e+004	 -1.4453593568861463e+003	  2.6437884687171941e+003	
  1.3290000000000000e+004	 -1.4402320690167394e+003	  2.6354396845389683e+003	
  1.3320000000000000e+004	 -1.4415856054895153e+003	  2.6374322590906304e+003	
  1.3350000000000000e+004	 -1.4457089422167105e+003	  2.6336697420558135e+003	
  1.3380000000000000e+004	 -1.4453055742564643e+003	  2.6333803189520577e+003	
  1.3410000000000000e+004	 -1.4448215314058384e+003	  2.6334805033894836e+003	
  1.3440000000000000e+004	 -1.4458882209941830e+003	  2.6323673333702063e+003	
  1.3470000000000000e+004	 -1.4457268726079249e+003	  2.6356734521219323e+003	
  1.3500000000000000e+004	 -1.4447587850464258e+003	  2.6400259521096245e+003	
  1.3530000000000000e+004	 -1.4439968599366262e+003	  2.6405380099853442e+003	
  1.3560000000000000e+004	 -1.4432707957129164e+003	  2.6404378222453861e+003	
  1.3590000000000000e+004	 -1.4440327167152357e+003	  2.6403599002585015e+003	
  1.3620000000000000e+004	 -1.4506659156284577e+003	  2.6431316974373658e+003	
  1.3650000000000000e+004	 -1.4441492423510203e+003	  2.6371205738508224e+003	
  1.3680000000000000e+004	 -1.4447139652398705e+003	  2.6369424675643900e+003	
  1.3710000000000000e+004	 -1.4418276248652114e+003	  2.6344823598845478e+003	
  1.3740000000000000e+004	 -1.4408684980845885e+003	  2.6384897721169796e+003	
  1.3770000000000000e+004	 -1.4364493549668609e+003	  2.6345380170899721e+003	
  1.3800000000000000e+004	 -1.4357770709511344e+003	  2.6371650972090370e+003	
  1.3830000000000000e+004	 -1.4384213851738614e+003	  2.6340816165190236e+003	
  1.3860000000000000e+004	 -1.4431184117489215e+003	  2.6337699278898672e+003	
  1.3890000000000000e+004	 -1.4480036733633438e+003	  2.6371873633010464e+003	
  1.3920000000000000e+004	 -1.4442568084391910e+003	  2.6339702983608850e+003	
  1.3950000000000000e+004	 -1.4452428285106466e+003	  2.6326233615485912e+003	
  1.3980000000000000e+004	 -1.4429660254176572e+003	  2.6338144554038549e+003	
  1.4010000000000000e+004	 -1.4462915875750641e+003	  2.6371762316710806e+003	
  1.4040000000000000e+004	 -1.4445257228461289e+003	  2.6337254016659886e+003	
  1.4070000000000000e+004	 -1.4467756322952109e+003	  2.6396808658804207e+003	
  1.4100000000000000e+004	 -1.4496888623845350e+003	  2.6418070225141410e+003	
  1.4130000000000000e+004	 -1.4493840984339406e+003	  2.6394025714817826e+003	
  1.4160000000000000e+004	 -1.4478512852403835e+003	  2.6405602734625404e+003	
  1.4190000000000000e+004	 -1.4451442264574921e+003	  2.6433988588468023e+003	
  1.4220000000000000e+004	 -1.4484249684012309e+003	  2.6403710332601540e+003	
  1.4250000000000000e+004	 -1.4470266175348731e+003	  2.6381780856886580e+003	
  1.4280000000000000e+004	 -1.4300312842293772e+003	  2.6421966333780174e+003	
  1.4310000000000000e+004	 -1.4344504286242536e+003	  2.6408274336302038e+003	
  1.4340000000000000e+004	 -1.4392639815522828e+003	  2.6390463603787398e+003	
  1.4370000000000000e+004	 -1.4378835572491721e+003	  2.6440333641427660e+003	
  1.4400000000000000e+004	 -1.4387978610888442e+003	  2.6447346625669006e+003	
  1.4430000000000000e+004	 -1.4377759909656556e+003	  2.6428088770851759e+003	
  1.4460000000000000e+004	 -1.4351406436537466e+003	  2.6440667592650352e+003	
  1.4490000000000000e+004	 -1.4384482801064264e+003	  2.6475621176503605e+003	
  1.4520000000000000e+004	 -1.4372471294775694e+003	  2.6552318650593938e+003	
  1.4550000000000000e+004	 -1.4394701499135629e+003	  2.6428645348570362e+003	
  1.4580000000000000e+004	 -1.4358577417698884e+003	  2.6463042352820767e+003	
  1.4610000000000000e+004	 -1.4367182671484838e+003	  2.6421966320801303e+003	
  1.4640000000000000e+004	 -1.4374264034845264e+003	  2.6597624732043446e+003	
  1.4670000000000000e+004	 -1.4484339358862437e+003	  2.6533394750144544e+003	
  1.4700000000000000e+004	 -1.4387082250607341e+003	  2.6392355981925116e+003	
  1.4730000000000000e+004	 -1.4423744154987528e+003	  2.6365305928125031e+003	
  1.4760000000000000e+004	 -1.4444181569991970e+003	  2.6392467275626027e+003	
  1.4790000000000000e+004	 -1.4439072197078617e+003	  2.6400259514253776e+003	
  1.4820000000000000e+004	 -1.4416035326548320e+003	  2.6389127785376995e+003	
  1.4850000000000000e+004	 -1.4417648782783240e+003	  2.6390240959238836e+003	
  1.4880000000000000e+004	 -1.4437727671158452e+003	  2.6388014617612680e+003	
  1.4910000000000000e+004	 -1.4459509677600629e+003	  2.6401706613657525e+003	
  1.4940000000000000e+004	 -1.4466142878687535e+003	  2.6387903299825230e+003	
  1.4970000000000000e+004	 -1.4458344375444260e+003	  2.6390352275443274e+003	
  1.5000000000000000e+004	 -1.4455117426382521e+003	  2.6393023857663684e+003	
  1.5030000000000000e+004	 -1.4449470193154962e+003	  2.6376771569445946e+003	
  1.5060000000000000e+004	 -1.4414959663846803e+003	  2.6371205749200599e+003	
  1.5090000000000000e+004	 -1.4391026309455222e+003	  2.6387346712331828e+003	
  1.5120000000000000e+004	 -1.4401155382703055e+003	  2.6459814158845343e+003	
  1.5150000000000000e+004	 -1.4482905115985811e+003	  2.6428422727748234e+003	
  1.5180000000000000e+004	 -1.4578638339491936e+003	  2.6310649241863316e+003	
  1.5210000000000000e+004	 -1.4436203796933073e+003	  2.6441892088606969e+003	
  1.5240000000000000e+004	 -1.4416124924580295e+003	  2.6469498728448480e+003	
  1.5270000000000000e+004	 -1.4475016962301593e+003	  2.6414842028705939e+003	
  1.5300000000000000e+004	 -1.4492227465560827e+003	  2.6589387250054879e+003	
  1.5330000000000000e+004	 -1.4465694653956880e+003	  2.6494545086623543e+003	
  1.5360000000000000e+004	 -1.4535881099637145e+003	  2.6590389095702640e+003	
  1.5390000000000000e+004	 -1.4517594986988022e+003	  2.6481298327047712e+003	
  1.5420000000000000e+004	 -1.4520642662769674e+003	  2.6466493165703710e+003	
  1.5450000000000000e+004	 -1.4423654507757303e+003	  2.6356957148860379e+003	
  1.5480000000000000e+004	 -1.4503252921370099e+003	  2.6451576673809109e+003	
  1.5510000000000000e+004	 -1.4450725147574638e+003	  2.6455584090527723e+003	
  1.5540000000000000e+004	 -1.4431542636460563e+003	  2.6503673092767067e+003	
  1.5570000000000000e+004	 -1.4403754917596066e+003	  2.6507457873057742e+003	
  1.5600000000000000e+004	 -1.4415766389149885e+003	  2.6376994213098269e+003	
  1.5630000000000000e+004	 -1.4413615073646313e+003	  2.6400816074326995e+003	
  1.5660000000000000e+004	 -1.4430466987342811e+003	  2.6348051770617585e+003	
  1.5690000000000000e+004	 -1.4314117086641793e+003	  2.6484749174483964e+003	
  1.5720000000000000e+004	 -1.4319495318325235e+003	  2.6424637957558471e+003	
  1.5750000000000000e+004	 -1.4283281642908951e+003	  2.6275473022353267e+003	
  1.5780000000000000e+004	 -1.4259258685969912e+003	  2.6234508344244364e+003	
  1.5810000000000000e+004	 -1.4382421085886137e+003	  2.6315547185911582e+003	
  1.5840000000000000e+004	 -1.4399093760455894e+003	  2.6383005328138397e+003	
  1.5870000000000000e+004	 -1.4361804406872313e+003	  2.6328014710290272e+003	
  1.5900000000000000e+004	 -1.4372381660219812e+003	  2.6337365341722348e+003	
  1.5930000000000000e+004	 -1.4425267994122698e+003	  2.6384563793560264e+003	
  1.5960000000000000e+004	 -1.4402858542761619e+003	  2.6368534134975007e+003	
  1.5990000000000000e+004	 -1.4379014896201527e+003	  2.6362968252748497e+003	
  1.6020000000000000e+004	 -1.4444629770284100e+003	  2.6383895880051596e+003	
  1.6050000000000000e+004	 -1.4448036014922641e+003	  2.6392578604952873e+003	
  1.6080000000000000e+004	 -1.4464170823383433e+003	  2.6385231685070366e+003	
  1.6110000000000000e+004	 -1.4457537623362937e+003	  2.6387680665309645e+003	
  1.6140000000000000e+004	 -1.4450545857951499e+003	  2.6385676954636610e+003	
  1.6170000000000000e+004	 -1.4436203818154943e+003	  2.6394137063984954e+003	
  1.6200000000000000e+004	 -1.4371664577437436e+003	  2.6488088704487004e+003	
  1.6230000000000000e+004	 -1.4409312448430665e+003	  2.6435992277790597e+003	
  1.6260000000000000e+004	 -1.4433335410038401e+003	  2.6403487689899034e+003	
  1.6290000000000000e+004	 -1.4468114918696469e+003	  2.6361855087502026e+003	
  1.6320000000000000e+004	 -1.4465067201561815e+003	  2.6375213162626928e+003	
  1.6350000000000000e+004	 -1.4444629783933019e+003	  2.6372764168538320e+003	
  1.6380000000000000e+004	 -1.4422041028860917e+003	  2.6437550733709481e+003	
  1.6410000000000000e+004	 -1.4425447254907408e+003	  2.6399257639331809e+003	
  1.6440000000000000e+004	 -1.4428853513470633e+003	  2.6380556364318900e+003	
  1.6470000000000000e+004	 -1.4431004832300391e+003	  2.6400816095809978e+003	
  1.6500000000000000e+004	 -1.4432618285587948e+003	  2.6441780764316786e+003	
  1.6530000000000000e+004	 -1.4445346860949221e+003	  2.6454248306377899e+003	
  1.6560000000000000e+004	 -1.4451262988453702e+003	  2.6411725156356051e+003	
  1.6590000000000000e+004	 -1.4444809061582375e+003	  2.6419517355511643e+003	
  1.6620000000000000e+004	 -1.4448215289689590e+003	  2.6279035176017983e+003	
  1.6650000000000000e+004	 -1.4464170823383433e+003	  2.6370315195505718e+003	
  1.6680000000000000e+004	 -1.4471162562249642e+003	  2.6382114823286147e+003	
  1.6710000000000000e+004	 -1.4456999812083291e+003	  2.6426419016608220e+003	
  1.6740000000000000e+004	 -1.4480843436882531e+003	  2.6438886527398063e+003	
  1.6770000000000000e+004	 -1.4469369789630084e+003	  2.6419517344486858e+003	
  1.6800000000000000e+004	 -1.4456820533050013e+003	  2.6397699209045304e+003	
  1.6830000000000000e+004	 -1.4460585320713383e+003	  2.6388793838604606e+003	
  1.6860000000000000e+004	 -1.4461302431653385e+003	  2.6392801260440842e+003	
  1.6890000000000000e+004	 -1.4477616493128626e+003	  2.6387680665309645e+003	
  1.6920000000000000e+004	 -1.4468652698634346e+003	  2.6399257635652671e+003	
  1.6950000000000000e+004	 -1.4457896197540347e+003	  2.6410389351421441e+003	
  1.6980000000000000e+004	 -1.4456282692028908e+003	  2.6423524770249069e+003	
  1.7010000000000000e+004	 -1.4424730167915734e+003	  2.6439777051535116e+003	
  1.7040000000000000e+004	 -1.4424550886283796e+003	  2.6448459791681075e+003	
  1.7070000000000000e+004	 -1.4438892976508309e+003	  2.6458923622663870e+003	
  1.7100000000000000e+004	 -1.4389950664621142e+003	  2.6465602629009422e+003	
  1.7130000000000000e+004	 -1.4364493526560241e+003	  2.6458923618460999e+003	
  1.7160000000000000e+004	 -1.4392101979842578e+003	  2.6451576689381777e+003	
  1.7190000000000000e+004	 -1.4388337207046193e+003	  2.6448014529011562e+003	
  1.7220000000000000e+004	 -1.4402320710950694e+003	  2.6447569263887599e+003	
  1.7250000000000000e+004	 -1.4416483488138401e+003	  2.6437996002403879e+003	
  1.7280000000000000e+004	 -1.4396046052674078e+003	  2.6449350334885266e+003	
  1.7310000000000000e+004	 -1.4385648070718789e+003	  2.6433320670634516e+003	
  1.7340000000000000e+004	 -1.4452159356984578e+003	  2.6412838341876386e+003	
  1.7370000000000000e+004	 -1.4469728364010848e+003	  2.6454025661713990e+003	
  1.7400000000000000e+004	 -1.4434948867624648e+003	  2.6423302121322149e+003	
  1.7430000000000000e+004	 -1.4483891140190212e+003	  2.6412838328024227e+003	
  1.7460000000000000e+004	 -1.4443554105488515e+003	  2.6411279884161827e+003	
  1.7490000000000000e+004	 -1.4431721911355241e+003	  2.6372764181958419e+003	
  1.7520000000000000e+004	 -1.4410746656140104e+003	  2.6385231689777765e+003	
  1.7550000000000000e+004	 -1.4376505011042768e+003	  2.6403487690217944e+003	
  1.7580000000000000e+004	 -1.4450545866527009e+003	  2.6421075780548504e+003	
  1.7610000000000000e+004	 -1.4391564173873783e+003	  2.6415955204613774e+003	
  1.7640000000000000e+004	 -1.4416483491833826e+003	  2.6409721445534783e+003	
  1.7670000000000000e+004	 -1.4423833789562827e+003	  2.6420407887057040e+003	
  1.7700000000000000e+004	 -1.4424909439214139e+003	  2.6420407887057040e+003	
  1.7730000000000000e+004	 -1.4395866805894125e+003	  2.6423524776039640e+003	
  1.7760000000000000e+004	 -1.4318419652650778e+003	  2.6426419014366234e+003	
  1.7790000000000000e+004	 -1.4376504999615129e+003	  2.6417513646573088e+003	
  1.7820000000000000e+004	 -1.4380090544784998e+003	  2.6423302130040302e+003	
  1.7850000000000000e+004	 -1.4351944226717960e+003	  2.6426419014366234e+003	
  1.7880000000000000e+004	 -1.4527455154952427e+003	  2.6441558133747371e+003	
  1.7910000000000000e+004	 -1.4444450491709779e+003	  2.6472281658886900e+003	
  1.7940000000000000e+004	 -1.4418455528436359e+003	  2.6456697255835734e+003	
  1.7970000000000000e+004	 -1.4407519694625946e+003	  2.6447346623705425e+003	
  1.8000000000000000e+004	 -1.4402679261431319e+003	  2.6428645342853015e+003	
  1.8030000000000000e+004	 -1.4362342229367637e+003	  2.6413506227861694e+003	
  1.8060000000000000e+004	 -1.4380269798882698e+003	  2.6411057268318350e+003	
  1.8090000000000000e+004	 -1.4290811202733230e+003	  2.6412393056470733e+003	
  1.8120000000000000e+004	 -1.4383676032990679e+003	  2.6403265048978101e+003	
  1.8150000000000000e+004	 -1.4438534369168601e+003	  2.6412170420279517e+003	
  1.8180000000000000e+004	 -1.4442657721143937e+003	  2.6393246530348761e+003	
  1.8210000000000000e+004	 -1.4429212066018636e+003	  2.6392133353204299e+003	
  1.8240000000000000e+004	 -1.4350689320628044e+003	  2.6372096276494703e+003	
  1.8270000000000000e+004	 -1.4399810823390769e+003	  2.6365639885332575e+003	
  1.8300000000000000e+004	 -1.4370588901248461e+003	  2.6370983109536264e+003	
  1.8330000000000000e+004	 -1.4394432571493385e+003	  2.6373432090290289e+003	
  1.8360000000000000e+004	 -1.4410746655502005e+003	  2.6377216869383360e+003	
  1.8390000000000000e+004	 -1.4425267994222500e+003	  2.6374990487539640e+003	
  1.8420000000000000e+004	 -1.4395866777858462e+003	  2.6375435757556234e+003	
  1.8450000000000000e+004	 -1.4418634788178570e+003	  2.6364749349496001e+003	
  1.8480000000000000e+004	 -1.4392460521489838e+003	  2.6382782717349210e+003	
  1.8510000000000000e+004	 -1.4368258328265736e+003	  2.6358515588982832e+003	
  1.8540000000000000e+004	 -1.4372919498036786e+003	  2.6355398699120310e+003	
  1.8570000000000000e+004	 -1.4408416085918591e+003	  2.6335806906341222e+003	
  1.8600000000000000e+004	 -1.4387082249266994e+003	  2.6340482221758007e+003	
  1.8630000000000000e+004	 -1.4383676052953081e+003	  2.6344044360063758e+003	
  1.8660000000000000e+004	 -1.4445526132180289e+003	  2.6363413541779564e+003	
  1.8690000000000000e+004	 -1.4460943863481762e+003	  2.6375435791525069e+003	
  1.8720000000000000e+004	 -1.4451262969635404e+003	  2.6396363407214021e+003	
  1.8750000000000000e+004	 -1.4473493149286178e+003	  2.6398812382594670e+003	
  1.8780000000000000e+004	 -1.4406264791940889e+003	  2.6421075793455520e+003	
  1.8810000000000000e+004	 -1.4394074026037845e+003	  2.6421298428215696e+003	
  1.8840000000000000e+004	 -1.4360370200827069e+003	  2.6418404180981256e+003	
  1.8870000000000000e+004	 -1.4431542638377405e+003	  2.6420185255885713e+003	
  1.8900000000000000e+004	 -1.4400169409334230e+003	  2.6422188960615081e+003	
  1.8930000000000000e+004	 -1.4389054314804282e+003	  2.6432652783950516e+003	
  1.8960000000000000e+004	 -1.4330968960203031e+003	  2.6441335503763839e+003	
  1.8990000000000000e+004	 -1.4543410677238273e+003	  2.6439999704167276e+003	
  1.9020000000000000e+004	 -1.4462019495048057e+003	  2.6444675017188074e+003	
  1.9050000000000000e+004	 -1.4270732341143255e+003	  2.6442893937758022e+003	
  1.9080000000000000e+004	 -1.4220535144099581e+003	  2.6435992293530458e+003	
  1.9110000000000000e+004	 -1.4299954273133910e+003	  2.6429981163191646e+003	
  1.9140000000000000e+004	 -1.4383317474274124e+003	  2.6422411593602747e+003	
  1.9170000000000000e+004	 -1.4386185892207500e+003	  2.6418626810762844e+003	
  1.9200000000000000e+004	 -1.4377580639474590e+003	  2.6430871697941352e+003	
  1.9230000000000000e+004	 -1.4339394950567942e+003	  2.6440667596343578e+003	
  1.9260000000000000e+004	 -1.4343159739216339e+003	  2.6441335503763839e+003	
  1.9290000000000000e+004	 -1.4397659524258397e+003	  2.6432430138191244e+003	
  1.9320000000000000e+004	 -1.4398555912053714e+003	  2.6435101748721995e+003	
  1.9350000000000000e+004	 -1.4393356945601058e+003	  2.6436437534927572e+003	
  1.9380000000000000e+004	 -1.4359653088271084e+003	  2.6444897650539692e+003	
  1.9410000000000000e+004	 -1.4364493539440507e+003	  2.6447123993683504e+003	
  1.9440000000000000e+004	 -1.4306946031388768e+003	  2.6468496877584721e+003	
  1.9470000000000000e+004	 -1.4379731989622517e+003	  2.6451131413883895e+003	
  1.9500000000000000e+004	 -1.4412718668407870e+003	  2.6444897655257746e+003	
  1.9530000000000000e+004	 -1.4371306008925196e+003	  2.6452244583375164e+003	
  1.9560000000000000e+004	 -1.4448036011904653e+003	  2.6426641655706089e+003	
  1.9590000000000000e+004	 -1.4384572395158079e+003	  2.6446456088377367e+003	
  1.9620000000000000e+004	 -1.4365927738985549e+003	  2.6442448679637209e+003	
  1.9650000000000000e+004	 -1.4252625518705131e+003	  2.6812466727061837e+003	
  1.9680000000000000e+004	 -1.3676971225477325e+003	  2.6848088190478688e+003	
  1.9710000000000000e+004	 -1.3105798841278529e+003	  2.5907903967111670e+003	
  1.9740000000000000e+004	 -1.2873636845727956e+003	  2.4812766336409500e+003	
  1.9770000000000000e+004	 -1.3221073120416290e+003	  2.4560299168556362e+003	
  1.9800000000000000e+004	 -1.2952697428294796e+003	  2.3464493643334536e+003	
  1.9830000000000000e+004	 -1.2863238872928928e+003	  2.2934401585535888e+003	
  1.9860000000000000e+004	 -1.2234160416041523e+003	  2.2813956491634935e+003	
  1.9890000000000000e+004	 -1.1977258350663201e+003	  2.1886239805101350e+003	
  1.9920000000000000e+004	 -1.0726093268380678e+003	  2.1398225638583694e+003	
  1.9950000000000000e+004	 -8.4424794111985068e+002	  2.0907539844133817e+003	
  1.9980000000000000e+004	 -7.3334799549348008e+002	  1.6989623196559726e+003	
  2.0010000000000000e+004	 -4.6000634783650878e+002	  1.3716677835804060e+003	
  2.0040000000000000e+004	 -2.5787299690046331e+002	  1.2275344009518353e+003	
  2.0070000000000000e+004	  8.8613101822335892e+001	  1.0889223508949431e+003	
  2.0100000000000000e+004	  2.5603872216735994e+002	  9.5917114071309300e+002	
  2.0130000000000000e+004	  2.5718608523949172e+002	  9.5799117822403275e+002	
  2.0160000000000000e+004	  2.0017641388412625e+002	  8.5613602990209893e+002	
  2.0190000000000000e+004	  5.2678252515380590e+000	  9.5957188036234254e+002	
  2.0220000000000000e+004	 -2.2210746927081422e+002	  9.7021379739238091e+002	
  2.0250000000000000e+004	 -3.2210746578397311e+002	  9.7210618723433038e+002	
  2.0280000000000000e+004	 -3.1875502214458794e+002	  9.7493363897586119e+002	
  2.0310000000000000e+004	 -3.3463883930360646e+002	  9.7143828646468171e+002	
  2.0340000000000000e+004	 -3.0089915469637918e+002	  9.1375376341919423e+002	
  2.0370000000000000e+004	 -2.9792318328035878e+002	  9.2283723767784397e+002	
  2.0400000000000000e+004	 -2.9955459298606456e+002	  9.0901165748865208e+002	
  2.0430000000000000e+004	 -2.9867614426504952e+002	  9.3572775670999579e+002	
  2.0460000000000000e+004	 -3.0269192299041157e+002	  9.4472217969161682e+002	
  2.0490000000000000e+004	 -3.0301461829370351e+002	  9.3098564994558183e+002	
  2.0520000000000000e+004	 -3.0197480575465147e+002	  9.2900420683968480e+002	
  2.0550000000000000e+004	 -3.0496871771293547e+002	  9.3345688711725450e+002	
  2.0580000000000000e+004	 -3.0873350869940572e+002	  9.3646245504457659e+002	
  2.0610000000000000e+004	 -3.1984859930072076e+002	  9.5747912149767978e+002	
  2.0640000000000000e+004	 -2.9457073335827192e+002	  9.2873704387617579e+002	
  2.0670000000000000e+004	 -3.0028961983193278e+002	  9.2958305156032543e+002	
  2.0700000000000000e+004	 -3.1979481717659547e+002	  9.7920821543369709e+002	
  2.0730000000000000e+004	 -3.2400779579345897e+002	  9.8428427617373814e+002	
  2.0760000000000000e+004	 -3.3173457788792365e+002	  9.7199487053130110e+002	
  2.0790000000000000e+004	 -3.2820284564152524e+002	  9.6983532203825030e+002	
  2.0820000000000000e+004	 -3.0894986764016488e+002	  9.2810905474782192e+002	
  2.0850000000000000e+004	 -2.8744452438298947e+002	  9.1424355667993166e+002	
  2.0880000000000000e+004	 -2.8961373633734627e+002	  9.1817305105630226e+002	
  2.0910000000000000e+004	 -2.7282457858518427e+002	  8.9842539671725842e+002	
  2.0940000000000000e+004	 -2.8560692724862656e+002	  9.1446619502176691e+002	
  2.0970000000000000e+004	 -2.9201604860497253e+002	  9.2710068566627820e+002	
  2.1000000000000000e+004	 -2.9601389158569299e+002	  9.2737897255366408e+002	
  2.1030000000000000e+004	 -2.9419425093481448e+002	  9.3237711243107424e+002	
  2.1060000000000000e+004	 -2.8950618948289946e+002	  9.3910066315943698e+002	
  2.1090000000000000e+004	 -2.9532367914750228e+002	  9.2743462865346851e+002	
  2.1120000000000000e+004	 -2.9892711801556624e+002	  9.3094112147032206e+002	
  2.1150000000000000e+004	 -2.9835343791952255e+002	  9.3088546454982247e+002	
  2.1180000000000000e+004	 -3.0351657012964830e+002	  9.2928249905352345e+002	
  2.1210000000000000e+004	 -3.0166107466752953e+002	  9.3335670497852811e+002	
  2.1240000000000000e+004	 -3.0287118504287440e+002	  9.3233258499859971e+002	
  2.1270000000000000e+004	 -3.0002069187760719e+002	  9.2848101442047732e+002	
  2.1300000000000000e+004	 -3.0153559083831925e+002	  9.2317118259853055e+002	
  2.1330000000000000e+004	 -2.8722041651086602e+002	  9.5019897975602635e+002	
  2.1360000000000000e+004	 -2.9227599850709322e+002	  9.4137153982773543e+002	
  2.1390000000000000e+004	 -2.9195329507155122e+002	  9.3621755502333747e+002	
  2.1420000000000000e+004	 -2.8899524083640381e+002	  9.4852922524907058e+002	
  2.1450000000000000e+004	 -2.8929106495807457e+002	  9.5750138399157254e+002	
  2.1480000000000000e+004	 -2.8830503865229156e+002	  9.5389471112864771e+002	
  2.1510000000000000e+004	 -2.9103898435480988e+002	  9.4789471303174105e+002	
  2.1540000000000000e+004	 -2.9390740948639075e+002	  9.3665168746144809e+002	
  2.1570000000000000e+004	 -2.9560155607907171e+002	  9.2495226567740497e+002	
  2.1600000000000000e+004	 -2.8571449951757734e+002	  9.4924165351107001e+002	
  2.1630000000000000e+004	 -2.8575035943352293e+002	  9.3647357748626200e+002	
  2.1660000000000000e+004	 -3.0021791582437311e+002	  9.2969437177658710e+002	
  2.1690000000000000e+004	 -2.8872634771381416e+002	  9.4867393681731301e+002	
  2.1720000000000000e+004	 -3.0514797776478451e+002	  9.5273701703694314e+002	
  2.1750000000000000e+004	 -2.9882851094554417e+002	  9.1161646973307177e+002	
  2.1780000000000000e+004	 -3.0353451432742918e+002	  9.2172406236532606e+002	
  2.1810000000000000e+004	 -3.0404544928944381e+002	  9.2245875883671010e+002	
  2.1840000000000000e+004	 -3.0415299944539146e+002	  9.2351627144200279e+002	
  2.1870000000000000e+004	 -3.0184035836469354e+002	  9.2006544119909699e+002	
  2.1900000000000000e+004	 -2.9339646702021287e+002	  9.2171293356622698e+002	
  2.1930000000000000e+004	 -2.8331221882494953e+002	  9.2787990254374677e+002	
  2.1960000000000000e+004	 -2.8439682860644808e+002	  9.2852554315046814e+002	
  2.1990000000000000e+004	 -3.1357395693438912e+002	  9.1363131185427335e+002	
  2.2020000000000000e+004	 -3.0401855149024010e+002	  9.3422497869227368e+002	
  2.2050000000000000e+004	 -3.0033443456795300e+002	  9.2468509859705625e+002	
  2.2080000000000000e+004	 -3.1098341864321497e+002	  9.1015822348035579e+002	
  2.2110000000000000e+004	 -3.0653737415089239e+002	  9.1815078748327380e+002	
  2.2140000000000000e+004	 -3.0263813224653296e+002	  9.1822871480980871e+002	
  2.2170000000000000e+004	 -2.9225807602614407e+002	  9.2590958900398914e+002	
  2.2200000000000000e+004	 -2.9323511378841050e+002	  9.2586506696797483e+002	
  2.2230000000000000e+004	 -3.0879626225384982e+002	  9.2059975832137570e+002	
  2.2260000000000000e+004	 -3.1929283873358332e+002	  9.0827696300682271e+002	
  2.2290000000000000e+004	 -3.2491313609856235e+002	  8.9248106292566445e+002	
  2.2320000000000000e+004	 -3.0795365518259251e+002	  9.2035486417988909e+002	
  2.2350000000000000e+004	 -3.0426056919229615e+002	  9.2171293321211522e+002	
  2.2380000000000000e+004	 -3.0514797776478451e+002	  9.2039938949098291e+002	
  2.2410000000000000e+004	 -3.0602643974526825e+002	  9.1738270191579556e+002	
  2.2440000000000000e+004	 -3.0537208255040053e+002	  9.1757194341909360e+002	
  2.2470000000000000e+004	 -3.0359724759711008e+002	  9.1827323382049758e+002	
  2.2500000000000000e+004	 -3.0304149920431172e+002	  9.1988733574778325e+002	
  2.2530000000000000e+004	 -2.9837137651258064e+002	  9.2166840683975192e+002	
  2.2560000000000000e+004	 -3.0420679897039338e+002	  9.2255894446496461e+002	
  2.2590000000000000e+004	 -3.0922651417941677e+002	  9.2371664544781504e+002	
  2.2620000000000000e+004	 -3.1390561151398003e+002	  9.2155709361264019e+002	
  2.2650000000000000e+004	 -2.9014262253069421e+002	  9.0361277535105762e+002	
  2.2680000000000000e+004	 -3.0181347080072999e+002	  9.1835115956668119e+002	
  2.2710000000000000e+004	 -2.9897192636112771e+002	  9.1406544942023572e+002	
  2.2740000000000000e+004	 -3.0160729871705405e+002	  9.1940866861473990e+002	
  2.2770000000000000e+004	 -2.9723296181158105e+002	  9.1788362800667528e+002	
  2.2800000000000000e+004	 -2.9825484229029843e+002	  9.1820644983434033e+002	
  2.2830000000000000e+004	 -2.9795006267642833e+002	  9.1655895131904288e+002	
  2.2860000000000000e+004	 -3.0769371041233222e+002	  9.2239196931888296e+002	
  2.2890000000000000e+004	 -3.2061051722902755e+002	  9.4084834542512510e+002	
  2.2920000000000000e+004	 -3.0220787418749012e+002	  9.2341608922148521e+002	
  2.2950000000000000e+004	 -2.9345025164817741e+002	  9.1295228121032892e+002	
  2.2980000000000000e+004	 -2.8937173008911435e+002	  9.0849959292488859e+002	
  2.3010000000000000e+004	 -2.7489521964640301e+002	  8.9469627791623611e+002	
  2.3040000000000000e+004	 -3.0576649892389412e+002	  9.2887062229450862e+002	
  2.3070000000000000e+004	 -2.9964421622016619e+002	  9.1978714942285842e+002	
  2.3100000000000000e+004	 -3.0493287003805602e+002	  9.2057750357984719e+002	
  2.3130000000000000e+004	 -3.0442191730885941e+002	  9.1837342565420863e+002	
  2.3160000000000000e+004	 -2.8118780108613362e+002	  9.2301534661197616e+002	
  2.3190000000000000e+004	 -3.0115910186751506e+002	  9.2175746205651558e+002	
  2.3220000000000000e+004	 -3.0154455102824278e+002	  9.2328250730746299e+002	
  2.3250000000000000e+004	 -3.0340004734953698e+002	  9.2210254550647937e+002	
  2.3280000000000000e+004	 -3.0317597075861795e+002	  9.1769438155624300e+002	
  2.3310000000000000e+004	 -3.0427851358706249e+002	  9.3779825699385560e+002	
  2.3340000000000000e+004	 -2.9738534692642759e+002	  9.7030284786748450e+002	
  2.3370000000000000e+004	 -2.7879445221984969e+002	  9.2826951523299408e+002	
  2.3400000000000000e+004	 -2.8166287560169593e+002	  9.1036972105181053e+002	
  2.3430000000000000e+004	 -2.9424803920331226e+002	  9.2577600723393550e+002	
  2.3460000000000000e+004	 -2.9665031609124958e+002	  9.2793556147811671e+002	
  2.3490000000000000e+004	 -2.9675790215089808e+002	  9.2802461520559132e+002	
  2.3520000000000000e+004	 -3.0129356702271429e+002	  9.2370551125357451e+002	
  2.3550000000000000e+004	 -3.0331937697320126e+002	  9.3034001350813685e+002	
  2.3580000000000000e+004	 -2.9813831299345520e+002	  9.5482977083127730e+002	
  2.3610000000000000e+004	 -3.0409026441212450e+002	  9.2838083119256521e+002	
  2.3640000000000000e+004	 -2.8419065663039555e+002	  9.1851813033082874e+002	
  2.3670000000000000e+004	 -2.9543123412820694e+002	  9.1480014524294950e+002	
  2.3700000000000000e+004	 -3.0138320631792402e+002	  9.2964984413313653e+002	
  2.3730000000000000e+004	 -2.9157681883799086e+002	  9.3198750371125971e+002	
  2.3760000000000000e+004	 -2.8566073260142537e+002	  9.1998751719394875e+002	
  2.3790000000000000e+004	 -2.9580773466799008e+002	  9.2196896536899908e+002	
  2.3820000000000000e+004	 -2.8539180459408516e+002	  9.0284468702735921e+002	
  2.3850000000000000e+004	 -2.9962630860088359e+002	  9.5013218967488865e+002	
  2.3880000000000000e+004	 -3.4182778788593623e+002	  1.0235124229050749e+003	
  2.3910000000000000e+004	 -3.2657143005286935e+002	  9.9666273971160660e+002	
  2.3940000000000000e+004	 -3.2899166089058627e+002	  1.0108000063160458e+003	
  2.3970000000000000e+004	 -3.1386078501844258e+002	  9.5362754679744160e+002	
  2.4000000000000000e+004	 -2.9577188461518983e+002	  9.2682239500798062e+002	
  2.4030000000000000e+004	 -2.8748933487328770e+002	  9.1920829979107145e+002	
  2.4060000000000000e+004	 -3.0401855303382371e+002	  9.2731218782350766e+002	
  2.4090000000000000e+004	 -3.0276361855475750e+002	  9.2800234941749238e+002	
  2.4120000000000000e+004	 -2.9654276382060340e+002	  9.2074447234394631e+002	
  2.4150000000000000e+004	 -2.9670411684936141e+002	  9.2918231565796418e+002	
  2.4180000000000000e+004	 -3.0082744287553953e+002	  9.1123799298649249e+002	
  2.4210000000000000e+004	 -3.0573959248495555e+002	  9.0736415984543453e+002	
  2.4240000000000000e+004	 -3.0240506600292463e+002	  9.2076673722226656e+002	
  2.4270000000000000e+004	 -2.9371019467804410e+002	  9.1807286538888911e+002	
  2.4300000000000000e+004	 -2.8924623466707408e+002	  9.3503759521658105e+002	
  2.4330000000000000e+004	 -2.9001712940863433e+002	  9.2479642250686959e+002	
  2.4360000000000000e+004	 -2.8849327643743538e+002	  9.2069994526042524e+002	
  2.4390000000000000e+004	 -2.6656785594200892e+002	  9.2294854967905462e+002	
  2.4420000000000000e+004	 -2.8684393592827689e+002	  9.2744576472937058e+002	
  2.4450000000000000e+004	 -3.0084537418522291e+002	  9.2891515540501382e+002	
  2.4480000000000000e+004	 -3.0179553186574697e+002	  9.2397267166958738e+002	
  2.4510000000000000e+004	 -2.9385361338054696e+002	  9.2172406896558823e+002	
  2.4540000000000000e+004	 -2.9367434278698653e+002	  9.2023241087448662e+002	
  2.4570000000000000e+004	 -2.9622006734234185e+002	  9.1341981293310596e+002	
  2.4600000000000000e+004	 -2.9197122965761213e+002	  9.1887434787964105e+002	
  2.4630000000000000e+004	 -2.8436993518558205e+002	  9.2359419386534535e+002	
  2.4660000000000000e+004	 -2.8908489706997062e+002	  9.2528621687829786e+002	
  2.4690000000000000e+004	 -3.0493286963768344e+002	  9.3234371799074017e+002	
  2.4720000000000000e+004	 -2.9480377001793090e+002	  9.2510810875880304e+002	
  2.4750000000000000e+004	 -2.9543124468648057e+002	  9.3588360499903024e+002	
  2.4780000000000000e+004	 -2.9618421911655321e+002	  9.3646245215793056e+002	
  2.4810000000000000e+004	 -2.9277797123146536e+002	  9.2588732884599744e+002	
  2.4840000000000000e+004	 -3.0000277311821958e+002	  9.2484094259574545e+002	
  2.4870000000000000e+004	 -3.0123978216230461e+002	  9.1709328087911763e+002	
  2.4900000000000000e+004	 -3.0057644603082531e+002	  9.2223612865964583e+002	
  2.4930000000000000e+004	 -2.9514440042052712e+002	  9.2419530614414157e+002	
  2.4960000000000000e+004	 -2.9530576296260961e+002	  9.2301534518684252e+002	
  2.4990000000000000e+004	 -3.0138319442680029e+002	  9.2230291233156129e+002	
  2.5020000000000000e+004	 -2.9089556517892396e+002	  8.9954969694766476e+002	
  2.5050000000000000e+004	 -2.8397552104391821e+002	  8.6608778353261243e+002	
  2.5080000000000000e+004	 -2.9103899068289741e+002	  9.0041797495370190e+002	
  2.5110000000000000e+004	 -3.0260228468142640e+002	  9.4821753950819675e+002	
  2.5140000000000000e+004	 -2.9973386459142904e+002	  9.3572775888065610e+002	
  2.5170000000000000e+004	 -3.0453844128820987e+002	  9.1969809120920127e+002	
  2.5200000000000000e+004	 -2.9163060414733593e+002	  8.7038462201956861e+002	
  2.5230000000000000e+004	 -2.7777259494407406e+002	  8.0737914398048451e+002	
  2.5260000000000000e+004	 -2.7307557337236324e+002	  7.9143853215226807e+002	
  2.5290000000000000e+004	 -2.8028244114922688e+002	  8.5878537691264137e+002	
  2.5320000000000000e+004	 -2.8904904109231916e+002	  8.9162392733450145e+002	
  2.5350000000000000e+004	 -2.9614834768337153e+002	  9.4610251499070478e+002	
  2.5380000000000000e+004	 -2.9668617960096611e+002	  8.4674086826515338e+002	
  2.5410000000000000e+004	 -2.9276005040277431e+002	  9.1306359843813175e+002	
  2.5440000000000000e+004	 -2.5183139071402201e+002	  7.8676321165677587e+002	
  2.5470000000000000e+004	 -2.5046891314780856e+002	  7.5416956617360597e+002	
  2.5500000000000000e+004	 -2.7725268051141256e+002	  8.5963138607015151e+002	
  2.5530000000000000e+004	 -2.8944344567417363e+002	  8.4322324302896379e+002	
  2.5560000000000000e+004	 -2.9892712722791811e+002	  8.8256271080216140e+002	
  2.5590000000000000e+004	 -3.0075574259228659e+002	  9.1090404436395602e+002	
  2.5620000000000000e+004	 -3.0305047655025442e+002	  9.2648844356181633e+002	
  2.5650000000000000e+004	 -3.0807017505172684e+002	  9.2357192969451739e+002	
  2.5680000000000000e+004	 -3.0771162860225337e+002	  9.3372404906341058e+002	
  2.5710000000000000e+004	 -3.0826737837152768e+002	  9.3630660795098208e+002	
  2.5740000000000000e+004	 -3.0267399182269224e+002	  9.4038080956301951e+002	
  2.5770000000000000e+004	 -3.0581131227908850e+002	  9.5376113031324405e+002	
  2.5800000000000000e+004	 -2.9831759145959751e+002	  9.1315264917798959e+002	
  2.5830000000000000e+004	 -2.8653918152923353e+002	  9.2245875930970465e+002	
  2.5860000000000000e+004	 -3.0027168030845280e+002	  9.2350513787235889e+002	
  2.5890000000000000e+004	 -2.9878369316212184e+002	  9.2490773568785312e+002	
  2.5920000000000000e+004	 -3.0747857603639466e+002	  9.2203575180906262e+002	
  2.5950000000000000e+004	 -3.0801638953361123e+002	  9.2791329964289582e+002	
  2.5980000000000000e+004	 -3.0070195975056185e+002	  9.2047731496280380e+002	
  2.6010000000000000e+004	 -3.0147284185196588e+002	  9.2528621302244323e+002	
  2.6040000000000000e+004	 -2.9327994150492225e+002	  9.0976860883606628e+002	
  2.6070000000000000e+004	 -2.9008882744589039e+002	  8.9367215509921721e+002	
  2.6100000000000000e+004	 -2.9494719749746071e+002	  9.1629179045221520e+002	
  2.6130000000000000e+004	 -2.9284966406930783e+002	  9.1951998993883137e+002	
  2.6160000000000000e+004	 -2.9471415346342525e+002	  9.1333075775838461e+002	
  2.6190000000000000e+004	 -2.9146925289251533e+002	  9.1791702532143677e+002	
  2.6220000000000000e+004	 -2.8487191282996093e+002	  9.8366090060771899e+002	
  2.6250000000000000e+004	 -2.9227600118795061e+002	  9.2477415781456455e+002	
  2.6280000000000000e+004	 -2.9568222608749886e+002	  9.1235116624401110e+002	
  2.6310000000000000e+004	 -2.9182780271642662e+002	  8.8222875326324333e+002	
  2.6340000000000000e+004	 -2.9905260944080146e+002	  9.1019161463634794e+002	
  2.6370000000000000e+004	 -2.9944702197327075e+002	  9.2352740536449073e+002	
  2.6400000000000000e+004	 -3.0290704677587183e+002	  9.2212481059614925e+002	
  2.6430000000000000e+004	 -3.0523762806207469e+002	  9.1718232793451421e+002	
  2.6460000000000000e+004	 -2.9951873876244423e+002	  9.2346061107578248e+002	
  2.6490000000000000e+004	 -2.9774389599700669e+002	  9.1969809543358531e+002	
  2.6520000000000000e+004	 -2.9650690560132028e+002	  9.2397267199671273e+002	
  2.6550000000000000e+004	 -3.0012827518325258e+002	  9.2426209319003033e+002	
  2.6580000000000000e+004	 -3.0086330668215885e+002	  9.3568323426120241e+002	
  2.6610000000000000e+004	 -2.8671844485116719e+002	  9.3508212028114360e+002	
  2.6640000000000000e+004	 -2.8946136309756423e+002	  9.2985022083787828e+002	
  2.6670000000000000e+004	 -3.0082744287553953e+002	  9.4084834672311024e+002	
  2.6700000000000000e+004	 -2.9711644023497854e+002	  9.3065169329520472e+002	
  2.6730000000000000e+004	 -2.8987368413755473e+002	  9.1622500339298062e+002	
  2.6760000000000000e+004	 -3.0374964737242215e+002	  9.2279270865964531e+002	
  2.6790000000000000e+004	 -3.0489700485352103e+002	  9.2918231254414582e+002	
  2.6820000000000000e+004	 -3.1106409700355891e+002	  9.3232145637977078e+002	
  2.6850000000000000e+004	 -2.8392175293329649e+002	  9.1130478938759256e+002	
  2.6880000000000000e+004	 -2.9152303898133903e+002	  9.1339755046918742e+002	
  2.6910000000000000e+004	 -2.8331220203780248e+002	  9.1244022393260639e+002	
  2.6940000000000000e+004	 -2.8725627465282764e+002	  9.2005431054562519e+002	
  2.6970000000000000e+004	 -2.8892352323718342e+002	  9.2475188864769939e+002	
  2.7000000000000000e+004	 -3.0131150150334639e+002	  9.3592813080434939e+002	
  2.7030000000000000e+004	 -3.0663599250563959e+002	  9.3443648061629540e+002	
  2.7060000000000000e+004	 -2.9724191839759669e+002	  9.2159048376573287e+002	
  2.7090000000000000e+004	 -2.9661446398176793e+002	  9.1767212194910064e+002	
  2.7120000000000000e+004	 -2.9535952759437293e+002	  9.2018788441475920e+002	
  2.7150000000000000e+004	 -2.9573602436246404e+002	  9.2118974136083125e+002	
  2.7180000000000000e+004	 -2.9699093770491561e+002	  9.2973890095010552e+002	
  2.7210000000000000e+004	 -2.9338752041231203e+002	  9.3828805227173723e+002	
  2.7240000000000000e+004	 -2.9046531168830830e+002	  9.3610623369365260e+002	
  2.7270000000000000e+004	 -2.9021433607193694e+002	  9.2323798384132010e+002	
  2.7300000000000000e+004	 -2.8055136244354640e+002	  9.0827695968840237e+002	
  2.7330000000000000e+004	 -3.1592246499643943e+002	  9.2352740129592348e+002	
  2.7360000000000000e+004	 -3.0211822376970423e+002	  9.3049585341368606e+002	
  2.7390000000000000e+004	 -2.9661447480517506e+002	  9.1081498947915884e+002	
  2.7420000000000000e+004	 -2.9383569427845725e+002	  9.1876303340837205e+002	
  2.7450000000000000e+004	 -2.8917453697085256e+002	  9.2811366971479561e+002	
  2.7480000000000000e+004	 -2.7709134238407808e+002	  9.3236597755335606e+002	
  2.7510000000000000e+004	 -2.8490776902319465e+002	  9.3704129962581771e+002	
  2.7540000000000000e+004	 -2.6843232097390046e+002	  9.6667390484359260e+002	
  2.7570000000000000e+004	 -2.7388231432972890e+002	  9.5267022306745571e+002	
  2.7600000000000000e+004	 -2.7479660896681696e+002	  9.4427691278117982e+002	
  2.7630000000000000e+004	 -2.8090990518897053e+002	  9.6108579110090227e+002	
  2.7660000000000000e+004	 -2.7205370037302356e+002	  9.8668872560982368e+002	
  2.7690000000000000e+004	 -2.6859368498198785e+002	  9.8417296044900797e+002	
  2.7720000000000000e+004	 -2.7303972416571224e+002	  9.7008021794928334e+002	
  2.7750000000000000e+004	 -2.9059080441458480e+002	  9.3347915509657901e+002	
  2.7780000000000000e+004	 -2.9118241356083956e+002	  9.4144945515745383e+002	
  2.7810000000000000e+004	 -2.8684393592827689e+002	  9.4835111890504049e+002	
  2.7840000000000000e+004	 -2.8951515866568570e+002	  9.5307096088567528e+002	
  2.7870000000000000e+004	 -2.9220428622188405e+002	  9.5594294331642982e+002	
  2.7900000000000000e+004	 -2.9968007654784321e+002	  9.5612105019509784e+002	
  2.7930000000000000e+004	 -3.0884106461568820e+002	  9.3784278258075244e+002	
  2.7960000000000000e+004	 -3.0862592852577836e+002	  9.3494853769078838e+002	
  2.7990000000000000e+004	 -2.9982349733863629e+002	  9.1818418287908867e+002	
  2.8020000000000000e+004	 -2.8634196603293350e+002	  9.1776117753330288e+002	
  2.8050000000000000e+004	 -2.8664673860399773e+002	  9.2996152759532765e+002	
  2.8080000000000000e+004	 -3.0028961071501703e+002	  9.2052183726367275e+002	
  2.8110000000000000e+004	 -2.9908847092300931e+002	  9.1261832916358310e+002	
  2.8140000000000000e+004	 -3.0287119626476021e+002	  9.1807286706381490e+002	
  2.8170000000000000e+004	 -3.0403648859743186e+002	  9.2112295460333098e+002	
  2.8200000000000000e+004	 -3.0376755560150048e+002	  9.2183538000968360e+002	
  2.8230000000000000e+004	 -2.9141546544777867e+002	  9.3020642909154139e+002	
  2.8260000000000000e+004	 -3.0043304674757729e+002	  9.0776489886796628e+002	
  2.8290000000000000e+004	 -2.9498306845218792e+002	  9.1805059757759523e+002	
  2.8320000000000000e+004	 -2.9528782694481049e+002	  9.2023241308268223e+002	
  2.8350000000000000e+004	 -3.1929283741771911e+002	  9.0536045338499844e+002	
  2.8380000000000000e+004	 -3.1857573529753415e+002	  8.8530111190649006e+002	
  2.8410000000000000e+004	 -3.2144414685136218e+002	  8.8621391008384148e+002	
  2.8440000000000000e+004	 -3.3860083593467795e+002	  8.6855901852593490e+002	
  2.8470000000000000e+004	 -3.6729962367373997e+002	  8.7182971686701171e+002	
  2.8500000000000000e+004	 -4.1529875811548550e+002	  8.5836354336333250e+002	
  2.8530000000000000e+004	 -4.6562663484551848e+002	  8.5088186256703307e+002	
  2.8560000000000000e+004	 -4.9914222828271124e+002	  8.6123435750133535e+002	
  2.8590000000000000e+004	 -5.3272055477866718e+002	  8.7082988899197881e+002	
  2.8620000000000000e+004	 -5.8551725388467219e+002	  8.6236979145388182e+002	
  2.8650000000000000e+004	 -6.1221140369504803e+002	  8.5780578698629711e+002	
  2.8680000000000000e+004	 -6.0443084018123386e+002	  8.4979095301047460e+002	
  2.8710000000000000e+004	 -6.4451688924497080e+002	  8.9585397001700642e+002	
  2.8740000000000000e+004	 -6.4451688924497080e+002	  8.9585397001700642e+002	
  2.8770000000000000e+004	 -6.4451688924497080e+002	  8.9585397001700642e+002	
  2.8800000000000000e+004	 -6.4451688924497080e+002	  8.9585397001700642e+002	
  2.8830000000000000e+004	 -6.4451688924497080e+002	  8.9585397001700642e+002	
  2.8860000000000000e+004	 -6.4451688924497080e+002	  8.9585397001700642e+002	
  2.8890000000000000e+004	 -6.4451688924497080e+002	  8.9585397001700642e+002	
  2.8920000000000000e+004	 -6.4451688924497080e+002	  8.9585397001700642e+002	
  2.8950000000000000e+004	 -6.4451688924497080e+002	  8.9585397001700642e+002	
  2.8980000000000000e+004	 -6.4451688924497080e+002	  8.9585397001700642e+002	
  2.9010000000000000e+004	 -6.4451688924497080e+002	  8.9585397001700642e+002	
  2.9040000000000000e+004	 -6.4451688924497080e+002	  8.9585397001700642e+002	
  2.9070000000000000e+004	 -6.4451688924497080e+002	  8.9585397001700642e+002	
  2.9100000000000000e+004	 -6.4451688924497080e+002	  8.9585397001700642e+002	
  2.9130000000000000e+004	 -6.4451688924497080e+002	  8.9585397001700642e+002	
  2.9160000000000000e+004	 -6.4451688924497080e+002	  8.9585397001700642e+002	
  2.9190000000000000e+004	 -6.4451688924497080e+002	  8.9585397001700642e+002	
  2.9220000000000000e+004	 -6.4451688924497080e+002	  8.9585397001700642e+002	
  2.9250000000000000e+004	 -6.4451688924497080e+002	  8.9585397001700642e+002	
  2.9280000000000000e+004	 -6.4451688924497080e+002	  8.9585397001700642e+002	
  2.9310000000000000e+004	 -6.4451688924497080e+002	  8.9585397001700642e+002	
  2.9340000000000000e+004	 -6.4451688924497080e+002	  8.9585397001700642e+002	
  2.9370000000000000e+004	 -6.4451688924497080e+002	  8.9585397001700642e+002	
  2.9400000000000000e+004	 -6.4451688924497080e+002	  8.9585397001700642e+002	
  2.9430000000000000e+004	 -6.4451688924497080e+002	  8.9585397001700642e+002	
  2.9460000000000000e+004	 -6.4451688924497080e+002	  8.9585397001700642e+002	
  2.9490000000000000e+004	 -6.4451688924497080e+002	  8.9585397001700642e+002	
  2.9520000000000000e+004	 -6.4451688924497080e+002	  8.9585397001700642e+002	
  2.9550000000000000e+004	 -6.4451688924497080e+002	  8.9585397001700642e+002	
  2.9580000000000000e+004	 -6.4451688924497080e+002	  8.9585397001700642e+002	
  2.9610000000000000e+004	 -6.4451688924497080e+002	  8.9585397001700642e+002	
  2.9640000000000000e+004	 -6.4451688924497080e+002	  8.9585397001700642e+002	
  2.9670000000000000e+004	 -6.4451688924497080e+002	  8.9585397001700642e+002	
  2.9700000000000000e+004	 -6.4451688924497080e+002	  8.9585397001700642e+002	
  2.9730000000000000e+004	 -6.4451688924497080e+002	  8.9585397001700642e+002	
  2.9760000000000000e+004	 -6.4451688924497080e+002	  8.9585397001700642e+002	
  2.9790000000000000e+004	 -6.4451688924497080e+002	  8.9585397001700642e+002	
  2.9820000000000000e+004	 -6.4451688924497080e+002	  8.9585397001700642e+002	
  2.9850000000000000e+004	 -6.4451688924497080e+002	  8.9585397001700642e+002	
  2.9880000000000000e+004	 -6.4451688924497080e+002	  8.9585397001700642e+002	
  2.9910000000000000e+004	 -6.4451688924497080e+002	  8.9585397001700642e+002	
  2.9940000000000000e+004	 -6.4451688924497080e+002	  8.9585397001700642e+002	
  2.9970000000000000e+004	 -6.4451688924497080e+002	  8.9585397001700642e+002	
  3.0000000000000000e+004	 -6.4451688924497080e+002	  8.9585397001700642e+002	
  3.0030000000000000e+004	 -6.4451688924497080e+002	  8.9585397001700642e+002	
  3.0060000000000000e+004	 -6.4451688924497080e+002	  8.9585397001700642e+002	
  3.0090000000000000e+004	 -6.4451688924497080e+002	  8.9585397001700642e+002	
  3.0120000000000000e+004	 -6.4451688924497080e+002	  8.9585397001700642e+002	
  3.0150000000000000e+004	 -6.4451688924497080e+002	  8.9585397001700642e+002	
  3.0180000000000000e+004	 -6.4451688924497080e+002	  8.9585397001700642e+002	
  3.0210000000000000e+004	 -6.4451688924497080e+002	  8.9585397001700642e+002	
  3.0240000000000000e+004	 -6.4451688924497080e+002	  8.9585397001700642e+002	
  3.0270000000000000e+004	 -6.4451688924497080e+002	  8.9585397001700642e+002	
  3.0300000000000000e+004	 -6.4451688924497080e+002	  8.9585397001700642e+002	
  3.0330000000000000e+004	 -6.4451688924497080e+002	  8.9585397001700642e+002	
  3.0360000000000000e+004	 -6.4451688924497080e+002	  8.9585397001700642e+002	
  3.0390000000000000e+004	 -6.4451688924497080e+002	  8.9585397001700642e+002	
  3.0420000000000000e+004	 -6.4451688924497080e+002	  8.9585397001700642e+002	
  3.0450000000000000e+004	 -6.4451688924497080e+002	  8.9585397001700642e+002	
  3.0480000000000000e+004	 -6.4451688924497080e+002	  8.9585397001700642e+002	
  3.0510000000000000e+004	 -6.4451688924497080e+002	  8.9585397001700642e+002	
  3.0540000000000000e+004	 -6.4451688924497080e+002	  8.9585397001700642e+002	
  3.0570000000000000e+004	 -6.4451688924497080e+002	  8.9585397001700642e+002	
  3.0600000000000000e+004	 -6.4451688924497080e+002	  8.9585397001700642e+002	
  3.0630000000000000e+004	 -6.4451688924497080e+002	  8.9585397001700642e+002	
  3.0660000000000000e+004	 -6.4451688924497080e+002	  8.9585397001700642e+002	
  3.0690000000000000e+004	 -6.4451688924497080e+002	  8.9585397001700642e+002	
  3.0720000000000000e+004	 -6.4451688924497080e+002	  8.9585397001700642e+002	
  3.0750000000000000e+004	 -6.4451688924497080e+002	  8.9585397001700642e+002	
  3.0780000000000000e+004	 -6.4451688924497080e+002	  8.9585397001700642e+002	
  3.0810000000000000e+004	 -6.4451688924497080e+002	  8.9585397001700642e+002	
  3.0840000000000000e+004	 -6.4451688924497080e+002	  8.9585397001700642e+002	
  3.0870000000000000e+004	 -6.4451688924497080e+002	  8.9585397001700642e+002	
  3.0900000000000000e+004	 -6.4451688924497080e+002	  8.9585397001700642e+002	
  3.0930000000000000e+004	 -6.4451688924497080e+002	  8.9585397001700642e+002	
  3.0960000000000000e+004	 -6.4451688924497080e+002	  8.9585397001700642e+002	
  3.0990000000000000e+004	 -6.4451688924497080e+002	  8.9585397001700642e+002	
  3.1020000000000000e+004	 -6.4451688924497080e+002	  8.9585397001700642e+002	
  3.1050000000000000e+004	 -6.4451688924497080e+002	  8.9585397001700642e+002	
  3.1080000000000000e+004	 -6.4451688924497080e+002	  8.9585397001700642e+002	
  3.1110000000000000e+004	 -6.4451688924497080e+002	  8.9585397001700642e+002	
  3.1140000000000000e+004	 -6.4451688924497080e+002	  8.9585397001700642e+002	
  3.1170000000000000e+004	 -6.4451688924497080e+002	  8.9585397001700642e+002	
  3.1200000000000000e+004	 -6.4451688924497080e+002	  8.9585397001700642e+002	
  3.1230000000000000e+004	 -6.4451688924497080e+002	  8.9585397001700642e+002	
  3.1260000000000000e+004	 -6.4451688924497080e+002	  8.9585397001700642e+002	
  3.1290000000000000e+004	 -6.4451688924497080e+002	  8.9585397001700642e+002	
  3.1320000000000000e+004	 -6.4451688924497080e+002	  8.9585397001700642e+002	
  3.1350000000000000e+004	 -6.4451688924497080e+002	  8.9585397001700642e+002	
  3.1380000000000000e+004	 -6.4451688924497080e+002	  8.9585397001700642e+002	
  3.1410000000000000e+004	 -6.4451688924497080e+002	  8.9585397001700642e+002	
  3.1440000000000000e+004	 -6.4451688924497080e+002	  8.9585397001700642e+002	
  3.1470000000000000e+004	 -6.4451688924497080e+002	  8.9585397001700642e+002	
  3.1500000000000000e+004	 -6.4451688924497080e+002	  8.9585397001700642e+002	
  3.1530000000000000e+004	 -6.4451688924497080e+002	  8.9585397001700642e+002	
  3.1560000000000000e+004	 -6.4451688924497080e+002	  8.9585397001700642e+002	
  3.1590000000000000e+004	 -6.4451688924497080e+002	  8.9585397001700642e+002	
  3.1620000000000000e+004	 -6.4451688924497080e+002	  8.9585397001700642e+002	
  3.1650000000000000e+004	 -6.4451688924497080e+002	  8.9585397001700642e+002	
  3.1680000000000000e+004	 -6.4451688924497080e+002	  8.9585397001700642e+002	
  3.1710000000000000e+004	 -6.4451688924497080e+002	  8.9585397001700642e+002	
  3.1740000000000000e+004	 -6.4451688924497080e+002	  8.9585397001700642e+002	
  3.1770000000000000e+004	 -6.4451688924497080e+002	  8.9585397001700642e+002	
  3.1800000000000000e+004	 -6.4451688924497080e+002	  8.9585397001700642e+002	
  3.1830000000000000e+004	 -6.4451688924497080e+002	  8.9585397001700642e+002	
  3.1860000000000000e+004	 -6.4451688924497080e+002	  8.9585397001700642e+002	
  3.1890000000000000e+004	 -6.4451688924497080e+002	  8.9585397001700642e+002	
  3.1920000000000000e+004	 -6.4451688924497080e+002	  8.9585397001700642e+002	
  3.1950000000000000e+004	 -6.4451688924497080e+002	  8.9585397001700642e+002	
  3.1980000000000000e+004	 -6.4451688924497080e+002	  8.9585397001700642e+002	
  3.2010000000000000e+004	 -6.4451688924497080e+002	  8.9585397001700642e+002	
  3.2040000000000000e+004	 -6.4451688924497080e+002	  8.9585397001700642e+002	
  3.2070000000000000e+004	 -6.4451688924497080e+002	  8.9585397001700642e+002	
  3.2100000000000000e+004	 -6.4451688924497080e+002	  8.9585397001700642e+002	
  3.2130000000000000e+004	 -6.4451688924497080e+002	  8.9585397001700642e+002	
  3.2160000000000000e+004	 -6.4451688924497080e+002	  8.9585397001700642e+002	
  3.2190000000000000e+004	 -6.4451688924497080e+002	  8.9585397001700642e+002	
  3.2220000000000000e+004	 -6.4451688924497080e+002	  8.9585397001700642e+002	
  3.2250000000000000e+004	 -6.4451688924497080e+002	  8.9585397001700642e+002	
  3.2280000000000000e+004	 -6.4451688924497080e+002	  8.9585397001700642e+002	
  3.2310000000000000e+004	 -6.4451688924497080e+002	  8.9585397001700642e+002	
  3.2340000000000000e+004	 -6.4451688924497080e+002	  8.9585397001700642e+002	
  3.2370000000000000e+004	 -6.4451688924497080e+002	  8.9585397001700642e+002	
  3.2400000000000000e+004	 -6.4451688924497080e+002	  8.9585397001700642e+002	
  3.2430000000000000e+004	 -6.4451688924497080e+002	  8.9585397001700642e+002	
  3.2460000000000000e+004	 -6.4451688924497080e+002	  8.9585397001700642e+002	
  3.2490000000000000e+004	 -6.4451688924497080e+002	  8.9585397001700642e+002	
  3.2520000000000000e+004	 -6.4451688924497080e+002	  8.9585397001700642e+002	
  3.2550000000000000e+004	 -6.4451688924497080e+002	  8.9585397001700642e+002	
  3.2580000000000000e+004	 -6.4451688924497080e+002	  8.9585397001700642e+002	
  3.2610000000000000e+004	 -6.4451688924497080e+002	  8.9585397001700642e+002	
  3.2640000000000000e+004	 -6.4451688924497080e+002	  8.9585397001700642e+002	
  3.2670000000000000e+004	 -6.5866984618772824e+002	  8.9777371336650526e+002	
  3.2700000000000000e+004	 -6.9850505438035555e+002	  9.0317706309144251e+002	
  3.2730000000000000e+004	 -7.1950791597690841e+002	  9.1238455844726400e+002	
  3.2760000000000000e+004	 -7.1838744007822936e+002	  9.2013223243406833e+002	
  3.2790000000000000e+004	 -7.2018916313638260e+002	  9.1751628174450889e+002	
  3.2820000000000000e+004	 -6.9298407393100581e+002	  9.2423983168452492e+002	
  3.2850000000000000e+004	 -6.8839461426604271e+002	  9.2239196765304439e+002	
  3.2880000000000000e+004	 -6.9266137993739562e+002	  9.1990959468770109e+002	
  3.2910000000000000e+004	 -6.9456169796424251e+002	  9.1290775257634925e+002	
  3.2940000000000000e+004	 -6.7312928810986648e+002	  9.1020274053146181e+002	
  3.2970000000000000e+004	 -6.7493996967075896e+002	  9.0849959387011950e+002	
  3.3000000000000000e+004	 -6.7524474263364903e+002	  9.0752000404219632e+002	
  3.3030000000000000e+004	 -6.7092419420696808e+002	  9.1039198484452322e+002	
  3.3060000000000000e+004	 -6.7893782894409321e+002	  9.0965729076033745e+002	
  3.3090000000000000e+004	 -6.7893782894409333e+002	  9.0965729076033745e+002	
  3.3120000000000000e+004	 -6.7893782894409333e+002	  9.0965729076033745e+002	
  3.3150000000000000e+004	 -6.7893782894409333e+002	  9.0965729076033745e+002	
  3.3180000000000000e+004	 -6.7893782894409333e+002	  9.0965729076033745e+002	
  3.3210000000000000e+004	 -6.7893782894409333e+002	  9.0965729076033745e+002	
  3.3240000000000000e+004	 -6.7893782894409333e+002	  9.0965729076033745e+002	
  3.3270000000000000e+004	 -6.7893782894409333e+002	  9.0965729076033745e+002	
  3.3300000000000000e+004	 -6.7893782894409333e+002	  9.0965729076033745e+002	
  3.3330000000000000e+004	 -6.7893782894409333e+002	  9.0965729076033745e+002	
  3.3360000000000000e+004	 -6.7893782894409333e+002	  9.0965729076033745e+002	
  3.3390000000000000e+004	 -6.7893782894409333e+002	  9.0965729076033745e+002	
  3.3420000000000000e+004	 -6.7893782894409333e+002	  9.0965729076033745e+002	
  3.3450000000000000e+004	 -6.7893782894409333e+002	  9.0965729076033745e+002	
  3.3480000000000000e+004	 -6.7893782894409333e+002	  9.0965729076033745e+002	
  3.3510000000000000e+004	 -6.7893782894409333e+002	  9.0965729076033745e+002	
  3.3540000000000000e+004	 -6.7893782894409333e+002	  9.0965729076033745e+002	
  3.3570000000000000e+004	 -6.7893782894409333e+002	  9.0965729076033745e+002	
  3.3600000000000000e+004	 -6.7893782894409333e+002	  9.0965729076033745e+002	
  3.3630000000000000e+004	 -6.7893782894409333e+002	  9.0965729076033745e+002	
  3.3660000000000000e+004	 -6.7893782894409333e+002	  9.0965729076033745e+002	
  3.3690000000000000e+004	 -6.7893782894409333e+002	  9.0965729076033745e+002	
  3.3720000000000000e+004	 -6.6777689661858665e+002	  9.0643973401085600e+002	
  3.3750000000000000e+004	 -6.2914999802898171e+002	  8.9530408381212806e+002	
  3.3780000000000000e+004	 -5.9052309943937689e+002	  8.8416843361340000e+002	
  3.3810000000000000e+004	 -6.3649430694013722e+002	  9.0392446264136652e+002	
  3.3840000000000000e+004	 -6.3793747258196345e+002	  9.1041424737048294e+002	
  3.3870000000000000e+004	 -6.4918701487427211e+002	  9.0528253317332110e+002	
  3.3900000000000000e+004	 -6.5827630038879829e+002	  9.1005802905985968e+002	
  3.3930000000000000e+004	 -6.7202674761117510e+002	  9.1295227967279209e+002	
  3.3960000000000000e+004	 -7.1724007261213740e+002	  9.5010993156338736e+002	
  3.3990000000000000e+004	 -7.4031285056032414e+002	  9.4800603041552472e+002	
  3.4020000000000000e+004	 -7.4129887651563899e+002	  9.4871846204635131e+002	
  3.4050000000000000e+004	 -7.3309700733095110e+002	  9.4319713536837423e+002	
  3.4080000000000000e+004	 -7.4567320662726888e+002	  9.5693366629793184e+002	
  3.4110000000000000e+004	 -7.2135444862353256e+002	  9.2444020437457402e+002	
  3.4140000000000000e+004	 -6.8488081155544000e+002	  9.2253668126268190e+002	
  3.4170000000000000e+004	 -6.4578974526029288e+002	  9.1202834178594458e+002	
  3.4200000000000000e+004	 -5.8705902391690654e+002	  9.0153115154281363e+002	
  3.4230000000000000e+004	 -5.8416372800242118e+002	  8.8346438289682885e+002	
  3.4260000000000000e+004	 -6.2260939437891045e+002	  8.9323802502354920e+002	
  3.4290000000000000e+004	 -6.2075389737619685e+002	  8.9088922673043578e+002	
  3.4320000000000000e+004	 -6.0428742612129349e+002	  8.8054787689250020e+002	
  3.4350000000000000e+004	 -6.0990771942926858e+002	  8.8967587871809792e+002	
  3.4380000000000000e+004	 -6.2619491606309850e+002	  8.8060352679368748e+002	
  3.4410000000000000e+004	 -5.8143873646930194e+002	  8.8373154234127583e+002	
  3.4440000000000000e+004	 -5.8589374095512983e+002	  8.8265176091466037e+002	
  3.4470000000000000e+004	 -5.9076106826714772e+002	  8.8783913580601040e+002	
  3.4500000000000000e+004	 -6.1816336032131539e+002	  8.8944210534188574e+002	
  3.4530000000000000e+004	 -6.3242474032361986e+002	  8.9721203765351345e+002	
  3.4560000000000000e+004	 -6.5708410833994424e+002	  8.9851444847039636e+002	
  3.4590000000000000e+004	 -6.6462265748754066e+002	  9.1407658088831909e+002	
  3.4620000000000000e+004	 -6.8910275182841849e+002	  9.1492259047193602e+002	
  3.4650000000000000e+004	 -6.7355059137329204e+002	  8.9714525354128148e+002	
  3.4680000000000000e+004	 -6.8590268125699458e+002	  9.2382796137987862e+002	
  3.4710000000000000e+004	 -7.0878722316707353e+002	  9.2090031831992985e+002	
  3.4740000000000000e+004	 -6.9754664188465586e+002	  9.1626952495699845e+002	
  3.4770000000000000e+004	 -6.7342509137132151e+002	  9.1911924658019075e+002	
  3.4800000000000000e+004	 -6.8721139506331656e+002	  9.1101535947679622e+002	
  3.4830000000000000e+004	 -6.8956886829157861e+002	  9.1488919636686080e+002	
  3.4860000000000000e+004	 -6.7522681205304366e+002	  9.1444392734846224e+002	
  3.4890000000000000e+004	 -6.6082200932887486e+002	  9.0612853768951902e+002	
  3.4920000000000000e+004	 -6.6874599967822064e+002	  8.9734562506575969e+002	
  3.4950000000000000e+004	 -6.5919956872003024e+002	  9.0377975450186182e+002	
  3.4980000000000000e+004	 -6.6711458240460536e+002	  8.9863690647429246e+002	
  3.5010000000000000e+004	 -6.7127378567290589e+002	  9.0439199289937346e+002	
  3.5040000000000000e+004	 -6.7673273785450419e+002	  9.0193188924049593e+002	
  3.5070000000000000e+004	 -6.8268467963515411e+002	  9.2731218896720623e+002	
  3.5100000000000000e+004	 -6.6300917557295134e+002	  9.1372036231402240e+002	
  3.5130000000000000e+004	 -6.7917984608289203e+002	  9.3248843130159662e+002	
  3.5160000000000000e+004	 -6.9492025452158998e+002	  9.0524913550562792e+002	
  3.5190000000000000e+004	 -7.0348066789971585e+002	  9.1468882531654822e+002	
  3.5220000000000000e+004	 -7.1085786570507378e+002	  9.2348287205111296e+002	
  3.5250000000000000e+004	 -7.0523757171403872e+002	  9.3578342081696576e+002	
  3.5280000000000000e+004	 -6.6411172111069504e+002	  9.2427322551168743e+002	
  3.5310000000000000e+004	 -6.9858644194969838e+002	  9.1144949719831709e+002	
  3.5340000000000000e+004	 -6.9959037978592801e+002	  9.1289662368139557e+002	
  3.5370000000000000e+004	 -6.6397727177588729e+002	  9.1545691346493970e+002	
  3.5400000000000000e+004	 -6.6781376019481672e+002	  9.2309326646864031e+002	
  3.5430000000000000e+004	 -6.4378185887346365e+002	  8.9279274574681926e+002	
  3.5460000000000000e+004	 -6.0992563847928500e+002	  9.0241055131802079e+002	
  3.5490000000000000e+004	 -7.9500091227983671e+002	  9.5656631737713724e+002	
  3.5520000000000000e+004	 -7.7727053946744149e+002	  9.4674815224434974e+002	
  3.5550000000000000e+004	 -7.5235121893551900e+002	  9.4884091090555137e+002	
  3.5580000000000000e+004	 -6.9204287117579327e+002	  9.1785022935193217e+002	
  3.5610000000000000e+004	 -6.2965492521745591e+002	  8.8579090360680880e+002	
  3.5640000000000000e+004	 -7.8558893456390376e+002	  9.3826578910518742e+002	
  3.5670000000000000e+004	 -8.0359717869782583e+002	  9.6206538391663912e+002	
  3.5700000000000000e+004	 -8.0067498420683216e+002	  9.5771288766117209e+002	
  3.5730000000000000e+004	 -8.0604429669862202e+002	  9.3526022917362263e+002	
  3.5760000000000000e+004	 -6.2434836838702836e+002	  8.6067777090266793e+002	
  3.5790000000000000e+004	 -6.2434836838702847e+002	  8.6067777090266782e+002	
  3.5820000000000000e+004	 -6.2434836838702847e+002	  8.6067777090266782e+002	
  3.5850000000000000e+004	 -6.2434836838702847e+002	  8.6067777090266782e+002	
  3.5880000000000000e+004	 -6.2434836838702847e+002	  8.6067777090266782e+002	
  3.5910000000000000e+004	 -6.2434836838702847e+002	  8.6067777090266782e+002	
  3.5940000000000000e+004	 -6.2434836838702847e+002	  8.6067777090266782e+002	
  3.5970000000000000e+004	 -6.2434836838702847e+002	  8.6067777090266782e+002	
  3.6000000000000000e+004	 -6.2434836838702847e+002	  8.6067777090266782e+002	
  3.6030000000000000e+004	 -6.2434836838702847e+002	  8.6067777090266782e+002	
  3.6060000000000000e+004	 -6.2434836838702847e+002	  8.6067777090266782e+002	
  3.6090000000000000e+004	 -6.2434836838702847e+002	  8.6067777090266782e+002	
  3.6120000000000000e+004	 -6.2434836838702847e+002	  8.6067777090266782e+002	
  3.6150000000000000e+004	 -6.2390704575792586e+002	  8.6592817551155758e+002	
  3.6180000000000000e+004	 -6.2053990963002877e+002	  9.0598691231511191e+002	
  3.6210000000000000e+004	 -6.1149430875262465e+002	  9.0665173490184895e+002	
  3.6240000000000000e+004	 -6.5697655060327611e+002	  9.0264431721268488e+002	
