  0.0000000000000000e+000	 -5.3131325480305884e+002	  8.6171301392484634e+002	
  3.0000000000000000e+001	 -5.3131325480305884e+002	  8.6171301392484634e+002	
  6.0000000000000000e+001	 -5.2065170984269093e+002	  8.7036374599104943e+002	
  9.0000000000000000e+001	 -4.8943506315227228e+002	  8.9569279985031494e+002	
  1.2000000000000000e+002	 -4.5821841646185356e+002	  9.2102185370958034e+002	
  1.5000000000000000e+002	 -4.2700176977143491e+002	  9.4635090756884586e+002	
  1.8000000000000000e+002	 -3.9578512308101620e+002	  9.7167996142811137e+002	
  2.1000000000000000e+002	 -3.6456847639059748e+002	  9.9700901528737677e+002	
  2.4000000000000000e+002	 -3.3335182970017883e+002	  1.0223380691466423e+003	
  2.7000000000000000e+002	 -3.0213518300976011e+002	  1.0476671230059078e+003	
  3.0000000000000000e+002	 -2.7091853631934146e+002	  1.0729961768651733e+003	
  3.3000000000000000e+002	 -2.4177403265947754e+002	  1.0967880174440265e+003	
  3.6000000000000000e+002	 -2.4290166312511263e+002	  1.0956236348582893e+003	
  3.9000000000000000e+002	 -2.4509959954105926e+002	  1.0919702109059849e+003	
  4.2000000000000000e+002	 -2.5266502046110060e+002	  1.0892229060534999e+003	
  4.5000000000000000e+002	 -2.4999920858699952e+002	  1.0862730035232898e+003	
  4.8000000000000000e+002	 -2.4626848529292192e+002	  1.0835412804750304e+003	
  5.1000000000000000e+002	 -2.5089736630947527e+002	  1.0818915627521378e+003	
  5.4000000000000000e+002	 -2.5439323770177953e+002	  1.0749854496292926e+003	
  5.7000000000000000e+002	 -2.5253593952629279e+002	  1.0735271949291964e+003	
  6.0000000000000000e+002	 -2.5305226464337588e+002	  1.0734403661703745e+003	
  6.3000000000000000e+002	 -2.5467829146713635e+002	  1.0732399993771194e+003	
  6.6000000000000000e+002	 -2.5564280669798981e+002	  1.0734693129067668e+003	
  6.9000000000000000e+002	 -2.5904544468315862e+002	  1.0743375853967395e+003	
  7.2000000000000000e+002	 -2.5632761707692327e+002	  1.0762678237867633e+003	
  7.5000000000000000e+002	 -2.6587049207013706e+002	  1.0749899065304976e+003	
  7.8000000000000000e+002	 -2.7410281278192321e+002	  1.0797988028417117e+003	
  8.1000000000000000e+002	 -2.5618240719576625e+002	  1.0798834016279447e+003	
  8.4000000000000000e+002	 -2.6099956660494792e+002	  1.0766952780194054e+003	
  8.7000000000000000e+002	 -2.5421577085034565e+002	  1.0739746862111297e+003	
  9.0000000000000000e+002	 -2.5328352820150411e+002	  1.0689765495874399e+003	
  9.3000000000000000e+002	 -2.4664316976089245e+002	  1.0673958489818581e+003	
  9.6000000000000000e+002	 -2.5674713172875568e+002	  1.0659487298265165e+003	
  9.9000000000000000e+002	 -2.6486652644198767e+002	  1.0650158895145651e+003	
  1.0200000000000000e+003	 -2.6516772120139910e+002	  1.0663628276283268e+003	
  1.0500000000000000e+003	 -2.5786044227057448e+002	  1.0700006705969065e+003	
  1.0800000000000000e+003	 -2.5543306057644068e+002	  1.0722203363824706e+003	
  1.1100000000000000e+003	 -2.4976074900583345e+002	  1.0754685640365174e+003	
  1.1400000000000000e+003	 -2.4947570178385891e+002	  1.0763791394970249e+003	
  1.1700000000000000e+003	 -2.4883391881799881e+002	  1.0761832231137519e+003	
  1.2000000000000000e+003	 -2.4850761541369994e+002	  1.0750967679160872e+003	
  1.2300000000000000e+003	 -2.4759151721330323e+002	  1.0757001045163988e+003	
  1.2600000000000000e+003	 -2.4314548450479006e+002	  1.0768266326798509e+003	
  1.2900000000000000e+003	 -2.4788017387097608e+002	  1.0750967705740045e+003	
  1.3200000000000000e+003	 -2.5249650945742829e+002	  1.0719643051458968e+003	
  1.3500000000000000e+003	 -2.5352735108818715e+002	  1.0712474204035857e+003	
  1.3800000000000000e+003	 -2.5305048961137177e+002	  1.0707375905383612e+003	
  1.4100000000000000e+003	 -2.4985758006253567e+002	  1.0670463157704103e+003	
  1.4400000000000000e+003	 -2.4540437166590300e+002	  1.0689565142669983e+003	
  1.4700000000000000e+003	 -2.5075394114904890e+002	  1.0659264683221336e+003	
  1.5000000000000000e+003	 -2.5910641627765597e+002	  1.0602158956063038e+003	
  1.5300000000000000e+003	 -2.6237638428765223e+002	  1.0557120076781516e+003	
  1.5600000000000000e+003	 -2.5780126872126777e+002	  1.0575954901401244e+003	
  1.5900000000000000e+003	 -2.5248754932306338e+002	  1.0629609771514624e+003	
  1.6200000000000000e+003	 -2.5238178227024332e+002	  1.0659888045772209e+003	
  1.6500000000000000e+003	 -2.5329609594870990e+002	  1.0680036373984694e+003	
  1.6800000000000000e+003	 -2.4273494960776074e+002	  1.0711850838031114e+003	
  1.7100000000000000e+003	 -2.4549220548085515e+002	  1.0711694999738133e+003	
  1.7400000000000000e+003	 -2.3907772722871067e+002	  1.0723227434863754e+003	
  1.7700000000000000e+003	 -2.4059616721961862e+002	  1.0717817457092262e+003	
  1.8000000000000000e+003	 -2.4617525676495697e+002	  1.0700719135982677e+003	
  1.8300000000000000e+003	 -2.6275465265793025e+002	  1.0644281411417476e+003	
  1.8600000000000000e+003	 -2.6695329913161191e+002	  1.0653253551270741e+003	
  1.8900000000000000e+003	 -2.5491493897630616e+002	  1.0695954754030704e+003	
  1.9200000000000000e+003	 -2.5464243555131952e+002	  1.0641387128750209e+003	
  1.9500000000000000e+003	 -2.5025735246144615e+002	  1.0634507742010514e+003	
  1.9800000000000000e+003	 -2.4070735206642098e+002	  1.0661869452036481e+003	
  2.0100000000000000e+003	 -2.3932692606751857e+002	  1.0700095776937296e+003	
  2.0400000000000000e+003	 -2.4320644872973520e+002	  1.0701097581724171e+003	
  2.0700000000000000e+003	 -2.5280486469058238e+002	  1.0706707954481515e+003	
  2.1000000000000000e+003	 -2.5380163803379318e+002	  1.0713008542653063e+003	
  2.1300000000000000e+003	 -2.5607664791597085e+002	  1.0688474285454147e+003	
  2.1600000000000000e+003	 -2.5414045980290069e+002	  1.0663049384837125e+003	
  2.1900000000000000e+003	 -2.5497588996083124e+002	  1.0706574395537048e+003	
  2.2200000000000000e+003	 -2.4596370103722688e+002	  1.0734915733876865e+003	
  2.2500000000000000e+003	 -2.4522507932357357e+002	  1.0700785932795548e+003	
  2.2800000000000000e+003	 -2.4834628932334104e+002	  1.0637802712807741e+003	
  2.3100000000000000e+003	 -2.5553883770681173e+002	  1.0638069838302124e+003	
  2.3400000000000000e+003	 -2.5190849520152597e+002	  1.0683464992217073e+003	
  2.3700000000000000e+003	 -2.5270805718691250e+002	  1.0691657929504358e+003	
  2.4000000000000000e+003	 -2.6116986233865413e+002	  1.0633260979887632e+003	
  2.4300000000000000e+003	 -2.6222759320383341e+002	  1.0632526289781006e+003	
  2.4600000000000000e+003	 -2.5642444124973724e+002	  1.0640251715398981e+003	
  2.4900000000000000e+003	 -2.5240148558149926e+002	  1.0680726594304492e+003	
  2.5200000000000000e+003	 -2.4839290227791790e+002	  1.0723472373670008e+003	
  2.5500000000000000e+003	 -2.5302896209939885e+002	  1.0636867675301598e+003	
  2.5800000000000000e+003	 -2.6131149678159761e+002	  1.0622173781833169e+003	
  2.6100000000000000e+003	 -2.6273853994056401e+002	  1.0651294350633950e+003	
  2.6400000000000000e+003	 -2.5923190214798882e+002	  1.0653208956886642e+003	
  2.6700000000000000e+003	 -2.5626488607995856e+002	  1.0665520646152797e+003	
  2.7000000000000000e+003	 -2.5141189842325943e+002	  1.0688184806136896e+003	
  2.7300000000000000e+003	 -2.5003505930248383e+002	  1.0678611540165086e+003	
  2.7600000000000000e+003	 -2.4228137950147533e+002	  1.0707821118221855e+003	
  2.7900000000000000e+003	 -2.3794111609662642e+002	  1.0732266374063661e+003	
  2.8200000000000000e+003	 -2.4888411135961616e+002	  1.0686092092876563e+003	
  2.8500000000000000e+003	 -2.5152483326075858e+002	  1.0616964133480419e+003	
  2.8800000000000000e+003	 -2.5463167238564665e+002	  1.0572081101940769e+003	
  2.9100000000000000e+003	 -2.6276902115164290e+002	  1.0531094100214300e+003	
  2.9400000000000000e+003	 -2.6143161722536036e+002	  1.0531517137089709e+003	
  2.9700000000000000e+003	 -2.6461735677810339e+002	  1.0596103309606292e+003	
  3.0000000000000000e+003	 -2.6150511143243267e+002	  1.0657105082461462e+003	
  3.0300000000000000e+003	 -2.6238894261637506e+002	  1.0671687624001875e+003	
  3.0600000000000000e+003	 -2.5581312132888038e+002	  1.0608904770883155e+003	
  3.0900000000000000e+003	 -2.4850045858534935e+002	  1.0600689585389332e+003	
  3.1200000000000000e+003	 -2.4052625832546937e+002	  1.0655479877521122e+003	
  3.1500000000000000e+003	 -2.4955281769667172e+002	  1.0673869427320428e+003	
  3.1800000000000000e+003	 -2.5511034979170108e+002	  1.0672689488435531e+003	
  3.2100000000000000e+003	 -2.5020717025722729e+002	  1.0492956901783593e+003	
  3.2400000000000000e+003	 -2.4918707601893888e+002	  1.0511123873662432e+003	
  3.2700000000000000e+003	 -2.5297159165929847e+002	  1.0595635794453462e+003	
  3.3000000000000000e+003	 -2.5330685738699981e+002	  1.0622774867832727e+003	
  3.3300000000000000e+003	 -2.5150510769563940e+002	  1.0631034615547489e+003	
  3.3600000000000000e+003	 -2.4774751269453122e+002	  1.0673246065193518e+003	
  3.3900000000000000e+003	 -2.4862235691462874e+002	  1.0669305432769147e+003	
  3.4200000000000000e+003	 -2.4678838018880023e+002	  1.0662136592512384e+003	
  3.4500000000000000e+003	 -2.4296441819092530e+002	  1.0702099444360308e+003	
  3.4800000000000000e+003	 -2.4363492543366948e+002	  1.0641721049247451e+003	
  3.5100000000000000e+003	 -2.4485039672190956e+002	  1.0593053246071904e+003	
  3.5400000000000000e+003	 -2.4515518135529442e+002	  1.0520474480948810e+003	
  3.5700000000000000e+003	 -2.4458865120614178e+002	  1.0473476397688978e+003	
  3.6000000000000000e+003	 -2.4805764476107097e+002	  1.0538797258863131e+003	
  3.6300000000000000e+003	 -2.5113400215100160e+002	  1.0608370463268993e+003	
  3.6600000000000000e+003	 -2.5446495896569482e+002	  1.0570723012468286e+003	
  3.6900000000000000e+003	 -2.3132405656303519e+002	  1.0579071806410711e+003	
  3.7200000000000000e+003	 -2.4110354395653289e+002	  1.0521721281347654e+003	
  3.7500000000000000e+003	 -2.5390203822511450e+002	  1.0598262877721047e+003	
  3.7800000000000000e+003	 -2.5539000793261266e+002	  1.0627739602598106e+003	
  3.8100000000000000e+003	 -2.4459222730869047e+002	  1.0684043812923894e+003	
  3.8400000000000000e+003	 -2.4755926785251191e+002	  1.0702411131589822e+003	
  3.8700000000000000e+003	 -2.5765067776742933e+002	  1.0700941785212815e+003	
  3.9000000000000000e+003	 -2.5965499138869899e+002	  1.0679925103229700e+003	
  3.9300000000000000e+003	 -2.5589915300879269e+002	  1.0688207064617527e+003	
  3.9600000000000000e+003	 -2.6501713386480463e+002	  1.0723071622371667e+003	
  3.9900000000000000e+003	 -2.6225269730081754e+002	  1.0702322113861665e+003	
  4.0200000000000000e+003	 -2.5229929587521036e+002	  1.0706552182763091e+003	
  4.0500000000000000e+003	 -2.4722222325870274e+002	  1.0714767370399557e+003	
  4.0800000000000000e+003	 -2.3546353709736223e+002	  1.0740147688203692e+003	
  4.1100000000000000e+003	 -2.3913151893808958e+002	  1.0737476028335511e+003	
  4.1400000000000000e+003	 -2.3789628028825550e+002	  1.0750077123701255e+003	
  4.1700000000000000e+003	 -2.3839827953409909e+002	  1.0762010318366843e+003	
  4.2000000000000000e+003	 -2.4384824424830430e+002	  1.0753216261659625e+003	
  4.2300000000000000e+003	 -2.4355781821212923e+002	  1.0743309056373121e+003	
  4.2600000000000000e+003	 -2.4019640178005261e+002	  1.0742529857162422e+003	
  4.2900000000000000e+003	 -2.3761301793610846e+002	  1.0741194031702610e+003	
  4.3200000000000000e+003	 -2.4651945828814684e+002	  1.0785631817022806e+003	
  4.3500000000000000e+003	 -2.5968009157226908e+002	  1.0716481636412850e+003	
  4.3800000000000000e+003	 -2.6251981067097222e+002	  1.0737565070455212e+003	
  4.4100000000000000e+003	 -2.4346102801533146e+002	  1.0720377718432380e+003	
  4.4400000000000000e+003	 -2.3855783287803388e+002	  1.0727234853395164e+003	
  4.4700000000000000e+003	 -2.3843411971063105e+002	  1.0731464929471153e+003	
  4.5000000000000000e+003	 -2.3872456063696927e+002	  1.0733023352579917e+003	
  4.5300000000000000e+003	 -2.4313831942026499e+002	  1.0725119802245440e+003	
  4.5600000000000000e+003	 -2.4685650129174201e+002	  1.0731220017389428e+003	
  4.5900000000000000e+003	 -2.4836242761152121e+002	  1.0741839624692068e+003	
  4.6200000000000000e+003	 -2.4547786799981674e+002	  1.0752437093619451e+003	
  4.6500000000000000e+003	 -2.4480020435329999e+002	  1.0765795104332060e+003	
  4.6800000000000000e+003	 -2.4483069626005872e+002	  1.0775167977101407e+003	
  4.7100000000000000e+003	 -2.4582566120841437e+002	  1.0782514930695256e+003	
  4.7400000000000000e+003	 -2.4409924185706055e+002	  1.0783027026955695e+003	
  4.7700000000000000e+003	 -2.4311860666992538e+002	  1.0779331248121587e+003	
  4.8000000000000000e+003	 -2.5013902434664232e+002	  1.0791999162537018e+003	
  4.8300000000000000e+003	 -2.5717738808046659e+002	  1.0764704194777771e+003	
  4.8600000000000000e+003	 -2.5374068175455869e+002	  1.0766596579252673e+003	
  4.8900000000000000e+003	 -2.5044022370545457e+002	  1.0757201423911652e+003	
  4.9200000000000000e+003	 -2.5005297399166079e+002	  1.0737364704656143e+003	
  4.9500000000000000e+003	 -2.4767042604807870e+002	  1.0721468638712759e+003	
  4.9800000000000000e+003	 -2.4668258272384509e+002	  1.0732266388156208e+003	
  5.0100000000000000e+003	 -2.4658399002154198e+002	  1.0729884184406005e+003	
  5.0400000000000000e+003	 -2.5079159961054967e+002	  1.0719464953713364e+003	
  5.0700000000000000e+003	 -2.5200709551291411e+002	  1.0712117969884562e+003	
  5.1000000000000000e+003	 -2.5322438318779791e+002	  1.0719910182126343e+003	
  5.1300000000000000e+003	 -2.5175432246075570e+002	  1.0733401859919495e+003	
  5.1600000000000000e+003	 -2.4714872801189898e+002	  1.0731553984311868e+003	
  5.1900000000000000e+003	 -2.4374067480568198e+002	  1.0718596657793246e+003	
  5.2200000000000000e+003	 -2.4090455556524111e+002	  1.0717416653998418e+003	
  5.2500000000000000e+003	 -2.4368690655087525e+002	  1.0724563252701059e+003	
  5.2800000000000000e+003	 -2.4430001070168186e+002	  1.0765995491270110e+003	
  5.3100000000000000e+003	 -2.4979662164045561e+002	  1.0761053020073271e+003	
  5.3400000000000000e+003	 -2.5541153053649708e+002	  1.0730440793416076e+003	
  5.3700000000000000e+003	 -2.5889128613032710e+002	  1.0759472333985900e+003	
  5.4000000000000000e+003	 -2.6155889614234451e+002	  1.0752882323403869e+003	
  5.4300000000000000e+003	 -2.5655889991870401e+002	  1.0733735800680320e+003	
  5.4600000000000000e+003	 -2.3554958748137670e+002	  1.0683220069318479e+003	
  5.4900000000000000e+003	 -2.3501713018334894e+002	  1.0672667222768978e+003	
  5.5200000000000000e+003	 -2.4776899874541476e+002	  1.0684489118244505e+003	
  5.5500000000000000e+003	 -2.4965856978069655e+002	  1.0684288709148400e+003	
  5.5800000000000000e+003	 -2.4943267523654004e+002	  1.0687984428619088e+003	
  5.6100000000000000e+003	 -2.3632584322289296e+002	  1.0620281393106206e+003	
  5.6400000000000000e+003	 -2.4049757585046549e+002	  1.0672800801656108e+003	
  5.6700000000000000e+003	 -2.4106410315248377e+002	  1.0730641164010417e+003	
  5.7000000000000000e+003	 -2.3941833639360001e+002	  1.0738500148682606e+003	
  5.7300000000000000e+003	 -2.3539897229940487e+002	  1.0708288709878434e+003	
  5.7600000000000000e+003	 -2.2932691661498552e+002	  1.0705928792036204e+003	
  5.7900000000000000e+003	 -2.2322797753966239e+002	  1.0704192177763905e+003	
  5.8200000000000000e+003	 -2.3153559144147258e+002	  1.0750655967964010e+003	
  5.8500000000000000e+003	 -2.4067864150069198e+002	  1.0764370226709248e+003	
  5.8800000000000000e+003	 -2.6731185485880007e+002	  1.0794804348041055e+003	
  5.9100000000000000e+003	 -2.6609099556160902e+002	  1.0765772837078325e+003	
  5.9400000000000000e+003	 -2.7137424730380354e+002	  1.0769780263357638e+003	
  5.9700000000000000e+003	 -2.6407234574065660e+002	  1.0770759889342901e+003	
  6.0000000000000000e+003	 -2.4870664262302108e+002	  1.0720199635477788e+003	
  6.0300000000000000e+003	 -2.5732083222007134e+002	  1.0700385196961404e+003	
  6.0600000000000000e+003	 -2.5168977787379555e+002	  1.0700919495503745e+003	
  6.0900000000000000e+003	 -2.5117166572255161e+002	  1.0713030785055482e+003	
  6.1200000000000000e+003	 -2.5613580152591004e+002	  1.0768065966355089e+003	
  6.1500000000000000e+003	 -2.5367793042914664e+002	  1.0766975077170032e+003	
  6.1800000000000000e+003	 -2.5030933723196898e+002	  1.0819494466073950e+003	
  6.2100000000000000e+003	 -2.5210567863940523e+002	  1.0814574283794680e+003	
  6.2400000000000000e+003	 -2.5453486592442965e+002	  1.0847769053605459e+003	
  6.2700000000000000e+003	 -2.6916017927271474e+002	  1.0852021325952578e+003	
  6.3000000000000000e+003	 -2.7416916296111236e+002	  1.0839531590171057e+003	
  6.3300000000000000e+003	 -2.6552088887349663e+002	  1.0818158666572349e+003	
  6.3600000000000000e+003	 -2.7869586173085918e+002	  1.0856140047674205e+003	
  6.3900000000000000e+003	 -2.6871021364245303e+002	  1.0826307077386887e+003	
  6.4200000000000000e+003	 -2.8080233984515002e+002	  1.0838039894017304e+003	
  6.4500000000000000e+003	 -2.7744273538967661e+002	  1.0846388694134107e+003	
  6.4800000000000000e+003	 -2.5162523383972945e+002	  1.0822500066146997e+003	
  6.5100000000000000e+003	 -2.3975718630813927e+002	  1.0819227307152830e+003	
  6.5400000000000000e+003	 -2.4976614948399029e+002	  1.0831939724087945e+003	
  6.5700000000000000e+003	 -2.5080236942551201e+002	  1.0829602068872241e+003	
  6.6000000000000000e+003	 -2.5118420981553808e+002	  1.0839820955222526e+003	
  6.6300000000000000e+003	 -2.5454562958655706e+002	  1.0836904443823857e+003	
  6.6600000000000000e+003	 -2.6075216395016787e+002	  1.0835590923168957e+003	
  6.6900000000000000e+003	 -2.6237460289303067e+002	  1.0878581596175377e+003	
  6.7200000000000000e+003	 -2.5935022525717466e+002	  1.0871078780338189e+003	
  6.7500000000000000e+003	 -2.6088661222123818e+002	  1.0862329292121055e+003	
  6.7800000000000000e+003	 -2.6319925893429394e+002	  1.0852310744625599e+003	
  6.8100000000000000e+003	 -2.6343055161647754e+002	  1.0842336717535577e+003	
  6.8400000000000000e+003	 -2.6341797313857762e+002	  1.0863665116542136e+003	
  6.8700000000000000e+003	 -2.7116627556896395e+002	  1.0852110363740828e+003	
  6.9000000000000000e+003	 -2.8923011161221456e+002	  1.0879115919941833e+003	
  6.9300000000000000e+003	 -2.8014799071320391e+002	  1.0836192017459143e+003	
  6.9600000000000000e+003	 -2.9224371985337444e+002	  1.0896748574990374e+003	
  6.9900000000000000e+003	 -2.9916915601062027e+002	  1.0924466509788383e+003	
  7.0200000000000000e+003	 -2.9083462165982780e+002	  1.0924177034080938e+003	
  7.0500000000000000e+003	 -2.7933051384097791e+002	  1.0879494393896555e+003	
  7.0800000000000000e+003	 -2.6575932556027720e+002	  1.0835746770230835e+003	
  7.1100000000000000e+003	 -2.5974103836848775e+002	  1.0844140095402133e+003	
  7.1400000000000000e+003	 -2.4996513330557178e+002	  1.0824125203897597e+003	
  7.1700000000000000e+003	 -2.6008702939424091e+002	  1.0868362663001672e+003	
  7.2000000000000000e+003	 -2.6153201519711268e+002	  1.0860837641437472e+003	
  7.2300000000000000e+003	 -2.6178478370305493e+002	  1.0888043509902682e+003	
  7.2600000000000000e+003	 -2.7077904294117315e+002	  1.0889802369106787e+003	
  7.2900000000000000e+003	 -2.7448645672821425e+002	  1.0884102929133082e+003	
  7.3200000000000000e+003	 -2.6881598175941559e+002	  1.0842514853931211e+003	
  7.3500000000000000e+003	 -2.6359546340403415e+002	  1.0789572435232431e+003	
  7.3800000000000000e+003	 -2.6122006714209141e+002	  1.0787168014422627e+003	
  7.4100000000000000e+003	 -2.6126310076750457e+002	  1.0812770940328151e+003	
  7.4400000000000000e+003	 -2.5926238488188079e+002	  1.0841490736558103e+003	
  7.4700000000000000e+003	 -2.6396299441295400e+002	  1.0862351543673733e+003	
  7.5000000000000000e+003	 -2.6866179033847982e+002	  1.0816466659788252e+003	
  7.5300000000000000e+003	 -2.6570375516682566e+002	  1.0826885971059073e+003	
  7.5600000000000000e+003	 -2.7006373227188510e+002	  1.0898774507759431e+003	
  7.5900000000000000e+003	 -2.6856319040202698e+002	  1.0900088063559626e+003	
  7.6200000000000000e+003	 -2.7048863051962405e+002	  1.0865624305802448e+003	
  7.6500000000000000e+003	 -2.7115195131879943e+002	  1.0851576090805706e+003	
  7.6800000000000000e+003	 -2.5262381178136692e+002	  1.0808273696483877e+003	
  7.7100000000000000e+003	 -2.5816160924399702e+002	  1.0927049030767239e+003	
  7.7400000000000000e+003	 -2.5465498311283463e+002	  1.0890136325904027e+003	
  7.7700000000000000e+003	 -2.4813653446653399e+002	  1.0840399818028950e+003	
  7.8000000000000000e+003	 -2.6172024624681438e+002	  1.0922997112135904e+003	
  7.8300000000000000e+003	 -2.5424084682260050e+002	  1.0881275500182521e+003	
  7.8600000000000000e+003	 -2.5088841896765229e+002	  1.0874952671644933e+003	
  7.8900000000000000e+003	 -2.5410639439705847e+002	  1.0872281070122176e+003	
  7.9200000000000000e+003	 -2.6140830443149116e+002	  1.0902292147108137e+003	
  7.9500000000000000e+003	 -2.6693717680627390e+002	  1.0931813451885889e+003	
  7.9800000000000000e+003	 -2.7942014468249420e+002	  1.0956614878013531e+003	
  8.0100000000000000e+003	 -2.8318671820551691e+002	  1.0882166013159417e+003	
  8.0400000000000000e+003	 -2.8412611426014075e+002	  1.0905965587559060e+003	
  8.0700000000000000e+003	 -2.8578442712677094e+002	  1.0943679800799575e+003	
  8.1000000000000000e+003	 -2.7791601718344731e+002	  1.0842492603305050e+003	
  8.1300000000000000e+003	 -2.7438249714419908e+002	  1.0839910036768840e+003	
  8.1600000000000000e+003	 -2.7392891352727116e+002	  1.0781780276693121e+003	
  8.1900000000000000e+003	 -2.5578800614525721e+002	  1.0706997427276124e+003	
  8.2200000000000000e+003	 -2.5461913044791396e+002	  1.0823568658141412e+003	
  8.2500000000000000e+003	 -2.5785506273080057e+002	  1.0761119764955943e+003	
  8.2800000000000000e+003	 -2.5643699039563609e+002	  1.0704392637808619e+003	
  8.3100000000000000e+003	 -2.5408489668568623e+002	  1.0667034588107745e+003	
  8.3400000000000000e+003	 -2.5755567948125054e+002	  1.0793312695940074e+003	
  8.3700000000000000e+003	 -2.5880163835656572e+002	  1.0797965764471796e+003	
  8.4000000000000000e+003	 -2.6165569788677556e+002	  1.0671910241079015e+003	
  8.4300000000000000e+003	 -2.6750369047132409e+002	  1.0619279503967400e+003	
  8.4600000000000000e+003	 -2.8291420920514850e+002	  1.0841780150320872e+003	
  8.4900000000000000e+003	 -2.8488982604681826e+002	  1.0838485173587990e+003	
  8.5200000000000000e+003	 -2.8561230799218845e+002	  1.0894878411326156e+003	
  8.5500000000000000e+003	 -2.7938428299299466e+002	  1.0821453672935932e+003	
  8.5800000000000000e+003	 -2.7561051573337039e+002	  1.0749453715170753e+003	
  8.6100000000000000e+003	 -2.7116987040560650e+002	  1.0748963926287640e+003	
  8.6400000000000000e+003	 -2.7539181948634666e+002	  1.0796273752943384e+003	
  8.6700000000000000e+003	 -2.7592962713902460e+002	  1.0741527961570337e+003	
  8.7000000000000000e+003	 -2.7266502644899595e+002	  1.0689119907571758e+003	
  8.7300000000000000e+003	 -2.7243735664103849e+002	  1.0694908351246042e+003	
  8.7600000000000000e+003	 -2.6637423999055557e+002	  1.0789149459214291e+003	
  8.7900000000000000e+003	 -2.6795008293938270e+002	  1.0750366589353393e+003	
  8.8200000000000000e+003	 -2.6422472270798653e+002	  1.0691168124807396e+003	
  8.8500000000000000e+003	 -2.6066073054295828e+002	  1.0723294212855899e+003	
  8.8800000000000000e+003	 -2.6331758242191444e+002	  1.0746937981326723e+003	
  8.9100000000000000e+003	 -2.7341618086921881e+002	  1.0817780187959074e+003	
  8.9400000000000000e+003	 -2.7349687267942443e+002	  1.0826640996653962e+003	
  8.9700000000000000e+003	 -2.5476793826100698e+002	  1.0644392670723712e+003	
  9.0000000000000000e+003	 -2.5474462037259454e+002	  1.0721134680805117e+003	
  9.0300000000000000e+003	 -2.5867794491465554e+002	  1.0730886034555488e+003	
  9.0600000000000000e+003	 -2.5650869450270773e+002	  1.0656927007133809e+003	
  9.0900000000000000e+003	 -2.5695688901762395e+002	  1.0795249631712388e+003	
  9.1200000000000000e+003	 -2.5296800809511197e+002	  1.0849260717790073e+003	
  9.1500000000000000e+003	 -2.5645672116712001e+002	  1.0778663351520822e+003	
  9.1800000000000000e+003	 -2.6657503497653676e+002	  1.0776147602012804e+003	
  9.2100000000000000e+003	 -2.6465498375904031e+002	  1.0953720613493203e+003	
  9.2400000000000000e+003	 -2.7112504176770307e+002	  1.0880384927392456e+003	
  9.2700000000000000e+003	 -2.7817058235674813e+002	  1.0866336703163659e+003	
  9.3000000000000000e+003	 -2.7291780590838539e+002	  1.0772162472981954e+003	
  9.3300000000000000e+003	 -2.6232081678036133e+002	  1.0639717370356732e+003	
  9.3600000000000000e+003	 -2.6463346476083200e+002	  1.0680615235218374e+003	
  9.3900000000000000e+003	 -2.6623621023278736e+002	  1.0780934212108687e+003	
  9.4200000000000000e+003	 -2.6819031360334066e+002	  1.0745691221167665e+003	
  9.4500000000000000e+003	 -2.6244091696648042e+002	  1.0783872997721469e+003	
  9.4800000000000000e+003	 -2.5266146547047009e+002	  1.0710403763816955e+003	
  9.5100000000000000e+003	 -2.4997590481519237e+002	  1.0622106980532219e+003	
  9.5400000000000000e+003	 -2.6263455157160655e+002	  1.0764036266058092e+003	
  9.5700000000000000e+003	 -2.6136885560294365e+002	  1.0689609651587148e+003	
  9.6000000000000000e+003	 -2.5479840277621034e+002	  1.0784162424304436e+003	
  9.6300000000000000e+003	 -2.5947930992935312e+002	  1.0807761681815443e+003	
  9.6600000000000000e+003	 -2.6306839781429073e+002	  1.0802975019975672e+003	
  9.6900000000000000e+003	 -2.6008165454478944e+002	  1.0755754272832405e+003	
  9.7200000000000000e+003	 -2.6777438147338148e+002	  1.0797386910152964e+003	
  9.7500000000000000e+003	 -2.6915481053847907e+002	  1.0770559470262124e+003	
  9.7800000000000000e+003	 -2.6884824528802727e+002	  1.0738411104057304e+003	
  9.8100000000000000e+003	 -2.6582566105762271e+002	  1.0775123462460265e+003	
  9.8400000000000000e+003	 -2.6956893778041507e+002	  1.0624066160104871e+003	
  9.8700000000000000e+003	 -2.6361519210498278e+002	  1.0824347899367763e+003	
  9.9000000000000000e+003	 -2.6466394894284497e+002	  1.0770425883131961e+003	
  9.9300000000000000e+003	 -2.6622902217603115e+002	  1.0781401767233533e+003	
  9.9600000000000000e+003	 -2.6825663885029775e+002	  1.0646774849676426e+003	
  9.9900000000000000e+003	 -2.6149257321450148e+002	  1.0711628193606487e+003	
  1.0020000000000000e+004	 -2.6257538142425835e+002	  1.0714522463223650e+003	
  1.0050000000000000e+004	 -2.5810246844822211e+002	  1.0761186606946865e+003	
  1.0080000000000000e+004	 -2.6542946983612984e+002	  1.0649958532297601e+003	
  1.0110000000000000e+004	 -2.6291601744706793e+002	  1.0715012260725111e+003	
  1.0140000000000000e+004	 -2.5880522836963627e+002	  1.0734626306562818e+003	
  1.0170000000000000e+004	 -2.5180451021867242e+002	  1.0779509363709826e+003	
  1.0200000000000000e+004	 -2.5470519515744695e+002	  1.0732199574796807e+003	
  1.0230000000000000e+004	 -2.5386437123851732e+002	  1.0739791382079670e+003	
  1.0260000000000000e+004	 -2.5823332269269457e+002	  1.0765483408583591e+003	
  1.0290000000000000e+004	 -2.5861877940395954e+002	  1.0748073409227065e+003	
  1.0320000000000000e+004	 -2.6144954719060667e+002	  1.0752860096029572e+003	
  1.0350000000000000e+004	 -2.5814189709386994e+002	  1.0787056687080253e+003	
  1.0380000000000000e+004	 -2.5516234704322000e+002	  1.0775012153673251e+003	
  1.0410000000000000e+004	 -2.6421217874371325e+002	  1.0736273829433171e+003	
  1.0440000000000000e+004	 -2.6961914209303040e+002	  1.0681283193877791e+003	
  1.0470000000000000e+004	 -2.5834627030332717e+002	  1.0721980688932977e+003	
  1.0500000000000000e+004	 -2.4729572724746785e+002	  1.0746203299915787e+003	
  1.0530000000000000e+004	 -2.4791063566947105e+002	  1.0734270097904432e+003	
  1.0560000000000000e+004	 -2.4846459977963005e+002	  1.0723962161101606e+003	
  1.0590000000000000e+004	 -2.4946855136360514e+002	  1.0730841509596553e+003	
  1.0620000000000000e+004	 -2.5151408564217067e+002	  1.0725654180528850e+003	
  1.0650000000000000e+004	 -2.5754670759279043e+002	  1.0713498331955786e+003	
  1.0680000000000000e+004	 -2.5263995143244611e+002	  1.0759806199426278e+003	
  1.0710000000000000e+004	 -2.5687799819401687e+002	  1.0734938018736216e+003	
  1.0740000000000000e+004	 -2.6136529580175630e+002	  1.0694641238950530e+003	
  1.0770000000000000e+004	 -2.5645851149667681e+002	  1.0677698755536112e+003	
  1.0800000000000000e+004	 -2.5734234441473092e+002	  1.0717060494465809e+003	
  1.0830000000000000e+004	 -2.5966393951909242e+002	  1.0671309147066445e+003	
  1.0860000000000000e+004	 -2.6076650223835696e+002	  1.0671286890299714e+003	
  1.0890000000000000e+004	 -2.6971953924585580e+002	  1.0703746959788859e+003	
  1.0920000000000000e+004	 -2.6397554554998067e+002	  1.0733691194479850e+003	
  1.0950000000000000e+004	 -2.7321003619576106e+002	  1.0673112515940570e+003	
  1.0980000000000000e+004	 -2.7198197619111374e+002	  1.0627561463961672e+003	
  1.1010000000000000e+004	 -2.6888232253788084e+002	  1.0634841649151217e+003	
  1.1040000000000000e+004	 -2.6373171404411630e+002	  1.0664162597321110e+003	
  1.1070000000000000e+004	 -2.5964781177201246e+002	  1.0706396291078156e+003	
  1.1100000000000000e+004	 -2.5315086354182887e+002	  1.0738455628136076e+003	
  1.1130000000000000e+004	 -2.4923009843577802e+002	  1.0753038200304236e+003	
  1.1160000000000000e+004	 -2.5118062250331604e+002	  1.0755798833130211e+003	
  1.1190000000000000e+004	 -2.6103542562545044e+002	  1.0726322054252521e+003	
  1.1220000000000000e+004	 -2.6853630246054956e+002	  1.0700785930964871e+003	
  1.1250000000000000e+004	 -2.6048145470870401e+002	  1.0759227404673529e+003	
  1.1280000000000000e+004	 -2.4319212060894210e+002	  1.0803308961022540e+003	
  1.1310000000000000e+004	 -2.4535954367889872e+002	  1.0820206904842769e+003	
  1.1340000000000000e+004	 -2.5918709166052406e+002	  1.0738967675268589e+003	
  1.1370000000000000e+004	 -2.5363849075153365e+002	  1.0816043650613969e+003	
  1.1400000000000000e+004	 -2.5653738972146755e+002	  1.0771783953148158e+003	
  1.1430000000000000e+004	 -2.6887155364223162e+002	  1.0692993736051490e+003	
  1.1460000000000000e+004	 -2.6986833008717866e+002	  1.0695331409322418e+003	
  1.1490000000000000e+004	 -2.6166109041083894e+002	  1.0712362848637968e+003	
  1.1520000000000000e+004	 -2.6122903920821216e+002	  1.0792711575774563e+003	
  1.1550000000000000e+004	 -2.5651946131801287e+002	  1.0831449890332192e+003	
  1.1580000000000000e+004	 -2.5982888897531711e+002	  1.0785320149348322e+003	
  1.1610000000000000e+004	 -2.6391457676130273e+002	  1.0758937949812262e+003	
  1.1640000000000000e+004	 -2.5877295139202982e+002	  1.0817824706549141e+003	
  1.1670000000000000e+004	 -2.7423727828537204e+002	  1.0736206982433880e+003	
  1.1700000000000000e+004	 -2.7070374099663718e+002	  1.0746670831233482e+003	
  1.1730000000000000e+004	 -2.8556392232499820e+002	  1.0714722820380139e+003	
  1.1760000000000000e+004	 -2.8526094984013918e+002	  1.0679034548126431e+003	
  1.1790000000000000e+004	 -2.8378907379040277e+002	  1.0641476176154611e+003	
  1.1820000000000000e+004	 -2.6791062323358699e+002	  1.0694262718146840e+003	
  1.1850000000000000e+004	 -2.7427492924970301e+002	  1.0661379706918190e+003	
  1.1880000000000000e+004	 -2.6048681419667139e+002	  1.0715591078544658e+003	
  1.1910000000000000e+004	 -2.6790704656626684e+002	  1.0707843419111437e+003	
  1.1940000000000000e+004	 -2.7218278756518566e+002	  1.0735294228234700e+003	
  1.1970000000000000e+004	 -2.8034160614857188e+002	  1.0704437110170907e+003	
  1.2000000000000000e+004	 -2.6981455183296077e+002	  1.0760407379968001e+003	
  1.2030000000000000e+004	 -2.7083821570538123e+002	  1.0708912037893256e+003	
  1.2060000000000000e+004	 -2.7910281762765391e+002	  1.0661513246664822e+003	
  1.2090000000000000e+004	 -2.9203575633678690e+002	  1.0648355566863831e+003	
  1.2120000000000000e+004	 -2.7970877390603090e+002	  1.0656036453244035e+003	
  1.2150000000000000e+004	 -2.7211644300337514e+002	  1.0667724683109761e+003	
  1.2180000000000000e+004	 -2.7124159336901039e+002	  1.0691902823763180e+003	
  1.2210000000000000e+004	 -2.6946853495943958e+002	  1.0672978911626426e+003	
  1.2240000000000000e+004	 -2.6853990775231102e+002	  1.0685201527214483e+003	
  1.2270000000000000e+004	 -2.6681346991136638e+002	  1.0683175528700594e+003	
  1.2300000000000000e+004	 -2.6853272113222027e+002	  1.0685357359768684e+003	
  1.2330000000000000e+004	 -2.7050116140234184e+002	  1.0675561432257723e+003	
  1.2360000000000000e+004	 -2.7173996195096265e+002	  1.0667413021621983e+003	
  1.2390000000000000e+004	 -2.7175789169333837e+002	  1.0666433497449602e+003	
  1.2420000000000000e+004	 -2.7141726515964064e+002	  1.0671598599792610e+003	
  1.2450000000000000e+004	 -2.7080236108543289e+002	  1.0676852712842770e+003	
  1.2480000000000000e+004	 -2.7064996546125872e+002	  1.0681973329609052e+003	
  1.2510000000000000e+004	 -2.7542048178148855e+002	  1.0677609723848357e+003	
  1.2540000000000000e+004	 -2.7196226168916377e+002	  1.0692481667852858e+003	
  1.2570000000000000e+004	 -2.7087226493366228e+002	  1.0686247901461993e+003	
  1.2600000000000000e+004	 -2.7068762367507725e+002	  1.0675784120326489e+003	
  1.2630000000000000e+004	 -2.7059797936972694e+002	  1.0677810072323887e+003	
  1.2660000000000000e+004	 -2.7000098615519306e+002	  1.0680437176836965e+003	
  1.2690000000000000e+004	 -2.6962810803301079e+002	  1.0681438971977511e+003	
  1.2720000000000000e+004	 -2.6943267365789342e+002	  1.0684912111565209e+003	
  1.2750000000000000e+004	 -2.6897731765637707e+002	  1.0693327640318159e+003	
  1.2780000000000000e+004	 -2.6875322983129553e+002	  1.0706730229063030e+003	
  1.2810000000000000e+004	 -2.6803970467099151e+002	  1.0718195896319517e+003	
  1.2840000000000000e+004	 -2.6768474217499841e+002	  1.0716014116884746e+003	
  1.2870000000000000e+004	 -2.6797517787152339e+002	  1.0716103126647581e+003	
  1.2900000000000000e+004	 -2.6736922502431833e+002	  1.0722938019001597e+003	
  1.2930000000000000e+004	 -2.6539360174479879e+002	  1.0732578072051979e+003	
  1.2960000000000000e+004	 -2.6595473884234764e+002	  1.0728036334245019e+003	
  1.2990000000000000e+004	 -2.6718096878659037e+002	  1.0713676403157428e+003	
  1.3020000000000000e+004	 -2.6732442225472766e+002	  1.0705015977276259e+003	
  1.3050000000000000e+004	 -2.6876399397348371e+002	  1.0699984454452988e+003	
  1.3080000000000000e+004	 -2.6977509904100714e+002	  1.0707309062744027e+003	
  1.3110000000000000e+004	 -2.7106409870411989e+002	  1.0705260852442202e+003	
  1.3140000000000000e+004	 -2.7165033318977316e+002	  1.0693617110193086e+003	
  1.3170000000000000e+004	 -2.7421397410199108e+002	  1.0685468666407276e+003	
  1.3200000000000000e+004	 -2.7504400763420915e+002	  1.0692882415356185e+003	
  1.3230000000000000e+004	 -2.7795725306677548e+002	  1.0714500144102706e+003	
  1.3260000000000000e+004	 -2.7499919750835386e+002	  1.0714811870471256e+003	
  1.3290000000000000e+004	 -2.7296441435651758e+002	  1.0714455650302159e+003	
  1.3320000000000000e+004	 -2.7220428675436335e+002	  1.0710114276915181e+003	
  1.3350000000000000e+004	 -2.7128281229311585e+002	  1.0703591113120301e+003	
  1.3380000000000000e+004	 -2.6992568218377085e+002	  1.0700674593656299e+003	
  1.3410000000000000e+004	 -2.6750188388376102e+002	  1.0696466803145013e+003	
  1.3440000000000000e+004	 -2.6632584356786708e+002	  1.0689587454356422e+003	
  1.3470000000000000e+004	 -2.6657323242806262e+002	  1.0685691318575223e+003	
  1.3500000000000000e+004	 -2.6722401787506180e+002	  1.0693572583960843e+003	
  1.3530000000000000e+004	 -2.6736384740779897e+002	  1.0702566966439965e+003	
  1.3560000000000000e+004	 -2.6753416784468544e+002	  1.0708132824800177e+003	
  1.3590000000000000e+004	 -2.6914224417803587e+002	  1.0709802619496702e+003	
  1.3620000000000000e+004	 -2.6910101143937561e+002	  1.0711917632816619e+003	
  1.3650000000000000e+004	 -2.6973027644477031e+002	  1.0710804480953125e+003	
  1.3680000000000000e+004	 -2.6680269937272169e+002	  1.0740949118793087e+003	
  1.3710000000000000e+004	 -2.6624874160678399e+002	  1.0764726468175197e+003	
  1.3740000000000000e+004	 -2.6818849931512477e+002	  1.0765550217328537e+003	
  1.3770000000000000e+004	 -2.6995616993624833e+002	  1.0759739477299838e+003	
  1.3800000000000000e+004	 -2.7076828391128470e+002	  1.0745223700961026e+003	
  1.3830000000000000e+004	 -2.7035953682118384e+002	  1.0723249703440631e+003	
  1.3860000000000000e+004	 -2.6272238586877080e+002	  1.0728125407162436e+003	
  1.3890000000000000e+004	 -2.6209492631502974e+002	  1.0741706105391688e+003	
  1.3920000000000000e+004	 -2.6335702249894564e+002	  1.0731509445959937e+003	
  1.3950000000000000e+004	 -2.6414585800500288e+002	  1.0733335078035784e+003	
  1.3980000000000000e+004	 -2.6387693404052942e+002	  1.0722826692616798e+003	
  1.4010000000000000e+004	 -2.6493465448695349e+002	  1.0700763671254649e+003	
  1.4040000000000000e+004	 -2.6984323703231911e+002	  1.0710715434044839e+003	
  1.4070000000000000e+004	 -2.7690489405491672e+002	  1.0685357363727117e+003	
  1.4100000000000000e+004	 -2.8608022973743999e+002	  1.0644437193589874e+003	
  1.4130000000000000e+004	 -2.8916376959401646e+002	  1.0612422419421798e+003	
  1.4160000000000000e+004	 -2.7808275194958532e+002	  1.0663205264651913e+003	
  1.4190000000000000e+004	 -2.7551193521427734e+002	  1.0693906511653904e+003	
  1.4220000000000000e+004	 -2.8083819389290920e+002	  1.0669995594845793e+003	
  1.4250000000000000e+004	 -2.7772239337296230e+002	  1.0661557766832116e+003	
  1.4280000000000000e+004	 -2.7555493317395684e+002	  1.0679568906598740e+003	
  1.4310000000000000e+004	 -2.6836779954948400e+002	  1.0680526216549822e+003	
  1.4340000000000000e+004	 -2.6961733744810215e+002	  1.0635131128667415e+003	
  1.4370000000000000e+004	 -2.6761663157233329e+002	  1.0697624500891743e+003	
  1.4400000000000000e+004	 -2.6804869347258744e+002	  1.0706017808709003e+003	
  1.4430000000000000e+004	 -2.6743375994612552e+002	  1.0672667196958844e+003	
  1.4460000000000000e+004	 -2.6617524954953944e+002	  1.0658374088811083e+003	
  1.4490000000000000e+004	 -2.6588840864636018e+002	  1.0657283180039701e+003	
  1.4520000000000000e+004	 -2.6716125096765302e+002	  1.0677053140246765e+003	
  1.4550000000000000e+004	 -2.6794649776008202e+002	  1.0691635681319829e+003	
  1.4580000000000000e+004	 -2.6837677271471080e+002	  1.0713542890453814e+003	
  1.4610000000000000e+004	 -2.6752340511837508e+002	  1.0721468598020570e+003	
  1.4640000000000000e+004	 -2.6434485027921858e+002	  1.0714656021827636e+003	
  1.4670000000000000e+004	 -2.6549040408443909e+002	  1.0713431539242113e+003	
  1.4700000000000000e+004	 -2.6946852909294938e+002	  1.0742552092756955e+003	
  1.4730000000000000e+004	 -2.6893428907749410e+002	  1.0739969547181013e+003	
  1.4760000000000000e+004	 -2.6715587106705124e+002	  1.0732867509258922e+003	
  1.4790000000000000e+004	 -2.6897553518972671e+002	  1.0743910159043726e+003	
  1.4820000000000000e+004	 -2.6941116097681322e+002	  1.0758403630302246e+003	
  1.4850000000000000e+004	 -2.6885901329527570e+002	  1.0755687535206662e+003	
  1.4880000000000000e+004	 -2.7269192345120734e+002	  1.0728748751647122e+003	
  1.4910000000000000e+004	 -2.7499202216257521e+002	  1.0709490936839441e+003	
  1.4940000000000000e+004	 -2.7582027559793022e+002	  1.0699071629334755e+003	
  1.4970000000000000e+004	 -2.7549220557887134e+002	  1.0694418583667091e+003	
  1.5000000000000000e+004	 -2.7432870843180598e+002	  1.0691680197164103e+003	
  1.5030000000000000e+004	 -2.6915659768112693e+002	  1.0700874996475145e+003	
  1.5060000000000000e+004	 -2.7046710728612550e+002	  1.0704080887637504e+003	
  1.5090000000000000e+004	 -2.7005836805918170e+002	  1.0697980742675486e+003	
  1.5120000000000000e+004	 -2.6662521581732159e+002	  1.0708110605260640e+003	
  1.5150000000000000e+004	 -2.6683677135535709e+002	  1.0687962204237206e+003	
  1.5180000000000000e+004	 -2.6785325868541804e+002	  1.0682017877946387e+003	
  1.5210000000000000e+004	 -2.6865463655373145e+002	  1.0673602299626641e+003	
  1.5240000000000000e+004	 -2.6929464851282745e+002	  1.0676073543154750e+003	
  1.5270000000000000e+004	 -2.6964782776478523e+002	  1.0682529892569514e+003	
  1.5300000000000000e+004	 -2.6932334089313736e+002	  1.0688184803788888e+003	
  1.5330000000000000e+004	 -2.6932869500878860e+002	  1.0690967755087217e+003	
  1.5360000000000000e+004	 -2.6938966348811817e+002	  1.0693127311460344e+003	
  1.5390000000000000e+004	 -2.6954384834811947e+002	  1.0696533580403502e+003	
  1.5420000000000000e+004	 -2.6933946502786091e+002	  1.0696600393370518e+003	
  1.5450000000000000e+004	 -2.6341439884315633e+002	  1.0716503887265642e+003	
  1.5480000000000000e+004	 -2.5173459915730518e+002	  1.0751813682241059e+003	
  1.5510000000000000e+004	 -2.5254851223827237e+002	  1.0730908357791122e+003	
  1.5540000000000000e+004	 -2.5354705438537331e+002	  1.0727880505079625e+003	
  1.5570000000000000e+004	 -2.5436814776536357e+002	  1.0725921324203150e+003	
  1.5600000000000000e+004	 -2.6074678195587336e+002	  1.0706886097066899e+003	
  1.5630000000000000e+004	 -2.6660729685385252e+002	  1.0689609716117714e+003	
  1.5660000000000000e+004	 -2.6628819777490099e+002	  1.0688986287987018e+003	
  1.5690000000000000e+004	 -2.6255566638988887e+002	  1.0715502063147219e+003	
  1.5720000000000000e+004	 -2.6938607658234457e+002	  1.0650915876110998e+003	
  1.5750000000000000e+004	 -2.7215230147225225e+002	  1.0639183041323752e+003	
  1.5780000000000000e+004	 -2.6936993068256601e+002	  1.0644949239219120e+003	
  1.5810000000000000e+004	 -2.6697301790465986e+002	  1.0659242352512845e+003	
  1.5840000000000000e+004	 -2.7058900642808794e+002	  1.0662515084002848e+003	
  1.5870000000000000e+004	 -2.7518027207252879e+002	  1.0658374120381166e+003	
  1.5900000000000000e+004	 -2.7566430289565795e+002	  1.0660956661870166e+003	
  1.5930000000000000e+004	 -2.7427849945747056e+002	  1.0676674681977174e+003	
  1.5960000000000000e+004	 -2.7264172848035037e+002	  1.0688941780132748e+003	
  1.5990000000000000e+004	 -2.7231364930472080e+002	  1.0696310966499864e+003	
  1.6020000000000000e+004	 -2.7237279975903868e+002	  1.0699516893040188e+003	
  1.6050000000000000e+004	 -2.7212539999692717e+002	  1.0697067937602437e+003	
  1.6080000000000000e+004	 -2.7227958247364182e+002	  1.0694129150977456e+003	
  1.6110000000000000e+004	 -2.7186546179633001e+002	  1.0696466842277453e+003	
  1.6140000000000000e+004	 -2.7120573283324040e+002	  1.0697713575764735e+003	
  1.6170000000000000e+004	 -2.7017845736873460e+002	  1.0696066055745919e+003	
  1.6200000000000000e+004	 -2.6869228699779245e+002	  1.0707487198330480e+003	
  1.6230000000000000e+004	 -2.6947211935652098e+002	  1.0702010465451408e+003	
  1.6260000000000000e+004	 -2.5361878178168558e+002	  1.0745980649456717e+003	
  1.6290000000000000e+004	 -2.1534700534399826e+002	  1.1184792673548986e+003	
  1.6320000000000000e+004	 -2.2222581183888633e+002	  1.0796073339281952e+003	
  1.6350000000000000e+004	 -2.1717738987000507e+002	  1.0528533848295021e+003	
  1.6380000000000000e+004	 -2.0569838054154857e+002	  1.0480622962979671e+003	
  1.6410000000000000e+004	 -2.1103902068302119e+002	  1.0547546792032001e+003	
  1.6440000000000000e+004	 -2.1565354528907778e+002	  1.0489862290396291e+003	
  1.6470000000000000e+004	 -2.3239254420616538e+002	  1.0297639875440400e+003	
  1.6500000000000000e+004	 -2.4409565558219782e+002	  1.0090990829294366e+003	
  1.6530000000000000e+004	 -2.7022148390883189e+002	  9.9404901180037632e+002	
  1.6560000000000000e+004	 -3.0033802890093250e+002	  9.7818632957523369e+002	
  1.6590000000000000e+004	 -3.3627382780812803e+002	  9.7291657763579406e+002	
  1.6620000000000000e+004	 -3.6717737736119273e+002	  9.6302048792337246e+002	
  1.6650000000000000e+004	 -3.9233334541717005e+002	  9.3918081557334676e+002	
  1.6680000000000000e+004	 -4.2300383777441931e+002	  9.2802238732388673e+002	
  1.6710000000000000e+004	 -4.4860620570820402e+002	  9.1465320244061695e+002	
  1.6740000000000000e+004	 -4.4990056617842004e+002	  8.9119424093100440e+002	
  1.6770000000000000e+004	 -4.6114294008282138e+002	  8.6167962553365737e+002	
  1.6800000000000000e+004	 -4.9734050889243099e+002	  8.5549706973901243e+002	
  1.6830000000000000e+004	 -5.2632041961314565e+002	  8.5559948585409325e+002	
  1.6860000000000000e+004	 -5.6233690968215205e+002	  8.5615607199532349e+002	
  1.6890000000000000e+004	 -5.9953303253113222e+002	  8.5884993851733475e+002	
  1.6920000000000000e+004	 -6.2726877220371921e+002	  8.7961948906549424e+002	
  1.6950000000000000e+004	 -6.4075568554394090e+002	  8.8838904874475850e+002	
  1.6980000000000000e+004	 -6.3758609520811387e+002	  8.9916899651227595e+002	
  1.7010000000000000e+004	 -6.3079333811192146e+002	  9.2448472456388185e+002	
  1.7040000000000000e+004	 -6.3079333811192146e+002	  9.2448472456388185e+002	
  1.7070000000000000e+004	 -6.3079333811192146e+002	  9.2448472456388185e+002	
  1.7100000000000000e+004	 -6.3079333811192146e+002	  9.2448472456388185e+002	
  1.7130000000000000e+004	 -6.3079333811192146e+002	  9.2448472456388185e+002	
  1.7160000000000000e+004	 -6.3079333811192146e+002	  9.2448472456388185e+002	
  1.7190000000000000e+004	 -6.3079333811192146e+002	  9.2448472456388185e+002	
  1.7220000000000000e+004	 -6.3079333811192146e+002	  9.2448472456388185e+002	
  1.7250000000000000e+004	 -6.3079333811192146e+002	  9.2448472456388185e+002	
  1.7280000000000000e+004	 -6.3079333811192146e+002	  9.2448472456388185e+002	
  1.7310000000000000e+004	 -6.3079333811192146e+002	  9.2448472456388185e+002	
  1.7340000000000000e+004	 -6.3079333811192146e+002	  9.2448472456388185e+002	
  1.7370000000000000e+004	 -6.3079333811192146e+002	  9.2448472456388185e+002	
  1.7400000000000000e+004	 -6.3079333811192146e+002	  9.2448472456388185e+002	
  1.7430000000000000e+004	 -6.3079333811192146e+002	  9.2448472456388185e+002	
  1.7460000000000000e+004	 -6.3079333811192146e+002	  9.2448472456388185e+002	
  1.7490000000000000e+004	 -6.3079333811192146e+002	  9.2448472456388185e+002	
  1.7520000000000000e+004	 -6.3079333811192146e+002	  9.2448472456388185e+002	
  1.7550000000000000e+004	 -6.3079333811192146e+002	  9.2448472456388185e+002	
  1.7580000000000000e+004	 -6.3079333811192146e+002	  9.2448472456388185e+002	
  1.7610000000000000e+004	 -6.3079333811192146e+002	  9.2448472456388185e+002	
  1.7640000000000000e+004	 -6.3079333811192146e+002	  9.2448472456388185e+002	
  1.7670000000000000e+004	 -6.3079333811192146e+002	  9.2448472456388185e+002	
  1.7700000000000000e+004	 -6.3079333811192146e+002	  9.2448472456388185e+002	
  1.7730000000000000e+004	 -6.3079333811192146e+002	  9.2448472456388185e+002	
  1.7760000000000000e+004	 -6.3079333811192146e+002	  9.2448472456388185e+002	
  1.7790000000000000e+004	 -6.3079333811192146e+002	  9.2448472456388185e+002	
  1.7820000000000000e+004	 -6.3079333811192146e+002	  9.2448472456388185e+002	
  1.7850000000000000e+004	 -6.3079333811192146e+002	  9.2448472456388185e+002	
  1.7880000000000000e+004	 -6.3079333811192146e+002	  9.2448472456388185e+002	
  1.7910000000000000e+004	 -6.3079333811192146e+002	  9.2448472456388185e+002	
  1.7940000000000000e+004	 -6.3079333811192146e+002	  9.2448472456388185e+002	
  1.7970000000000000e+004	 -6.3079333811192146e+002	  9.2448472456388185e+002	
  1.8000000000000000e+004	 -6.3079333811192146e+002	  9.2448472456388185e+002	
  1.8030000000000000e+004	 -6.3079333811192146e+002	  9.2448472456388185e+002	
  1.8060000000000000e+004	 -6.3079333811192146e+002	  9.2448472456388185e+002	
  1.8090000000000000e+004	 -6.3079333811192146e+002	  9.2448472456388185e+002	
  1.8120000000000000e+004	 -6.3079333811192146e+002	  9.2448472456388185e+002	
  1.8150000000000000e+004	 -6.3079333811192146e+002	  9.2448472456388185e+002	
  1.8180000000000000e+004	 -6.3079333811192146e+002	  9.2448472456388185e+002	
  1.8210000000000000e+004	 -6.3079333811192146e+002	  9.2448472456388185e+002	
  1.8240000000000000e+004	 -6.3079333811192146e+002	  9.2448472456388185e+002	
  1.8270000000000000e+004	 -6.3079333811192146e+002	  9.2448472456388185e+002	
  1.8300000000000000e+004	 -6.3079333811192146e+002	  9.2448472456388185e+002	
  1.8330000000000000e+004	 -6.3079333811192146e+002	  9.2448472456388185e+002	
  1.8360000000000000e+004	 -6.3079333811192146e+002	  9.2448472456388185e+002	
  1.8390000000000000e+004	 -6.3079333811192146e+002	  9.2448472456388185e+002	
  1.8420000000000000e+004	 -6.3079333811192146e+002	  9.2448472456388185e+002	
  1.8450000000000000e+004	 -6.3079333811192146e+002	  9.2448472456388185e+002	
  1.8480000000000000e+004	 -6.3079333811192146e+002	  9.2448472456388185e+002	
  1.8510000000000000e+004	 -6.3079333811192146e+002	  9.2448472456388185e+002	
  1.8540000000000000e+004	 -6.3079333811192146e+002	  9.2448472456388185e+002	
  1.8570000000000000e+004	 -6.3079333811192146e+002	  9.2448472456388185e+002	
  1.8600000000000000e+004	 -6.3079333811192146e+002	  9.2448472456388185e+002	
  1.8630000000000000e+004	 -6.3079333811192146e+002	  9.2448472456388185e+002	
  1.8660000000000000e+004	 -6.3079333811192146e+002	  9.2448472456388185e+002	
  1.8690000000000000e+004	 -6.3079333811192146e+002	  9.2448472456388185e+002	
  1.8720000000000000e+004	 -6.3079333811192146e+002	  9.2448472456388185e+002	
  1.8750000000000000e+004	 -6.3079333811192146e+002	  9.2448472456388185e+002	
  1.8780000000000000e+004	 -6.3079333811192146e+002	  9.2448472456388185e+002	
  1.8810000000000000e+004	 -6.3079333811192146e+002	  9.2448472456388185e+002	
  1.8840000000000000e+004	 -6.3079333811192146e+002	  9.2448472456388185e+002	
  1.8870000000000000e+004	 -6.3079333811192146e+002	  9.2448472456388185e+002	
  1.8900000000000000e+004	 -6.3079333811192146e+002	  9.2448472456388185e+002	
  1.8930000000000000e+004	 -6.3079333811192146e+002	  9.2448472456388185e+002	
  1.8960000000000000e+004	 -6.3079333811192146e+002	  9.2448472456388185e+002	
  1.8990000000000000e+004	 -6.3079333811192146e+002	  9.2448472456388185e+002	
  1.9020000000000000e+004	 -6.3079333811192146e+002	  9.2448472456388185e+002	
  1.9050000000000000e+004	 -6.3079333811192146e+002	  9.2448472456388185e+002	
  1.9080000000000000e+004	 -6.3079333811192146e+002	  9.2448472456388185e+002	
  1.9110000000000000e+004	 -6.3079333811192146e+002	  9.2448472456388185e+002	
  1.9140000000000000e+004	 -6.3079333811192146e+002	  9.2448472456388185e+002	
  1.9170000000000000e+004	 -6.3079333811192146e+002	  9.2448472456388185e+002	
  1.9200000000000000e+004	 -6.3079333811192146e+002	  9.2448472456388185e+002	
  1.9230000000000000e+004	 -6.3079333811192146e+002	  9.2448472456388185e+002	
  1.9260000000000000e+004	 -6.3079333811192146e+002	  9.2448472456388185e+002	
  1.9290000000000000e+004	 -6.3079333811192146e+002	  9.2448472456388185e+002	
  1.9320000000000000e+004	 -6.3079333811192146e+002	  9.2448472456388185e+002	
  1.9350000000000000e+004	 -6.3079333811192146e+002	  9.2448472456388185e+002	
  1.9380000000000000e+004	 -6.3079333811192146e+002	  9.2448472456388185e+002	
  1.9410000000000000e+004	 -6.3079333811192146e+002	  9.2448472456388185e+002	
  1.9440000000000000e+004	 -6.3079333811192146e+002	  9.2448472456388185e+002	
  1.9470000000000000e+004	 -6.3079333811192146e+002	  9.2448472456388185e+002	
  1.9500000000000000e+004	 -6.3079333811192146e+002	  9.2448472456388185e+002	
  1.9530000000000000e+004	 -6.3079333811192146e+002	  9.2448472456388185e+002	
  1.9560000000000000e+004	 -6.3079333811192146e+002	  9.2448472456388185e+002	
  1.9590000000000000e+004	 -6.3079333811192146e+002	  9.2448472456388185e+002	
  1.9620000000000000e+004	 -6.3079333811192146e+002	  9.2448472456388185e+002	
  1.9650000000000000e+004	 -6.3079333811192146e+002	  9.2448472456388185e+002	
  1.9680000000000000e+004	 -6.3079333811192146e+002	  9.2448472456388185e+002	
  1.9710000000000000e+004	 -6.3079333811192146e+002	  9.2448472456388185e+002	
  1.9740000000000000e+004	 -6.3079333811192146e+002	  9.2448472456388185e+002	
  1.9770000000000000e+004	 -6.3079333811192146e+002	  9.2448472456388185e+002	
  1.9800000000000000e+004	 -6.3079333811192146e+002	  9.2448472456388185e+002	
  1.9830000000000000e+004	 -6.3079333811192146e+002	  9.2448472456388185e+002	
  1.9860000000000000e+004	 -6.3079333811192146e+002	  9.2448472456388185e+002	
  1.9890000000000000e+004	 -6.3079333811192146e+002	  9.2448472456388185e+002	
  1.9920000000000000e+004	 -6.3079333811192146e+002	  9.2448472456388185e+002	
  1.9950000000000000e+004	 -6.3079333811192146e+002	  9.2448472456388185e+002	
  1.9980000000000000e+004	 -6.3079333811192146e+002	  9.2448472456388185e+002	
  2.0010000000000000e+004	 -6.3079333811192146e+002	  9.2448472456388185e+002	
  2.0040000000000000e+004	 -6.3079333811192146e+002	  9.2448472456388185e+002	
  2.0070000000000000e+004	 -6.3079333811192146e+002	  9.2448472456388185e+002	
  2.0100000000000000e+004	 -6.3079333811192146e+002	  9.2448472456388185e+002	
  2.0130000000000000e+004	 -6.3079333811192146e+002	  9.2448472456388185e+002	
  2.0160000000000000e+004	 -6.3079333811192146e+002	  9.2448472456388185e+002	
  2.0190000000000000e+004	 -6.3079333811192146e+002	  9.2448472456388185e+002	
  2.0220000000000000e+004	 -6.3079333811192146e+002	  9.2448472456388185e+002	
  2.0250000000000000e+004	 -6.3079333811192146e+002	  9.2448472456388185e+002	
  2.0280000000000000e+004	 -6.3079333811192146e+002	  9.2448472456388185e+002	
  2.0310000000000000e+004	 -6.3079333811192146e+002	  9.2448472456388185e+002	
  2.0340000000000000e+004	 -6.3079333811192146e+002	  9.2448472456388185e+002	
  2.0370000000000000e+004	 -6.3079333811192146e+002	  9.2448472456388185e+002	
  2.0400000000000000e+004	 -6.3079333811192146e+002	  9.2448472456388185e+002	
  2.0430000000000000e+004	 -6.3079333811192146e+002	  9.2448472456388185e+002	
  2.0460000000000000e+004	 -6.3079333811192146e+002	  9.2448472456388185e+002	
  2.0490000000000000e+004	 -6.3079333811192146e+002	  9.2448472456388185e+002	
  2.0520000000000000e+004	 -6.3079333811192146e+002	  9.2448472456388185e+002	
  2.0550000000000000e+004	 -6.3079333811192146e+002	  9.2448472456388185e+002	
  2.0580000000000000e+004	 -6.3079333811192146e+002	  9.2448472456388185e+002	
  2.0610000000000000e+004	 -6.3079333811192146e+002	  9.2448472456388185e+002	
  2.0640000000000000e+004	 -6.3079333811192146e+002	  9.2448472456388185e+002	
  2.0670000000000000e+004	 -6.3079333811192146e+002	  9.2448472456388185e+002	
  2.0700000000000000e+004	 -6.3079333811192146e+002	  9.2448472456388185e+002	
  2.0730000000000000e+004	 -6.3079333811192146e+002	  9.2448472456388185e+002	
  2.0760000000000000e+004	 -6.3079333811192146e+002	  9.2448472456388185e+002	
  2.0790000000000000e+004	 -6.3079333811192146e+002	  9.2448472456388185e+002	
  2.0820000000000000e+004	 -6.3079333811192146e+002	  9.2448472456388185e+002	
  2.0850000000000000e+004	 -6.3079333811192146e+002	  9.2448472456388185e+002	
  2.0880000000000000e+004	 -6.3079333811192146e+002	  9.2448472456388185e+002	
  2.0910000000000000e+004	 -6.3079333811192146e+002	  9.2448472456388185e+002	
  2.0940000000000000e+004	 -6.3079333811192146e+002	  9.2448472456388185e+002	
  2.0970000000000000e+004	 -6.3079333811192146e+002	  9.2448472456388185e+002	
  2.1000000000000000e+004	 -6.3079333811192146e+002	  9.2448472456388185e+002	
  2.1030000000000000e+004	 -6.3079333811192146e+002	  9.2448472456388185e+002	
  2.1060000000000000e+004	 -6.3079333811192146e+002	  9.2448472456388185e+002	
  2.1090000000000000e+004	 -6.3079333811192146e+002	  9.2448472456388185e+002	
  2.1120000000000000e+004	 -6.3079333811192146e+002	  9.2448472456388185e+002	
  2.1150000000000000e+004	 -6.3079333811192146e+002	  9.2448472456388185e+002	
  2.1180000000000000e+004	 -6.3079333811192146e+002	  9.2448472456388185e+002	
  2.1210000000000000e+004	 -6.3079333811192146e+002	  9.2448472456388185e+002	
  2.1240000000000000e+004	 -6.3079333811192146e+002	  9.2448472456388185e+002	
  2.1270000000000000e+004	 -6.3079333811192146e+002	  9.2448472456388185e+002	
  2.1300000000000000e+004	 -6.3079333811192146e+002	  9.2448472456388185e+002	
  2.1330000000000000e+004	 -6.3079333811192146e+002	  9.2448472456388185e+002	
  2.1360000000000000e+004	 -6.3079333811192146e+002	  9.2448472456388185e+002	
  2.1390000000000000e+004	 -6.3079333811192146e+002	  9.2448472456388185e+002	
  2.1420000000000000e+004	 -6.3079333811192146e+002	  9.2448472456388185e+002	
  2.1450000000000000e+004	 -6.3079333811192146e+002	  9.2448472456388185e+002	
  2.1480000000000000e+004	 -6.3079333811192146e+002	  9.2448472456388185e+002	
  2.1510000000000000e+004	 -6.3079333811192146e+002	  9.2448472456388185e+002	
  2.1540000000000000e+004	 -6.3079333811192146e+002	  9.2448472456388185e+002	
  2.1570000000000000e+004	 -6.3079333811192146e+002	  9.2448472456388185e+002	
  2.1600000000000000e+004	 -6.3079333811192146e+002	  9.2448472456388185e+002	
  2.1630000000000000e+004	 -6.3079333811192146e+002	  9.2448472456388185e+002	
  2.1660000000000000e+004	 -6.3079333811192146e+002	  9.2448472456388185e+002	
  2.1690000000000000e+004	 -6.4215368169421197e+002	  9.2509783135290661e+002	
  2.1720000000000000e+004	 -6.3245700996946539e+002	  9.3321421752024287e+002	
  2.1750000000000000e+004	 -6.2823148024490206e+002	  9.4562830160011436e+002	
  2.1780000000000000e+004	 -6.3256457979648599e+002	  9.2732999721452438e+002	
  2.1810000000000000e+004	 -6.3118594595652928e+002	  9.2304651404837898e+002	
  2.1840000000000000e+004	 -6.3322610559732425e+002	  9.3860864473008985e+002	
  2.1870000000000000e+004	 -6.3656959875470147e+002	  9.1885653651559733e+002	
  2.1900000000000000e+004	 -6.3419957073827334e+002	  9.1315264725966449e+002	
  2.1930000000000000e+004	 -6.4038996326472329e+002	  9.0849513718691742e+002	
  2.1960000000000000e+004	 -6.5207335264994322e+002	  8.8428812738191777e+002	
  2.1990000000000000e+004	 -6.4876213503945053e+002	  9.2620791700963093e+002	
  2.2020000000000000e+004	 -6.3381412407428547e+002	  9.2393927140811297e+002	
  2.2050000000000000e+004	 -6.3484357577047103e+002	  9.2154378748914939e+002	
  2.2080000000000000e+004	 -6.3613039039070304e+002	  9.1854943259044444e+002	
  2.2110000000000000e+004	 -6.3741720501093494e+002	  9.1555507769173983e+002	
  2.2140000000000000e+004	 -6.3870401963116694e+002	  9.1256072279303521e+002	
  2.2170000000000000e+004	 -6.3999083425139895e+002	  9.0956636789433037e+002	
  2.2200000000000000e+004	 -6.4127764887163096e+002	  9.0657201299562564e+002	
  2.2230000000000000e+004	 -6.4256446349186308e+002	  9.0357765809692103e+002	
  2.2260000000000000e+004	 -6.4385127811209497e+002	  9.0058330319821619e+002	
  2.2290000000000000e+004	 -6.4513809273232687e+002	  8.9758894829951134e+002	
  2.2320000000000000e+004	 -6.4642490735255888e+002	  8.9459459340080673e+002	
  2.2350000000000000e+004	 -6.3276177999761171e+002	  9.1937972712958231e+002	
  2.2380000000000000e+004	 -6.3389121473463240e+002	  9.1804391889367957e+002	
  2.2410000000000000e+004	 -6.0789355414473698e+002	  9.2298751321497969e+002	
  2.2440000000000000e+004	 -6.1673990465498946e+002	  9.3045354754196831e+002	
  2.2470000000000000e+004	 -6.2969975504235003e+002	  9.1146063376703228e+002	
  2.2500000000000000e+004	 -6.5958411299030615e+002	  8.2923179681221029e+002	
  2.2530000000000000e+004	 -6.3496418338549870e+002	  8.5529224801608802e+002	
  2.2560000000000000e+004	 -6.3841344258259721e+002	  8.8719907081989857e+002	
  2.2590000000000000e+004	 -6.4363844108828130e+002	  9.0464579175587767e+002	
  2.2620000000000000e+004	 -6.5736826696493063e+002	  9.1415116736360324e+002	
  2.2650000000000000e+004	 -6.4927845331016761e+002	  9.1745506096877978e+002	
  2.2680000000000000e+004	 -6.5251079629970889e+002	  9.1106545411960667e+002	
  2.2710000000000000e+004	 -6.4535948767703690e+002	  9.2005431130881209e+002	
  2.2740000000000000e+004	 -6.7277073111110087e+002	  9.2610995929852766e+002	
  2.2770000000000000e+004	 -6.7486825960260603e+002	  9.3164242406887968e+002	
  2.2800000000000000e+004	 -6.2692455648412897e+002	  8.9478309867593748e+002	
  2.2830000000000000e+004	 -6.3040788460273711e+002	  9.1984948939749336e+002	
  2.2860000000000000e+004	 -6.3320459539754847e+002	  9.0397789720778997e+002	
  2.2890000000000000e+004	 -6.6570189039015202e+002	  8.7672746374820633e+002	
  2.2920000000000000e+004	 -6.6519902248751532e+002	  8.7733080167849289e+002	
  2.2950000000000000e+004	 -6.5936023917239311e+002	  8.9715916352550880e+002	
  2.2980000000000000e+004	 -6.5352145585727078e+002	  9.1698752537252460e+002	
  2.3010000000000000e+004	 -6.5249107078713109e+002	  9.2345616174143140e+002	
  2.3040000000000000e+004	 -6.2732255298603206e+002	  9.1582203765897611e+002	
  2.3070000000000000e+004	 -6.5238888800650682e+002	  9.1368919702631024e+002	
  2.3100000000000000e+004	 -6.5063556935262773e+002	  9.1311480275935082e+002	
  2.3130000000000000e+004	 -6.6005292634900252e+002	  8.9705173954941506e+002	
  2.3160000000000000e+004	 -6.5646919769861347e+002	  8.8612708806664921e+002	
  2.3190000000000000e+004	 -6.2796973840716464e+002	  9.6867761875820725e+002	
  2.3220000000000000e+004	 -6.2921571111688309e+002	  9.6451436811766871e+002	
  2.3250000000000000e+004	 -6.2921571111688309e+002	  9.6451436811766871e+002	
  2.3280000000000000e+004	 -6.2921571111688309e+002	  9.6451436811766871e+002	
  2.3310000000000000e+004	 -6.2921571111688309e+002	  9.6451436811766871e+002	
  2.3340000000000000e+004	 -6.2921571111688309e+002	  9.6451436811766871e+002	
  2.3370000000000000e+004	 -6.2921571111688309e+002	  9.6451436811766871e+002	
  2.3400000000000000e+004	 -6.2921571111688309e+002	  9.6451436811766871e+002	
  2.3430000000000000e+004	 -6.2921571111688309e+002	  9.6451436811766871e+002	
  2.3460000000000000e+004	 -6.2921571111688309e+002	  9.6451436811766871e+002	
  2.3490000000000000e+004	 -6.2921571111688309e+002	  9.6451436811766871e+002	
  2.3520000000000000e+004	 -6.2921571111688309e+002	  9.6451436811766871e+002	
  2.3550000000000000e+004	 -6.2921571111688309e+002	  9.6451436811766871e+002	
  2.3580000000000000e+004	 -6.1426119333662587e+002	  9.4202192535465576e+002	
  2.3610000000000000e+004	 -6.2156063715852144e+002	  9.2195782777196439e+002	
  2.3640000000000000e+004	 -6.3109810832387393e+002	  8.9210258158566705e+002	
  2.3670000000000000e+004	 -6.4483062365215369e+002	  9.1079273609401139e+002	
  2.3700000000000000e+004	 -6.4087759594750969e+002	  9.2331590289773851e+002	
  2.3730000000000000e+004	 -6.3990950920936177e+002	  9.2652183272031459e+002	
  2.3760000000000000e+004	 -6.6026625287250556e+002	  9.2081126386511892e+002	
  2.3790000000000000e+004	 -6.5593674386385351e+002	  9.2036599973449358e+002	
  2.3820000000000000e+004	 -6.4633654476694096e+002	  9.2467396638146079e+002	
  2.3850000000000000e+004	 -6.4083277547062289e+002	  9.5127875518642168e+002	
  2.3880000000000000e+004	 -6.4346132752502922e+002	  9.4258987980051961e+002	
  2.3910000000000000e+004	 -6.4740415560663860e+002	  9.2955656672166663e+002	
  2.3940000000000000e+004	 -6.5134698368824797e+002	  9.1652325364281342e+002	
  2.3970000000000000e+004	 -6.5528981176985747e+002	  9.0348994056396032e+002	
  2.4000000000000000e+004	 -6.5923263985146684e+002	  8.9045662748510733e+002	
  2.4030000000000000e+004	 -6.4995342939076886e+002	  8.7758683736791465e+002	
  2.4060000000000000e+004	 -6.5388403853083787e+002	  8.5387628988796973e+002	
  2.4090000000000000e+004	 -6.5313654520144974e+002	  8.6229941115110023e+002	
  2.4120000000000000e+004	 -6.5223955320618381e+002	  8.7240715666685696e+002	
  2.4150000000000000e+004	 -6.5134256121091789e+002	  8.8251490218261370e+002	
  2.4180000000000000e+004	 -6.5044556921565209e+002	  8.9262264769837043e+002	
  2.4210000000000000e+004	 -6.4954857722038628e+002	  9.0273039321412716e+002	
  2.4240000000000000e+004	 -6.4889569310037882e+002	  9.1424244357233033e+002	
  2.4270000000000000e+004	 -6.5026984592164422e+002	  9.0914412255514549e+002	
  2.4300000000000000e+004	 -6.5056026895712557e+002	  9.5745685414337481e+002	
  2.4330000000000000e+004	 -6.5731628076622314e+002	  9.5835740770244263e+002	
  2.4360000000000000e+004	 -6.6395126998254523e+002	  9.0527918469101292e+002	
  2.4390000000000000e+004	 -6.5890555282876994e+002	  9.1493929148991174e+002	
  2.4420000000000000e+004	 -6.5527701518618812e+002	  9.1503724600165765e+002	
  2.4450000000000000e+004	 -6.4579243951716421e+002	  9.1779902715084552e+002	
  2.4480000000000000e+004	 -6.4446311022339705e+002	  8.9786992667167397e+002	
  2.4510000000000000e+004	 -6.5587848910643902e+002	  9.1345543111734150e+002	
  2.4540000000000000e+004	 -6.6212892966614379e+002	  9.2107063464348573e+002	
  2.4570000000000000e+004	 -6.6767034002768185e+002	  9.2122314331460404e+002	
  2.4600000000000000e+004	 -6.5384801462429323e+002	  9.1759762931502951e+002	
  2.4630000000000000e+004	 -6.5402925490006999e+002	  9.1865727845279594e+002	
  2.4660000000000000e+004	 -6.3389032579306559e+002	  9.1473780742767724e+002	
  2.4690000000000000e+004	 -4.9320013834677911e+002	  9.2114076494084327e+002	
  2.4720000000000000e+004	 -2.5145670344743218e+002	  9.2863463098275713e+002	
  2.4750000000000000e+004	 -3.6905560340661913e+002	  9.1585617147583810e+002	
  2.4780000000000000e+004	 -6.1176501347188901e+002	  9.1192816201376957e+002	
  2.4810000000000000e+004	 -6.4668433266239811e+002	  9.1875190072560542e+002	
  2.4840000000000000e+004	 -6.4418343554871956e+002	  9.1844244038289139e+002	
  2.4870000000000000e+004	 -6.4866890868484131e+002	  9.2141460638828380e+002	
  2.4900000000000000e+004	 -6.4890555422274133e+002	  9.4852032363279545e+002	
  2.4930000000000000e+004	 -6.5380157768258528e+002	  9.2765281511497449e+002	
  2.4960000000000000e+004	 -6.4964596601992616e+002	  9.0331667516888717e+002	
  2.4990000000000000e+004	 -6.3244984384984662e+002	  9.0598605102854310e+002	
  2.5020000000000000e+004	 -6.4364919947539113e+002	  8.9638829634129593e+002	
  2.5050000000000000e+004	 -6.4051365863281865e+002	  9.0920089242230847e+002	
  2.5080000000000000e+004	 -6.4661082991533885e+002	  8.9288848047565409e+002	
  2.5110000000000000e+004	 -6.4477325293610465e+002	  8.9986361330349371e+002	
  2.5140000000000000e+004	 -6.5461189994748008e+002	  9.3735299143918132e+002	
  2.5170000000000000e+004	 -6.4678113847331110e+002	  9.1945097073697525e+002	
  2.5200000000000000e+004	 -6.7157317347804656e+002	  8.8810185349795120e+002	
  2.5230000000000000e+004	 -6.5087579322252179e+002	  9.0407807826347198e+002	
  2.5260000000000000e+004	 -6.4767752116945871e+002	  9.0983762814485567e+002	
  2.5290000000000000e+004	 -6.4944697165278228e+002	  9.0173152120652378e+002	
  2.5320000000000000e+004	 -6.4217509641750439e+002	  9.1399680734346384e+002	
  2.5350000000000000e+004	 -6.3561046529468035e+002	  9.2607433610051953e+002	
  2.5380000000000000e+004	 -6.4057282409836034e+002	  9.1863167861077420e+002	
  2.5410000000000000e+004	 -6.2676859047097457e+002	  9.1019161771464610e+002	
  2.5440000000000000e+004	 -6.0948820702246996e+002	  9.0224580201604545e+002	
  2.5470000000000000e+004	 -6.3994356227711819e+002	  8.4305626696226227e+002	
  2.5500000000000000e+004	 -6.0550649740952531e+002	  8.3525294957803885e+002	
  2.5530000000000000e+004	 -5.9525227058592952e+002	  8.5979836577851052e+002	
  2.5560000000000000e+004	 -5.7327892739251013e+002	  9.1239568620809291e+002	
  2.5590000000000000e+004	 -5.9967465405446058e+002	  9.2112517715872343e+002	
  2.5620000000000000e+004	 -6.3238709227979894e+002	  9.2248324777616438e+002	
  2.5650000000000000e+004	 -6.4292133522723429e+002	  9.3714148607841923e+002	
  2.5680000000000000e+004	 -6.4307768022225582e+002	  9.2075146625490129e+002	
  2.5710000000000000e+004	 -6.4346854270980964e+002	  8.7977641669610716e+002	
  2.5740000000000000e+004	 -6.4385940519736357e+002	  8.3880136713731292e+002	
  2.5770000000000000e+004	 -6.4529314882981828e+002	  8.8037643992942469e+002	
  2.5800000000000000e+004	 -6.4548676513604005e+002	  9.0416935527164719e+002	
  2.5830000000000000e+004	 -6.4652836519461312e+002	  9.2832962080020411e+002	
  2.5860000000000000e+004	 -6.4300738987289515e+002	  9.3718378293386797e+002	
  2.5890000000000000e+004	 -6.4953660206324560e+002	  9.3349028190273498e+002	
  2.5920000000000000e+004	 -6.3059075257570964e+002	  9.3398230782560347e+002	
  2.5950000000000000e+004	 -6.5399698210684835e+002	  9.5208246880774584e+002	
