  0.0000000000000000e+000	 -4.3512287094843293e+002	  9.1978715131100944e+002	
  3.0000000000000000e+001	 -3.9507268592352301e+002	  9.3567210270709586e+002	
  6.0000000000000000e+001	 -3.5945060715231068e+002	  9.6408022194583953e+002	
  9.0000000000000000e+001	 -3.1396835876402633e+002	  9.6794293023712248e+002	
  1.2000000000000000e+002	 -2.7871378452843436e+002	  9.9214326425237505e+002	
  1.5000000000000000e+002	 -2.4405083942552164e+002	  1.0164883126373373e+003	
  1.8000000000000000e+002	 -2.1599419021525850e+002	  1.0460986646072706e+003	
  2.1000000000000000e+002	 -1.6800206842891529e+002	  1.0395643525825501e+003	
  2.4000000000000000e+002	 -2.1894624477577744e+002	  1.0587479976549698e+003	
  2.7000000000000000e+002	 -2.5615194414919358e+002	  1.0619168260895008e+003	
  3.0000000000000000e+002	 -2.2676864692401068e+002	  1.0786143867071046e+003	
  3.3000000000000000e+002	 -1.7287083234148250e+002	  1.0802946891928138e+003	
  3.6000000000000000e+002	 -2.1967831336696025e+002	  1.0284326414294849e+003	
  3.9000000000000000e+002	 -2.4793215565365227e+002	  1.0017387962082945e+003	
  4.2000000000000000e+002	 -2.8639574912891675e+002	  9.7959782621444936e+002	
  4.5000000000000000e+002	 -2.6769728590201902e+002	  9.5851436751344102e+002	
  4.8000000000000000e+002	 -2.5903829571201368e+002	  9.2120087405157904e+002	
  5.1000000000000000e+002	 -2.5850046202932361e+002	  8.7578349765558778e+002	
  5.4000000000000000e+002	 -2.6361878057844854e+002	  8.3172419434638596e+002	
  5.7000000000000000e+002	 -2.4533264319555056e+002	  7.8934576528023081e+002	
  6.0000000000000000e+002	 -2.4033981194113329e+002	  7.4363896897701511e+002	
  6.3000000000000000e+002	 -2.3893250461207617e+002	  6.9817706214920611e+002	
  6.6000000000000000e+002	 -2.4541332382525175e+002	  6.5360569650915659e+002	
  6.9000000000000000e+002	 -2.1774213434612312e+002	  6.1839610011288084e+002	
  7.2000000000000000e+002	 -1.8636886930333765e+002	  5.8593603440984498e+002	
  7.5000000000000000e+002	 -1.6004225743072249e+002	  5.4848896119438541e+002	
  7.8000000000000000e+002	 -1.4465142100556551e+002	  5.2556877379272260e+002	
  8.1000000000000000e+002	 -1.3687307684457693e+002	  5.2966106917968625e+002	
  8.4000000000000000e+002	 -1.3868824416974854e+002	  5.2076961529908453e+002	
  8.7000000000000000e+002	 -1.4050341149492016e+002	  5.1187816141848270e+002	
  9.0000000000000000e+002	 -1.2935025255732126e+002	  5.0529792212910024e+002	
  9.3000000000000000e+002	 -1.2521795878859521e+002	  5.1155395145519685e+002	
  9.6000000000000000e+002	 -1.1123210282060327e+002	  5.2997444360741110e+002	
  9.9000000000000000e+002	 -1.2224759920803425e+002	  5.1431584012632845e+002	
  1.0200000000000000e+003	 -1.3326309559546519e+002	  4.9865723664524603e+002	
  1.0500000000000000e+003	 -1.4427859198289619e+002	  4.8299863316416344e+002	
  1.0800000000000000e+003	 -1.5529408837032713e+002	  4.6734002968308090e+002	
  1.1100000000000000e+003	 -1.5586514682967820e+002	  4.8231094533231396e+002	
  1.1400000000000000e+003	 -1.5772959819933774e+002	  5.0479700057052952e+002	
  1.1700000000000000e+003	 -1.8246963996999290e+002	  4.8204379446810782e+002	
  1.2000000000000000e+003	 -1.8637783705099946e+002	  5.3262627437499100e+002	
  1.2300000000000000e+003	 -1.6956177427806074e+002	  5.0780255877134130e+002	
  1.2600000000000000e+003	 -1.7454566383636086e+002	  5.0646676546888000e+002	
  1.2900000000000000e+003	 -1.6640908978960724e+002	  5.0515550104921414e+002	
  1.3200000000000000e+003	 -1.5531376154403421e+002	  5.0336741320421527e+002	
  1.3500000000000000e+003	 -1.4421843329846112e+002	  5.0157932535921634e+002	
  1.3800000000000000e+003	 -1.3312310505288804e+002	  4.9979123751421753e+002	
  1.4100000000000000e+003	 -1.3685292153729225e+002	  4.5726459827283213e+002	
  1.4400000000000000e+003	 -1.7104976944519927e+002	  5.1832203017460813e+002	
  1.4700000000000000e+003	 -2.0493285165145556e+002	  5.0947231447860020e+002	
  1.5000000000000000e+003	 -2.2357510952543993e+002	  5.0532048574060065e+002	
  1.5300000000000000e+003	 -2.4998487743278133e+002	  4.9896398225834798e+002	
  1.5600000000000000e+003	 -2.3817057745124202e+002	  4.7823673733467166e+002	
  1.5900000000000000e+003	 -1.8700977502988664e+002	  4.5001785441081182e+002	
  1.6200000000000000e+003	 -1.7728855860817117e+002	  4.5604010070218465e+002	
  1.6500000000000000e+003	 -1.3017490299623856e+002	  5.0555395315572406e+002	
  1.6800000000000000e+003	 -1.3501532629423224e+002	  5.1192129946823280e+002	
  1.7100000000000000e+003	 -1.8705907722947887e+002	  4.6950948060312732e+002	
  1.7400000000000000e+003	 -1.6106409420580800e+002	  5.3511977772673276e+002	
  1.7700000000000000e+003	 -1.6314370963370010e+002	  5.2917544051609320e+002	
  1.8000000000000000e+003	 -1.6533086670748540e+002	  5.0250387054884033e+002	
  1.8300000000000000e+003	 -1.7355962972536994e+002	  5.1252240686912830e+002	
  1.8600000000000000e+003	 -2.0172384699372535e+002	  5.0896025991949921e+002	
  1.8900000000000000e+003	 -1.8284611292771154e+002	  5.2616989155794613e+002	
  1.9200000000000000e+003	 -1.3392174482046829e+002	  5.3391755834435003e+002	
  1.9500000000000000e+003	 -1.2241230356162596e+002	  5.4222181107552262e+002	
  1.9800000000000000e+003	 -1.4709853418723500e+002	  5.4010678813457002e+002	
  2.0100000000000000e+003	 -1.4170235146573350e+002	  5.4990268968850819e+002	
  2.0400000000000000e+003	 -1.4604077928311807e+002	  5.7069673084637691e+002	
  2.0700000000000000e+003	 -1.1789455318999816e+002	  5.9997313272606721e+002	
  2.1000000000000000e+003	 -1.5196525785888963e+002	  5.6319188577682189e+002	
  2.1300000000000000e+003	 -1.7257360659582764e+002	  5.2572461113740974e+002	
  2.1600000000000000e+003	 -1.7332224819331353e+002	  5.2205114837862311e+002	
  2.1900000000000000e+003	 -1.7536399800463866e+002	  5.1203261358193208e+002	
  2.2200000000000000e+003	 -1.7740574781596385e+002	  5.0201407878524122e+002	
  2.2500000000000000e+003	 -1.7944749762728898e+002	  4.9199554398855031e+002	
  2.2800000000000000e+003	 -1.6359191521530857e+002	  5.1917916712576857e+002	
  2.3100000000000000e+003	 -1.5426954949502422e+002	  5.0545376985537825e+002	
  2.3400000000000000e+003	 -1.5576652694614222e+002	  5.0244821202976453e+002	
  2.3700000000000000e+003	 -1.6315266705497618e+002	  5.1627378889822899e+002	
  2.4000000000000000e+003	 -1.7024302210170958e+002	  5.1336841234003509e+002	
  2.4300000000000000e+003	 -1.6565654774549324e+002	  5.2249641552966898e+002	
  2.4600000000000000e+003	 -1.5507237615422471e+002	  5.4356103827497725e+002	
  2.4900000000000000e+003	 -1.4448820456295618e+002	  5.6462566102028575e+002	
  2.5200000000000000e+003	 -1.4926774613645875e+002	  5.1910125211545221e+002	
  2.5500000000000000e+003	 -1.4720610650824679e+002	  5.2483407739231097e+002	
  2.5800000000000000e+003	 -1.3151945662971079e+002	  5.3151310090738150e+002	
  2.6100000000000000e+003	 -1.2735131078143021e+002	  5.1620700884266967e+002	
  2.6400000000000000e+003	 -1.0341799123201015e+002	  5.8600282607647046e+002	
  2.6700000000000000e+003	 -1.9274212341693078e+002	  4.5297888767843733e+002	
  2.7000000000000000e+003	 -1.6831580680975941e+002	  4.8359109052895002e+002	
  2.7300000000000000e+003	 -1.2766502330767325e+002	  4.9817363304494864e+002	
  2.7600000000000000e+003	 -1.4568223555930524e+002	  5.0958363717078100e+002	
  2.7900000000000000e+003	 -1.3555319240636729e+002	  5.1687490130465471e+002	
  2.8200000000000000e+003	 -1.4160371495933549e+002	  5.2717173737106475e+002	
  2.8500000000000000e+003	 -1.5401857335269574e+002	  5.1548343985908707e+002	
  2.8800000000000000e+003	 -1.3573245617436356e+002	  5.2177285891373299e+002	
  2.9100000000000000e+003	 -1.5563205134429049e+002	  5.2594724822692149e+002	
  2.9400000000000000e+003	 -9.5753957700681013e+001	  5.7921248486379136e+002	
  2.9700000000000000e+003	 -1.0794472498671360e+002	  5.4893422609040567e+002	
  3.0000000000000000e+003	 -1.1991136654417819e+002	  5.5555759446159607e+002	
  3.0300000000000000e+003	 -1.4985039908025243e+002	  5.2811794104932892e+002	
  3.0600000000000000e+003	 -1.5397374989299854e+002	  5.1954651580538280e+002	
  3.0900000000000000e+003	 -1.5522867997501936e+002	  5.1292314796037533e+002	
  3.1200000000000000e+003	 -1.5859012936138816e+002	  5.2143890717930742e+002	
  3.1500000000000000e+003	 -1.4967113907788274e+002	  5.2639251884901751e+002	
  3.1800000000000000e+003	 -1.5912794799246677e+002	  5.1604002042883803e+002	
  3.2100000000000000e+003	 -1.6414765231562055e+002	  5.1815505357587529e+002	
  3.2400000000000000e+003	 -1.5038824179917719e+002	  5.3986188833508800e+002	
  3.2700000000000000e+003	 -1.5123980803080764e+002	  5.2667081088956229e+002	
  3.3000000000000000e+003	 -1.5168799977689355e+002	  5.3195836991032252e+002	
  3.3300000000000000e+003	 -1.5540797494845609e+002	  5.2616988133380107e+002	
  3.3600000000000000e+003	 -1.5119497114779591e+002	  5.1748714533798761e+002	
  3.3900000000000000e+003	 -1.4254493594595982e+002	  5.5550193637280836e+002	
  3.4200000000000000e+003	 -1.2844737689455468e+002	  5.5230410201912900e+002	
  3.4500000000000000e+003	 -1.2992392063569849e+002	  5.2889715636215089e+002	
  3.4800000000000000e+003	 -9.7457080315946911e+001	  5.8962063046106982e+002	
  3.5100000000000000e+003	 -1.3136707940985738e+002	  5.4378024845824291e+002	
  3.5400000000000000e+003	 -1.6966039064290476e+002	  4.9040369146360206e+002	
  3.5700000000000000e+003	 -1.5123085040615825e+002	  5.4263368609174211e+002	
  3.6000000000000000e+003	 -1.2567507054005281e+002	  5.4101957968965655e+002	
  3.6300000000000000e+003	 -8.4101083902396041e+001	  5.8839615011923092e+002	
  3.6600000000000000e+003	 -1.0364720560826727e+002	  5.9230064866719181e+002	
  3.6900000000000000e+003	 -1.4875364031412391e+002	  6.0131102993171703e+002	
  3.7200000000000000e+003	 -1.6441654083311568e+002	  5.1915690839558999e+002	
  3.7500000000000000e+003	 -1.5688698779958398e+002	  5.7036277434690044e+002	
  3.7800000000000000e+003	 -1.5859009351370264e+002	  5.9440726859889196e+002	
  3.8100000000000000e+003	 -1.5661806197355563e+002	  5.3262628018818043e+002	
  3.8400000000000000e+003	 -1.3698738615859051e+002	  5.5678208426843628e+002	
  3.8700000000000000e+003	 -1.5643882919633930e+002	  5.5155018440041977e+002	
  3.9000000000000000e+003	 -1.5123981925074301e+002	  5.1826637034945782e+002	
  3.9300000000000000e+003	 -1.5339109775726672e+002	  5.3574314907809685e+002	
  3.9600000000000000e+003	 -1.5912792055863702e+002	  5.6791379271738003e+002	
  3.9900000000000000e+003	 -1.5814190643417564e+002	  5.6490823962812158e+002	
  4.0200000000000000e+003	 -1.5599059903064241e+002	  5.3863740160348607e+002	
  4.0500000000000000e+003	 -1.5608026702226121e+002	  5.2116061432635991e+002	
  4.0800000000000000e+003	 -1.5025379997638939e+002	  5.1392500700833637e+002	
  4.1100000000000000e+003	 -1.5885903563635691e+002	  5.1860031191189910e+002	
  4.1400000000000000e+003	 -1.6038287635468996e+002	  5.1503817189741426e+002	
  4.1700000000000000e+003	 -1.5876940095329519e+002	  5.0290459702044012e+002	
  4.2000000000000000e+003	 -1.6101033264831958e+002	  5.2238510642763242e+002	
  4.2300000000000000e+003	 -1.4613043331602682e+002	  5.1459289299342777e+002	
  4.2600000000000000e+003	 -1.5276362490049848e+002	  5.1837768196968159e+002	
  4.2900000000000000e+003	 -1.4648899402888537e+002	  5.2093797753981437e+002	
  4.3200000000000000e+003	 -1.4541333046697730e+002	  5.1069680695621298e+002	
  4.3500000000000000e+003	 -1.5903832383096810e+002	  4.9288607221636255e+002	
  4.3800000000000000e+003	 -1.5536316004084424e+002	  5.1091943362773907e+002	
  4.4100000000000000e+003	 -1.5177762606594405e+002	  5.2783965380983466e+002	
  4.4400000000000000e+003	 -1.5303253646223988e+002	  5.4954646840022997e+002	
  4.4700000000000000e+003	 -1.5249471298979938e+002	  5.4709750479804347e+002	
  4.5000000000000000e+003	 -1.5518387481671184e+002	  5.1270050801612331e+002	
  4.5300000000000000e+003	 -1.5715591323818771e+002	  5.2060402601564545e+002	
  4.5600000000000000e+003	 -1.5885903563635691e+002	  5.1637397876407613e+002	
  4.5900000000000000e+003	 -1.5500461531385005e+002	  4.9934246806611640e+002	
  4.6200000000000000e+003	 -1.6127927128431580e+002	  4.8286753515586406e+002	
  4.6500000000000000e+003	 -1.6620516335325371e+002	  4.8015743187957565e+002	
  4.6800000000000000e+003	 -1.8098283956006753e+002	  4.7202712205071055e+002	
  4.7100000000000000e+003	 -1.9576051576688130e+002	  4.6389681222184538e+002	
  4.7400000000000000e+003	 -2.1053819197369509e+002	  4.5576650239298027e+002	
  4.7700000000000000e+003	 -2.2531586818050889e+002	  4.4763619256411499e+002	
  4.8000000000000000e+003	 -2.4009354438732271e+002	  4.3950588273524988e+002	
  4.8300000000000000e+003	 -2.5487122059413650e+002	  4.3137557290638478e+002	
  4.8600000000000000e+003	 -1.8639579121237898e+002	  4.6207349624175652e+002	
  4.8900000000000000e+003	 -1.2162348410785557e+002	  4.9266344211133247e+002	
  4.9200000000000000e+003	 -1.3474641924308224e+002	  4.7750205167472251e+002	
  4.9500000000000000e+003	 -1.4629181808013840e+002	  4.6398815158179804e+002	
  4.9800000000000000e+003	 -1.4232980665072358e+002	  4.6503454272007457e+002	
  5.0100000000000000e+003	 -1.2069126122228695e+002	  4.5835550722969617e+002	
  5.0400000000000000e+003	 -1.3598344563159097e+002	  4.4795849517313172e+002	
  5.0700000000000000e+003	 -1.1212181580151750e+002	  4.5608462960910703e+002	
  5.1000000000000000e+003	 -1.1404006936752475e+002	  4.5626274373030117e+002	
  5.1300000000000000e+003	 -1.0168800027212811e+002	  4.6534621524752203e+002	
  5.1600000000000000e+003	 -1.1050839070338429e+002	  4.6189538993517709e+002	
  5.1900000000000000e+003	 -1.2323691848039986e+002	  4.2099748171783085e+002	
  5.2200000000000000e+003	 -1.2395402251716996e+002	  4.2792140897361588e+002	
  5.2500000000000000e+003	 -1.2614119612964888e+002	  4.2847799943646385e+002	
  5.2800000000000000e+003	 -1.0796265237701019e+002	  4.7008832715977240e+002	
  5.3100000000000000e+003	 -1.1355605543892140e+002	  4.7636660993263632e+002	
  5.3400000000000000e+003	 -1.1439863620731008e+002	  4.8173209344847464e+002	
  5.3700000000000000e+003	 -1.0539900827798942e+002	  4.7382859200542805e+002	
  5.4000000000000000e+003	 -1.0382140930448665e+002	  4.7253730570512869e+002	
  5.4300000000000000e+003	 -1.0287117937943476e+002	  4.7137961280637154e+002	
  5.4600000000000000e+003	 -9.9733902702035351e+001	  4.7242598661141147e+002	
  5.4900000000000000e+003	 -1.0970165206029553e+002	  4.7516438806077241e+002	
  5.5200000000000000e+003	 -1.0577549931747417e+002	  4.7349463519685241e+002	
  5.5500000000000000e+003	 -1.1063384981890663e+002	  4.5648537531798377e+002	
  5.5800000000000000e+003	 -1.1002430696227592e+002	  4.7122375642593425e+002	
  5.6100000000000000e+003	 -1.1945424727813811e+002	  4.6904194604948390e+002	
  5.6400000000000000e+003	 -1.0962992670602785e+002	  4.6650391665509289e+002	
  5.6700000000000000e+003	 -1.0330147214910326e+002	  4.5477109194489822e+002	
  5.7000000000000000e+003	 -9.3495090466848779e+001	  4.2420342021402973e+002	
  5.7300000000000000e+003	 -7.7629172094330514e+001	  3.9430363689704984e+002	
  5.7600000000000000e+003	 -5.1885162525162912e+001	  3.6927955738855309e+002	
  5.7900000000000000e+003	 -5.2512671620737386e+001	  3.4336494039151302e+002	
  5.8200000000000000e+003	 -7.2143391583130011e+001	  3.2341690665244795e+002	
  5.8500000000000000e+003	 -1.1312578354623642e+002	  2.9877130512983774e+002	
  5.8800000000000000e+003	 -2.7216581677624639e+001	  3.4683803858986636e+002	
  5.9100000000000000e+003	 -2.1820630526811890e+001	  3.4643729408744838e+002	
  5.9400000000000000e+003	 -1.7625608939220893e+001	  3.5554302319767396e+002	
  5.9700000000000000e+003	 -1.0847981065565397e+001	  3.5489739886086852e+002	
  6.0000000000000000e+003	 -2.2340508338027668e+001	  3.4096049696042093e+002	
  6.0300000000000000e+003	 -2.3236961881358805e+001	  3.4214045259293437e+002	
  6.0600000000000000e+003	 -2.2484017343844812e+001	  3.4084917177104177e+002	
  6.0900000000000000e+003	 -1.4667467146163043e+001	  3.4325362338852381e+002	
  6.1200000000000000e+003	 -1.4398595316724629e+001	  3.5318311435622047e+002	
  6.1500000000000000e+003	 -1.2533914458492285e+001	  3.5861538968388612e+002	
  6.1800000000000000e+003	 -6.1876171446250421e+000	  3.5073412812356383e+002	
  6.2100000000000000e+003	 -1.1440641546874874e+001	  3.5073413204720316e+002	
  6.2400000000000000e+003	 -1.0454441598530630e+001	  3.6144283831028213e+002	
  6.2700000000000000e+003	 -6.4028143211660717e+000	  3.4755046888852399e+002	
  6.3000000000000000e+003	 -3.4087580611386699e+000	  3.5447438422663629e+002	
  6.3300000000000000e+003	 -1.1261093698382762e+001	  3.4795121378155437e+002	
  6.3600000000000000e+003	 -2.7086015284548459e+000	  3.5213673242675912e+002	
  6.3900000000000000e+003	  4.5684205017313761e+000	  3.4706066304095327e+002	
  6.4200000000000000e+003	 -3.3370554321842789e+000	  3.6309033399409361e+002	
  6.4500000000000000e+003	  2.7399848586514586e+000	  3.5886027865832085e+002	
  6.4800000000000000e+003	  1.6920577481734387e+001	  3.3559500786403441e+002	
  6.5100000000000000e+003	 -7.3761382253490648e-001	  3.4194009130818347e+002	
  6.5400000000000000e+003	 -4.4129499909344361e+000	  3.5006623317781282e+002	
  6.5700000000000000e+003	  2.1284153972104791e+000	  3.5892816043830334e+002	
  6.6000000000000000e+003	  1.5889863663547553e+001	  3.8284912006346627e+002	
  6.6300000000000000e+003	  1.8504634826585157e+001	  3.8782280475491530e+002	
  6.6600000000000000e+003	  1.2949872720646942e+001	  3.5721972321973067e+002	
  6.6900000000000000e+003	 -4.6284418944081445e+000	  3.6881203123167404e+002	
  6.7200000000000000e+003	 -2.0995795635411817e+001	  4.3143903071493935e+002	
  6.7500000000000000e+003	  8.7632495245382707e+000	  2.7359139409197650e+002	
  6.7800000000000000e+003	  4.5500056326670650e+000	  3.0698650469836610e+002	
  6.8100000000000000e+003	  1.2349298816186909e+001	  2.9897167078523785e+002	
  6.8400000000000000e+003	  2.4005732756057414e+000	  3.0164329807432853e+002	
  6.8700000000000000e+003	  1.0646132883119648e+001	  2.9685666226796070e+002	
  6.9000000000000000e+003	  1.3156035768217501e+001	  3.2379539101717069e+002	
  6.9300000000000000e+003	  4.8199231052727569e+000	  3.2234825739299606e+002	
  6.9600000000000000e+003	 -7.3715453459270153e+000	  3.3771003786363201e+002	
  6.9900000000000000e+003	 -9.9705561105016915e+000	  3.7032594420914586e+002	
  7.0200000000000000e+003	 -5.6674213748131717e+000	  3.4394379126410530e+002	
  7.0500000000000000e+003	 -3.6955622590582884e+000	  3.6197715202153637e+002	
  7.0800000000000000e+003	 -1.0150123144242764e+001	  3.4360983060311167e+002	
  7.1100000000000000e+003	 -5.8478326059148502e+000	  3.3192153492624567e+002	
  7.1400000000000000e+003	 -4.1254195978427148e+001	  2.5277508780458504e+002	
  7.1700000000000000e+003	  7.1599839378964262e+001	  2.9741323271950648e+002	
  7.2000000000000000e+003	  2.6422377935211241e+001	  3.2424066423398165e+002	
  7.2300000000000000e+003	  4.5515141104926222e+001	  3.0765443510427122e+002	
  7.2600000000000000e+003	  2.6678888770970564e+000	  3.3670816965401923e+002	
  7.2900000000000000e+003	 -1.1942512173433215e+001	  3.6242244436603971e+002	
  7.3200000000000000e+003	 -1.2569684065291147e+001	  3.6253373182232338e+002	
  7.3500000000000000e+003	 -2.4283582073913927e+001	  3.6825052944151605e+002	
  7.3800000000000000e+003	 -3.6351011317283465e+001	  3.7367658260434399e+002	
  7.4100000000000000e+003	 -6.6433398179030206e+001	  3.7452260191679915e+002	
  7.4400000000000000e+003	 -9.4732110183649240e+001	  3.9250030912180762e+002	
  7.4700000000000000e+003	 -1.0902933142747224e+002	  3.8953928119708957e+002	
  7.5000000000000000e+003	 -1.0865171360908352e+002	  3.8903505416070902e+002	
  7.5300000000000000e+003	 -7.0700753086795956e+001	  4.1598633318729463e+002	
  7.5600000000000000e+003	 -3.2749792564508411e+001	  4.4293761221388024e+002	
  7.5900000000000000e+003	 -9.7546755330212022e+001	  4.2865610198619379e+002	
  7.6200000000000000e+003	 -1.5106054338123147e+002	  4.8286753515586406e+002	
  7.6500000000000000e+003	 -1.6683677024809225e+002	  5.0824782203564320e+002	
  7.6800000000000000e+003	 -1.5123981925074301e+002	  5.3941662326793346e+002	
  7.7100000000000000e+003	 -1.7517312855686146e+002	  5.7548335183762174e+002	
  7.7400000000000000e+003	 -1.9910640967825333e+002	  6.1667069301569302e+002	
  7.7700000000000000e+003	 -2.0699456026447712e+002	  6.5251479087787322e+002	
  7.8000000000000000e+003	 -1.7436636569006038e+002	  6.7288581446689705e+002	
  7.8300000000000000e+003	 -1.4810244762677860e+002	  7.0583567925322961e+002	
  7.8600000000000000e+003	 -1.3564279524495109e+002	  7.3021412660866758e+002	
  7.8900000000000000e+003	 -1.3169876585179892e+002	  7.3800632879143393e+002	
  7.9200000000000000e+003	 -8.1949715566998009e+001	  7.4245900810337992e+002	
  7.9500000000000000e+003	  1.1041303699145540e+002	  8.1826595175034606e+002	
  7.9800000000000000e+003	  3.3334239190002882e+002	  7.6539033231097267e+002	
  8.0100000000000000e+003	  5.4157111839707011e+002	  4.4101230380720477e+002	
  8.0400000000000000e+003	  5.5645100965070151e+002	  4.2676370791563602e+002	
  8.0700000000000000e+003	  5.5725774249975086e+002	  4.2386946195423945e+002	
  8.1000000000000000e+003	  5.5824376433764894e+002	  4.3388801840607789e+002	
  8.1300000000000000e+003	  7.1753021963156914e+002	  5.2049271328777343e+002	
  8.1600000000000000e+003	  1.1843641331172773e+003	  8.5856274259113229e+002	
  8.1900000000000000e+003	  1.3553931561570705e+003	  9.6832140394032649e+002	
  8.2200000000000000e+003	  1.3529729329361558e+003	  9.6776482259576926e+002	
  8.2500000000000000e+003	  1.3953716353975592e+003	  1.1388592008158641e+003	
  8.2800000000000000e+003	  1.3211514908314814e+003	  1.6237564890613951e+003	
  8.3100000000000000e+003	  1.3232131642773252e+003	  2.1135517298581908e+003	
  8.3400000000000000e+003	  1.3233924424558131e+003	  2.1521787605900422e+003	
  8.3700000000000000e+003	  1.3241095443694971e+003	  2.1550730035200513e+003	
  8.4000000000000000e+003	  1.3201654802378034e+003	  2.3136998698026241e+003	
  8.4300000000000000e+003	  1.3489392270105695e+003	  2.5361114371021654e+003	
  8.4600000000000000e+003	  1.3540485858788686e+003	  2.5290984600593106e+003	
  8.4900000000000000e+003	  1.3503734354917831e+003	  2.5240891901864725e+003	
  8.5200000000000000e+003	  1.3497459702592655e+003	  2.5236439228295644e+003	
  8.5500000000000000e+003	  1.3487599558921793e+003	  2.5228646997924734e+003	
  8.5800000000000000e+003	  1.3489392270105695e+003	  2.5561485164890310e+003	
  8.6100000000000000e+003	  1.3511801714083042e+003	  2.5672802246214669e+003	
  8.6400000000000000e+003	  1.3544071381997148e+003	  2.5551466619286371e+003	
  8.6700000000000000e+003	  1.3544071381997148e+003	  2.5551466619286371e+003	
  8.7000000000000000e+003	  1.3544071381997148e+003	  2.5551466619286371e+003	
  8.7300000000000000e+003	  1.3544071381997148e+003	  2.5551466619286371e+003	
  8.7600000000000000e+003	  1.3544071381997148e+003	  2.5551466619286371e+003	
  8.7900000000000000e+003	  1.3544071381997148e+003	  2.5551466619286371e+003	
  8.8200000000000000e+003	  1.3544071381997148e+003	  2.5551466619286371e+003	
  8.8500000000000000e+003	  1.3544071381997148e+003	  2.5551466619286371e+003	
  8.8800000000000000e+003	  1.3544071381997148e+003	  2.5551466619286371e+003	
  8.9100000000000000e+003	  1.3544071381997148e+003	  2.5551466619286371e+003	
  8.9400000000000000e+003	  1.3544071381997148e+003	  2.5551466619286371e+003	
  8.9700000000000000e+003	  1.3544071381997148e+003	  2.5551466619286371e+003	
  9.0000000000000000e+003	  1.3544071381997148e+003	  2.5551466619286371e+003	
  9.0300000000000000e+003	  1.3544071381997148e+003	  2.5551466619286371e+003	
  9.0600000000000000e+003	  1.3544071381997148e+003	  2.5551466619286371e+003	
  9.0900000000000000e+003	  1.3544071381997148e+003	  2.5551466619286371e+003	
  9.1200000000000000e+003	  1.3544071381997148e+003	  2.5551466619286371e+003	
  9.1500000000000000e+003	  1.3544071381997148e+003	  2.5551466619286371e+003	
  9.1800000000000000e+003	  1.3544071381997148e+003	  2.5551466619286371e+003	
  9.2100000000000000e+003	  1.3544071381997148e+003	  2.5551466619286371e+003	
  9.2400000000000000e+003	  1.3544071381997148e+003	  2.5551466619286371e+003	
  9.2700000000000000e+003	  1.3544071381997148e+003	  2.5551466619286371e+003	
  9.3000000000000000e+003	  1.3544071381997148e+003	  2.5551466619286371e+003	
  9.3300000000000000e+003	  1.3544071381997148e+003	  2.5551466619286371e+003	
  9.3600000000000000e+003	  1.3544071381997148e+003	  2.5551466619286371e+003	
  9.3900000000000000e+003	  1.3544071381997148e+003	  2.5551466619286371e+003	
  9.4200000000000000e+003	  1.3544071381997148e+003	  2.5551466619286371e+003	
  9.4500000000000000e+003	  1.3544071381997148e+003	  2.5551466619286371e+003	
  9.4800000000000000e+003	  1.3544071381997148e+003	  2.5551466619286371e+003	
  9.5100000000000000e+003	  1.3544071381997148e+003	  2.5551466619286371e+003	
  9.5400000000000000e+003	  1.3544071381997148e+003	  2.5551466619286371e+003	
  9.5700000000000000e+003	  1.3544071381997148e+003	  2.5551466619286371e+003	
  9.6000000000000000e+003	  1.3544071381997148e+003	  2.5551466619286371e+003	
  9.6300000000000000e+003	  1.3544071381997148e+003	  2.5551466619286371e+003	
  9.6600000000000000e+003	  1.3544071381997148e+003	  2.5551466619286371e+003	
  9.6900000000000000e+003	  1.3544071381997148e+003	  2.5551466619286371e+003	
  9.7200000000000000e+003	  1.3544071381997148e+003	  2.5551466619286371e+003	
  9.7500000000000000e+003	  1.3544071381997148e+003	  2.5551466619286371e+003	
  9.7800000000000000e+003	  1.3544071381997148e+003	  2.5551466619286371e+003	
  9.8100000000000000e+003	  1.3544071381997148e+003	  2.5551466619286371e+003	
  9.8400000000000000e+003	  1.3544071381997148e+003	  2.5551466619286371e+003	
  9.8700000000000000e+003	  1.3544071381997148e+003	  2.5551466619286371e+003	
  9.9000000000000000e+003	  1.3544071381997148e+003	  2.5551466619286371e+003	
  9.9300000000000000e+003	  1.3544071381997148e+003	  2.5551466619286371e+003	
  9.9600000000000000e+003	  1.3544071381997148e+003	  2.5551466619286371e+003	
  9.9900000000000000e+003	  1.3544071381997148e+003	  2.5551466619286371e+003	
  1.0020000000000000e+004	  1.3544071381997148e+003	  2.5551466619286371e+003	
  1.0050000000000000e+004	  1.3544071381997148e+003	  2.5551466619286371e+003	
  1.0080000000000000e+004	  1.3544071381997148e+003	  2.5551466619286371e+003	
  1.0110000000000000e+004	  1.3544071381997148e+003	  2.5551466619286371e+003	
  1.0140000000000000e+004	  1.3544071381997148e+003	  2.5551466619286371e+003	
  1.0170000000000000e+004	  1.3544071381997148e+003	  2.5551466619286371e+003	
  1.0200000000000000e+004	  1.3544071381997148e+003	  2.5551466619286371e+003	
  1.0230000000000000e+004	  1.3544071381997148e+003	  2.5551466619286371e+003	
  1.0260000000000000e+004	  1.3544071381997148e+003	  2.5551466619286371e+003	
  1.0290000000000000e+004	  1.3544071381997148e+003	  2.5551466619286371e+003	
  1.0320000000000000e+004	  1.3544071381997148e+003	  2.5551466619286371e+003	
  1.0350000000000000e+004	  1.3544071381997148e+003	  2.5551466619286371e+003	
  1.0380000000000000e+004	  1.3544071381997148e+003	  2.5551466619286371e+003	
  1.0410000000000000e+004	  1.3544071381997148e+003	  2.5551466619286371e+003	
  1.0440000000000000e+004	  1.3544071381997148e+003	  2.5551466619286371e+003	
  1.0470000000000000e+004	  1.3544071381997148e+003	  2.5551466619286371e+003	
  1.0500000000000000e+004	  1.3544071381997148e+003	  2.5551466619286371e+003	
  1.0530000000000000e+004	  1.3544071381997148e+003	  2.5551466619286371e+003	
  1.0560000000000000e+004	  1.3544071381997148e+003	  2.5551466619286371e+003	
  1.0590000000000000e+004	  1.3544071381997148e+003	  2.5551466619286371e+003	
  1.0620000000000000e+004	  1.3544071381997148e+003	  2.5551466619286371e+003	
  1.0650000000000000e+004	  1.3544071381997148e+003	  2.5551466619286371e+003	
  1.0680000000000000e+004	  1.3544071381997148e+003	  2.5551466619286371e+003	
  1.0710000000000000e+004	  1.3544071381997148e+003	  2.5551466619286371e+003	
  1.0740000000000000e+004	  1.3544071381997148e+003	  2.5551466619286371e+003	
  1.0770000000000000e+004	  1.3544071381997148e+003	  2.5551466619286371e+003	
  1.0800000000000000e+004	  1.3544071381997148e+003	  2.5551466619286371e+003	
  1.0830000000000000e+004	  1.3544071381997148e+003	  2.5551466619286371e+003	
  1.0860000000000000e+004	  1.3544071381997148e+003	  2.5551466619286371e+003	
  1.0890000000000000e+004	  1.3544071381997148e+003	  2.5551466619286371e+003	
  1.0920000000000000e+004	  1.3544071381997148e+003	  2.5551466619286371e+003	
  1.0950000000000000e+004	  1.3544071381997148e+003	  2.5551466619286371e+003	
  1.0980000000000000e+004	  1.3544071381997148e+003	  2.5551466619286371e+003	
  1.1010000000000000e+004	  1.3544071381997148e+003	  2.5551466619286371e+003	
  1.1040000000000000e+004	  1.3544071381997148e+003	  2.5551466619286371e+003	
  1.1070000000000000e+004	  1.3544071381997148e+003	  2.5551466619286371e+003	
  1.1100000000000000e+004	  1.3544071381997148e+003	  2.5551466619286371e+003	
  1.1130000000000000e+004	  1.3544071381997148e+003	  2.5551466619286371e+003	
  1.1160000000000000e+004	  1.3544071381997148e+003	  2.5551466619286371e+003	
  1.1190000000000000e+004	  1.3544071381997148e+003	  2.5551466619286371e+003	
  1.1220000000000000e+004	  1.3544071381997148e+003	  2.5551466619286371e+003	
  1.1250000000000000e+004	  1.3544071381997148e+003	  2.5551466619286371e+003	
  1.1280000000000000e+004	  1.3544071381997148e+003	  2.5551466619286371e+003	
  1.1310000000000000e+004	  1.3544071381997148e+003	  2.5551466619286371e+003	
  1.1340000000000000e+004	  1.3544071381997148e+003	  2.5551466619286371e+003	
  1.1370000000000000e+004	  1.3544071381997148e+003	  2.5551466619286371e+003	
  1.1400000000000000e+004	  1.3544071381997148e+003	  2.5551466619286371e+003	
  1.1430000000000000e+004	  1.3544071381997148e+003	  2.5551466619286371e+003	
  1.1460000000000000e+004	  1.3544071381997148e+003	  2.5551466619286371e+003	
  1.1490000000000000e+004	  1.3544071381997148e+003	  2.5551466619286371e+003	
  1.1520000000000000e+004	  1.3544071381997148e+003	  2.5551466619286371e+003	
  1.1550000000000000e+004	  1.3544071381997148e+003	  2.5551466619286371e+003	
  1.1580000000000000e+004	  1.3544071381997148e+003	  2.5551466619286371e+003	
  1.1610000000000000e+004	  1.3544071381997148e+003	  2.5551466619286371e+003	
  1.1640000000000000e+004	  1.3544071381997148e+003	  2.5551466619286371e+003	
  1.1670000000000000e+004	  1.3544071381997148e+003	  2.5551466619286371e+003	
  1.1700000000000000e+004	  1.3544071381997148e+003	  2.5551466619286371e+003	
  1.1730000000000000e+004	  1.3544071381997148e+003	  2.5551466619286371e+003	
  1.1760000000000000e+004	  1.3544071381997148e+003	  2.5551466619286371e+003	
  1.1790000000000000e+004	  1.3544071381997148e+003	  2.5551466619286371e+003	
  1.1820000000000000e+004	  1.3544071381997148e+003	  2.5551466619286371e+003	
  1.1850000000000000e+004	  1.3544071381997148e+003	  2.5551466619286371e+003	
  1.1880000000000000e+004	  1.3544071381997148e+003	  2.5551466619286371e+003	
  1.1910000000000000e+004	  1.3544071381997148e+003	  2.5551466619286371e+003	
  1.1940000000000000e+004	  1.3544071381997148e+003	  2.5551466619286371e+003	
  1.1970000000000000e+004	  1.3544071381997148e+003	  2.5551466619286371e+003	
  1.2000000000000000e+004	  1.3544071381997148e+003	  2.5551466619286371e+003	
  1.2030000000000000e+004	  1.3544071381997148e+003	  2.5551466619286371e+003	
  1.2060000000000000e+004	  1.3544071381997148e+003	  2.5551466619286371e+003	
  1.2090000000000000e+004	  1.3544071381997148e+003	  2.5551466619286371e+003	
  1.2120000000000000e+004	  1.3544071381997148e+003	  2.5551466619286371e+003	
  1.2150000000000000e+004	  1.3544071381997148e+003	  2.5551466619286371e+003	
  1.2180000000000000e+004	  1.3544071381997148e+003	  2.5551466619286371e+003	
  1.2210000000000000e+004	  1.3544071381997148e+003	  2.5551466619286371e+003	
  1.2240000000000000e+004	  1.3544071381997148e+003	  2.5551466619286371e+003	
  1.2270000000000000e+004	  1.3544071381997148e+003	  2.5551466619286371e+003	
  1.2300000000000000e+004	  1.3544071381997148e+003	  2.5551466619286371e+003	
  1.2330000000000000e+004	  1.3544071381997148e+003	  2.5551466619286371e+003	
  1.2360000000000000e+004	  1.3544071381997148e+003	  2.5551466619286371e+003	
  1.2390000000000000e+004	  1.3544071381997148e+003	  2.5551466619286371e+003	
  1.2420000000000000e+004	  1.3544071381997148e+003	  2.5551466619286371e+003	
  1.2450000000000000e+004	  1.3544071381997148e+003	  2.5551466619286371e+003	
  1.2480000000000000e+004	  1.3544071381997148e+003	  2.5551466619286371e+003	
  1.2510000000000000e+004	  1.3544071381997148e+003	  2.5551466619286371e+003	
  1.2540000000000000e+004	  1.3544071381997148e+003	  2.5551466619286371e+003	
  1.2570000000000000e+004	  1.3544071381997148e+003	  2.5551466619286371e+003	
  1.2600000000000000e+004	  1.3544071381997148e+003	  2.5551466619286371e+003	
  1.2630000000000000e+004	  1.3544071381997148e+003	  2.5551466619286371e+003	
  1.2660000000000000e+004	  1.3544071381997148e+003	  2.5551466619286371e+003	
  1.2690000000000000e+004	  1.3544071381997148e+003	  2.5551466619286371e+003	
  1.2720000000000000e+004	  1.3544071381997148e+003	  2.5551466619286371e+003	
  1.2750000000000000e+004	  1.3544071381997148e+003	  2.5551466619286371e+003	
  1.2780000000000000e+004	  1.3544071381997148e+003	  2.5551466619286371e+003	
  1.2810000000000000e+004	  1.3544071381997148e+003	  2.5551466619286371e+003	
  1.2840000000000000e+004	  1.3544071381997148e+003	  2.5551466619286371e+003	
  1.2870000000000000e+004	  1.3544071381997148e+003	  2.5551466619286371e+003	
  1.2900000000000000e+004	  1.3544071381997148e+003	  2.5551466619286371e+003	
  1.2930000000000000e+004	  1.3544071381997148e+003	  2.5551466619286371e+003	
  1.2960000000000000e+004	  1.3544071381997148e+003	  2.5551466619286371e+003	
  1.2990000000000000e+004	  1.3544071381997148e+003	  2.5551466619286371e+003	
  1.3020000000000000e+004	  1.3566194396982514e+003	  2.5729129010703373e+003	
  1.3050000000000000e+004	  1.3433368631952994e+003	  2.5682041568962882e+003	
  1.3080000000000000e+004	  1.3053752312428360e+003	  2.5637848670376225e+003	
  1.3110000000000000e+004	  1.2985358670434275e+003	  2.5540780180802176e+003	
  1.3140000000000000e+004	  1.2946097259585461e+003	  2.5374027154817591e+003	
  1.3170000000000000e+004	  1.3081540034142349e+003	  2.5131467205337699e+003	
  1.3200000000000000e+004	  1.3132544012911651e+003	  2.4888461959492970e+003	
  1.3230000000000000e+004	  1.3135143517809945e+003	  2.4665048556072561e+003	
  1.3260000000000000e+004	  1.3135770983874627e+003	  2.4669055963287019e+003	
  1.3290000000000000e+004	  1.3210349637832048e+003	  2.4617850107390464e+003	
  1.3320000000000000e+004	  1.3239930164484654e+003	  2.4514436506623210e+003	
  1.3350000000000000e+004	  1.3150740526131506e+003	  2.4665271191133788e+003	
  1.3380000000000000e+004	  1.3133709308481343e+003	  2.4657033707966807e+003	
  1.3410000000000000e+004	  1.3127524306084379e+003	  2.4656365811068545e+003	
  1.3440000000000000e+004	  1.3106997233102356e+003	  2.4696217322168632e+003	
  1.3470000000000000e+004	  1.3115602458262906e+003	  2.4713360164223304e+003	
  1.3500000000000000e+004	  1.3097585234153205e+003	  2.4768239503843524e+003	
  1.3530000000000000e+004	  1.3121249637708236e+003	  2.4796291414117577e+003	
  1.3560000000000000e+004	  1.3152533232546480e+003	  2.3002416330409551e+003	
  1.3590000000000000e+004	  1.3037617532677803e+003	  2.2389949655117061e+003	
  1.3620000000000000e+004	  1.3086739084616147e+003	  2.2398409776476092e+003	
  1.3650000000000000e+004	  1.3049718632212916e+003	  2.1901156274228151e+003	
  1.3680000000000000e+004	  1.3086828728835540e+003	  1.8307617669374515e+003	
  1.3710000000000000e+004	  1.3104756247665232e+003	  1.4342168655628684e+003	
  1.3740000000000000e+004	  1.3899933661481086e+003	  1.0235792123312134e+003	
  1.3770000000000000e+004	  1.1760816019398303e+003	  8.5953120472656860e+002	
  1.3800000000000000e+004	  7.2696011806862009e+002	  5.3653351243611587e+002	
  1.3830000000000000e+004	  4.2597414933297404e+002	  5.2713834362117302e+002	
  1.3860000000000000e+004	  2.6245677640979022e+002	  8.5326405243780096e+002	
  1.3890000000000000e+004	  5.0750029934473773e+001	  7.7816953633586149e+002	
  1.3920000000000000e+004	 -1.2995081285862332e+002	  7.4652207894011610e+002	
  1.3950000000000000e+004	 -1.4744813741623960e+002	  7.3372061659043197e+002	
  1.3980000000000000e+004	 -1.5338217314127013e+002	  6.9700823116388392e+002	
  1.4010000000000000e+004	 -1.8177941291895053e+002	  6.7397672745532827e+002	
  1.4040000000000000e+004	 -2.1214870955407690e+002	  6.5157972298408197e+002	
  1.4070000000000000e+004	 -2.0709316459499891e+002	  6.1288590584156464e+002	
  1.4100000000000000e+004	 -1.8760588876851872e+002	  5.8128298102568283e+002	
  1.4130000000000000e+004	 -1.6381601622839867e+002	  5.4429231151777617e+002	
  1.4160000000000000e+004	 -1.4723302162109218e+002	  5.3458546101306251e+002	
  1.4190000000000000e+004	 -1.5273675681911169e+002	  5.0544264232313753e+002	
  1.4220000000000000e+004	 -1.3833196681155567e+002	  4.9811798015043479e+002	
  1.4250000000000000e+004	 -1.3833196681155565e+002	  4.9811798015043473e+002	
  1.4280000000000000e+004	 -1.3833196681155565e+002	  4.9811798015043473e+002	
  1.4310000000000000e+004	 -1.3833196681155565e+002	  4.9811798015043473e+002	
  1.4340000000000000e+004	 -1.3833196681155565e+002	  4.9811798015043473e+002	
  1.4370000000000000e+004	 -1.3833196681155565e+002	  4.9811798015043473e+002	
  1.4400000000000000e+004	 -1.3833196681155565e+002	  4.9811798015043473e+002	
  1.4430000000000000e+004	 -1.3833196681155565e+002	  4.9811798015043473e+002	
  1.4460000000000000e+004	 -1.3833196681155565e+002	  4.9811798015043473e+002	
  1.4490000000000000e+004	 -1.3833196681155565e+002	  4.9811798015043473e+002	
  1.4520000000000000e+004	 -1.3833196681155565e+002	  4.9811798015043473e+002	
  1.4550000000000000e+004	 -1.3833196681155565e+002	  4.9811798015043473e+002	
  1.4580000000000000e+004	 -1.3833196681155565e+002	  4.9811798015043473e+002	
  1.4610000000000000e+004	 -1.3833196681155565e+002	  4.9811798015043473e+002	
  1.4640000000000000e+004	 -1.3833196681155565e+002	  4.9811798015043473e+002	
  1.4670000000000000e+004	 -1.3833196681155565e+002	  4.9811798015043473e+002	
  1.4700000000000000e+004	 -1.3833196681155565e+002	  4.9811798015043473e+002	
  1.4730000000000000e+004	 -1.3833196681155565e+002	  4.9811798015043473e+002	
  1.4760000000000000e+004	 -1.3833196681155565e+002	  4.9811798015043473e+002	
  1.4790000000000000e+004	 -1.3833196681155565e+002	  4.9811798015043473e+002	
  1.4820000000000000e+004	 -1.3833196681155565e+002	  4.9811798015043473e+002	
  1.4850000000000000e+004	 -1.3833196681155565e+002	  4.9811798015043473e+002	
  1.4880000000000000e+004	 -1.3833196681155565e+002	  4.9811798015043473e+002	
  1.4910000000000000e+004	 -1.3833196681155565e+002	  4.9811798015043473e+002	
  1.4940000000000000e+004	 -1.3833196681155565e+002	  4.9811798015043473e+002	
  1.4970000000000000e+004	 -1.3833196681155565e+002	  4.9811798015043473e+002	
  1.5000000000000000e+004	 -1.3833196681155565e+002	  4.9811798015043473e+002	
  1.5030000000000000e+004	 -1.3833196681155565e+002	  4.9811798015043473e+002	
  1.5060000000000000e+004	 -1.3833196681155565e+002	  4.9811798015043473e+002	
  1.5090000000000000e+004	 -1.3833196681155565e+002	  4.9811798015043473e+002	
  1.5120000000000000e+004	 -1.3833196681155565e+002	  4.9811798015043473e+002	
  1.5150000000000000e+004	 -1.3833196681155565e+002	  4.9811798015043473e+002	
  1.5180000000000000e+004	 -1.3833196681155565e+002	  4.9811798015043473e+002	
  1.5210000000000000e+004	 -1.3833196681155565e+002	  4.9811798015043473e+002	
  1.5240000000000000e+004	 -1.3833196681155565e+002	  4.9811798015043473e+002	
  1.5270000000000000e+004	 -1.3833196681155565e+002	  4.9811798015043473e+002	
  1.5300000000000000e+004	 -1.3833196681155565e+002	  4.9811798015043473e+002	
  1.5330000000000000e+004	 -1.3833196681155565e+002	  4.9811798015043473e+002	
  1.5360000000000000e+004	 -1.3833196681155565e+002	  4.9811798015043473e+002	
  1.5390000000000000e+004	 -1.3833196681155565e+002	  4.9811798015043473e+002	
  1.5420000000000000e+004	 -1.3833196681155565e+002	  4.9811798015043473e+002	
  1.5450000000000000e+004	 -1.3833196681155565e+002	  4.9811798015043473e+002	
  1.5480000000000000e+004	 -1.3833196681155565e+002	  4.9811798015043473e+002	
  1.5510000000000000e+004	 -1.3833196681155565e+002	  4.9811798015043473e+002	
  1.5540000000000000e+004	 -1.3833196681155565e+002	  4.9811798015043473e+002	
  1.5570000000000000e+004	 -1.3833196681155565e+002	  4.9811798015043473e+002	
  1.5600000000000000e+004	 -1.3833196681155565e+002	  4.9811798015043473e+002	
  1.5630000000000000e+004	 -1.3833196681155565e+002	  4.9811798015043473e+002	
  1.5660000000000000e+004	 -1.3833196681155565e+002	  4.9811798015043473e+002	
  1.5690000000000000e+004	 -1.3833196681155565e+002	  4.9811798015043473e+002	
  1.5720000000000000e+004	 -1.3833196681155565e+002	  4.9811798015043473e+002	
  1.5750000000000000e+004	 -1.3833196681155565e+002	  4.9811798015043473e+002	
  1.5780000000000000e+004	 -1.3833196681155565e+002	  4.9811798015043473e+002	
  1.5810000000000000e+004	 -1.3833196681155565e+002	  4.9811798015043473e+002	
  1.5840000000000000e+004	 -1.3833196681155565e+002	  4.9811798015043473e+002	
  1.5870000000000000e+004	 -1.3833196681155565e+002	  4.9811798015043473e+002	
  1.5900000000000000e+004	 -1.3833196681155565e+002	  4.9811798015043473e+002	
  1.5930000000000000e+004	 -1.3833196681155565e+002	  4.9811798015043473e+002	
  1.5960000000000000e+004	 -1.3833196681155565e+002	  4.9811798015043473e+002	
  1.5990000000000000e+004	 -1.3833196681155565e+002	  4.9811798015043473e+002	
  1.6020000000000000e+004	 -1.3833196681155565e+002	  4.9811798015043473e+002	
  1.6050000000000000e+004	 -1.3833196681155565e+002	  4.9811798015043473e+002	
  1.6080000000000000e+004	 -1.3833196681155565e+002	  4.9811798015043473e+002	
  1.6110000000000000e+004	 -1.3833196681155565e+002	  4.9811798015043473e+002	
  1.6140000000000000e+004	 -1.3833196681155565e+002	  4.9811798015043473e+002	
  1.6170000000000000e+004	 -1.3833196681155565e+002	  4.9811798015043473e+002	
  1.6200000000000000e+004	 -1.3833196681155565e+002	  4.9811798015043473e+002	
  1.6230000000000000e+004	 -1.3833196681155565e+002	  4.9811798015043473e+002	
  1.6260000000000000e+004	 -1.3833196681155565e+002	  4.9811798015043473e+002	
  1.6290000000000000e+004	 -1.3833196681155565e+002	  4.9811798015043473e+002	
  1.6320000000000000e+004	 -1.3833196681155565e+002	  4.9811798015043473e+002	
  1.6350000000000000e+004	 -1.3833196681155565e+002	  4.9811798015043473e+002	
  1.6380000000000000e+004	 -1.3833196681155565e+002	  4.9811798015043473e+002	
  1.6410000000000000e+004	 -1.3833196681155565e+002	  4.9811798015043473e+002	
  1.6440000000000000e+004	 -1.3833196681155565e+002	  4.9811798015043473e+002	
  1.6470000000000000e+004	 -1.3833196681155565e+002	  4.9811798015043473e+002	
  1.6500000000000000e+004	 -1.3833196681155565e+002	  4.9811798015043473e+002	
  1.6530000000000000e+004	 -1.3833196681155565e+002	  4.9811798015043473e+002	
  1.6560000000000000e+004	 -1.3833196681155565e+002	  4.9811798015043473e+002	
  1.6590000000000000e+004	 -1.3833196681155565e+002	  4.9811798015043473e+002	
  1.6620000000000000e+004	 -1.3833196681155565e+002	  4.9811798015043473e+002	
  1.6650000000000000e+004	 -1.3833196681155565e+002	  4.9811798015043473e+002	
  1.6680000000000000e+004	 -1.3833196681155565e+002	  4.9811798015043473e+002	
  1.6710000000000000e+004	 -1.3833196681155565e+002	  4.9811798015043473e+002	
  1.6740000000000000e+004	 -1.3833196681155565e+002	  4.9811798015043473e+002	
  1.6770000000000000e+004	 -1.3833196681155565e+002	  4.9811798015043473e+002	
  1.6800000000000000e+004	 -1.3833196681155565e+002	  4.9811798015043473e+002	
  1.6830000000000000e+004	 -1.3833196681155565e+002	  4.9811798015043473e+002	
  1.6860000000000000e+004	 -1.3833196681155565e+002	  4.9811798015043473e+002	
  1.6890000000000000e+004	 -1.3833196681155565e+002	  4.9811798015043473e+002	
  1.6920000000000000e+004	 -1.3833196681155565e+002	  4.9811798015043473e+002	
  1.6950000000000000e+004	 -1.3833196681155565e+002	  4.9811798015043473e+002	
  1.6980000000000000e+004	 -1.3833196681155565e+002	  4.9811798015043473e+002	
  1.7010000000000000e+004	 -1.3833196681155565e+002	  4.9811798015043473e+002	
  1.7040000000000000e+004	 -1.3833196681155565e+002	  4.9811798015043473e+002	
  1.7070000000000000e+004	 -1.3833196681155565e+002	  4.9811798015043473e+002	
  1.7100000000000000e+004	 -1.3833196681155565e+002	  4.9811798015043473e+002	
  1.7130000000000000e+004	 -1.3833196681155565e+002	  4.9811798015043473e+002	
  1.7160000000000000e+004	 -1.3833196681155565e+002	  4.9811798015043473e+002	
  1.7190000000000000e+004	 -1.3833196681155565e+002	  4.9811798015043473e+002	
  1.7220000000000000e+004	 -1.3833196681155565e+002	  4.9811798015043473e+002	
  1.7250000000000000e+004	 -1.3833196681155565e+002	  4.9811798015043473e+002	
  1.7280000000000000e+004	 -1.3833196681155565e+002	  4.9811798015043473e+002	
  1.7310000000000000e+004	 -1.3833196681155565e+002	  4.9811798015043473e+002	
  1.7340000000000000e+004	 -1.3833196681155565e+002	  4.9811798015043473e+002	
  1.7370000000000000e+004	 -1.3833196681155565e+002	  4.9811798015043473e+002	
  1.7400000000000000e+004	 -1.3833196681155565e+002	  4.9811798015043473e+002	
  1.7430000000000000e+004	 -1.3833196681155565e+002	  4.9811798015043473e+002	
  1.7460000000000000e+004	 -1.3833196681155565e+002	  4.9811798015043473e+002	
  1.7490000000000000e+004	 -1.3833196681155565e+002	  4.9811798015043473e+002	
  1.7520000000000000e+004	 -1.3833196681155565e+002	  4.9811798015043473e+002	
  1.7550000000000000e+004	 -1.3833196681155565e+002	  4.9811798015043473e+002	
  1.7580000000000000e+004	 -1.3833196681155565e+002	  4.9811798015043473e+002	
  1.7610000000000000e+004	 -1.3833196681155565e+002	  4.9811798015043473e+002	
  1.7640000000000000e+004	 -1.3833196681155565e+002	  4.9811798015043473e+002	
  1.7670000000000000e+004	 -1.3833196681155565e+002	  4.9811798015043473e+002	
  1.7700000000000000e+004	 -1.3833196681155565e+002	  4.9811798015043473e+002	
  1.7730000000000000e+004	 -1.3833196681155565e+002	  4.9811798015043473e+002	
  1.7760000000000000e+004	 -1.3833196681155565e+002	  4.9811798015043473e+002	
  1.7790000000000000e+004	 -1.3833196681155565e+002	  4.9811798015043473e+002	
  1.7820000000000000e+004	 -1.3833196681155565e+002	  4.9811798015043473e+002	
  1.7850000000000000e+004	 -1.3833196681155565e+002	  4.9811798015043473e+002	
  1.7880000000000000e+004	 -1.3833196681155565e+002	  4.9811798015043473e+002	
  1.7910000000000000e+004	 -1.3833196681155565e+002	  4.9811798015043473e+002	
  1.7940000000000000e+004	 -1.3833196681155565e+002	  4.9811798015043473e+002	
  1.7970000000000000e+004	 -1.3833196681155565e+002	  4.9811798015043473e+002	
  1.8000000000000000e+004	 -1.3833196681155565e+002	  4.9811798015043473e+002	
  1.8030000000000000e+004	 -1.3833196681155565e+002	  4.9811798015043473e+002	
  1.8060000000000000e+004	 -1.3833196681155565e+002	  4.9811798015043473e+002	
  1.8090000000000000e+004	 -1.3833196681155565e+002	  4.9811798015043473e+002	
  1.8120000000000000e+004	 -1.3833196681155565e+002	  4.9811798015043473e+002	
  1.8150000000000000e+004	 -1.3833196681155565e+002	  4.9811798015043473e+002	
  1.8180000000000000e+004	 -1.3833196681155565e+002	  4.9811798015043473e+002	
  1.8210000000000000e+004	 -1.3833196681155565e+002	  4.9811798015043473e+002	
  1.8240000000000000e+004	 -1.3833196681155565e+002	  4.9811798015043473e+002	
  1.8270000000000000e+004	 -1.3833196681155565e+002	  4.9811798015043473e+002	
  1.8300000000000000e+004	 -1.3833196681155565e+002	  4.9811798015043473e+002	
  1.8330000000000000e+004	 -1.3833196681155565e+002	  4.9811798015043473e+002	
  1.8360000000000000e+004	 -1.3833196681155565e+002	  4.9811798015043473e+002	
  1.8390000000000000e+004	 -1.3833196681155565e+002	  4.9811798015043473e+002	
  1.8420000000000000e+004	 -1.3833196681155565e+002	  4.9811798015043473e+002	
  1.8450000000000000e+004	 -1.3833196681155565e+002	  4.9811798015043473e+002	
  1.8480000000000000e+004	 -1.3833196681155565e+002	  4.9811798015043473e+002	
  1.8510000000000000e+004	 -1.3833196681155565e+002	  4.9811798015043473e+002	
  1.8540000000000000e+004	 -1.3833196681155565e+002	  4.9811798015043473e+002	
  1.8570000000000000e+004	 -1.3833196681155565e+002	  4.9811798015043473e+002	
  1.8600000000000000e+004	 -1.3833196681155565e+002	  4.9811798015043473e+002	
  1.8630000000000000e+004	 -1.3833196681155565e+002	  4.9811798015043473e+002	
  1.8660000000000000e+004	 -1.3833196681155565e+002	  4.9811798015043473e+002	
  1.8690000000000000e+004	 -1.3833196681155565e+002	  4.9811798015043473e+002	
  1.8720000000000000e+004	 -1.3833196681155565e+002	  4.9811798015043473e+002	
  1.8750000000000000e+004	 -1.3833196681155565e+002	  4.9811798015043473e+002	
  1.8780000000000000e+004	 -1.3833196681155565e+002	  4.9811798015043473e+002	
  1.8810000000000000e+004	 -1.3833196681155565e+002	  4.9811798015043473e+002	
  1.8840000000000000e+004	 -1.3833196681155565e+002	  4.9811798015043473e+002	
  1.8870000000000000e+004	 -1.3833196681155565e+002	  4.9811798015043473e+002	
  1.8900000000000000e+004	 -1.3833196681155565e+002	  4.9811798015043473e+002	
  1.8930000000000000e+004	 -1.3833196681155565e+002	  4.9811798015043473e+002	
  1.8960000000000000e+004	 -1.3833196681155565e+002	  4.9811798015043473e+002	
  1.8990000000000000e+004	 -1.3833196681155565e+002	  4.9811798015043473e+002	
  1.9020000000000000e+004	 -1.3833196681155565e+002	  4.9811798015043473e+002	
  1.9050000000000000e+004	 -1.3833196681155565e+002	  4.9811798015043473e+002	
  1.9080000000000000e+004	 -1.3833196681155565e+002	  4.9811798015043473e+002	
  1.9110000000000000e+004	 -1.3833196681155565e+002	  4.9811798015043473e+002	
  1.9140000000000000e+004	 -1.3833196681155565e+002	  4.9811798015043473e+002	
  1.9170000000000000e+004	 -1.3833196681155565e+002	  4.9811798015043473e+002	
  1.9200000000000000e+004	 -1.3833196681155565e+002	  4.9811798015043473e+002	
  1.9230000000000000e+004	 -1.3833196681155565e+002	  4.9811798015043473e+002	
  1.9260000000000000e+004	 -1.3833196681155565e+002	  4.9811798015043473e+002	
  1.9290000000000000e+004	 -1.3833196681155565e+002	  4.9811798015043473e+002	
  1.9320000000000000e+004	 -1.3833196681155565e+002	  4.9811798015043473e+002	
  1.9350000000000000e+004	 -1.3833196681155565e+002	  4.9811798015043473e+002	
  1.9380000000000000e+004	 -1.3833196681155565e+002	  4.9811798015043473e+002	
  1.9410000000000000e+004	 -1.3833196681155565e+002	  4.9811798015043473e+002	
  1.9440000000000000e+004	 -1.2013273144754743e+002	  4.7294652199720127e+002	
  1.9470000000000000e+004	 -1.1883570744394179e+002	  4.5576181364804631e+002	
  1.9500000000000000e+004	 -1.5258436847614871e+002	  4.7540928803455188e+002	
  1.9530000000000000e+004	 -1.2116630805001000e+002	  4.6294177108488020e+002	
  1.9560000000000000e+004	 -1.1507095489370587e+002	  4.2837781262738264e+002	
  1.9590000000000000e+004	 -1.1735671279256390e+002	  4.1941679177072217e+002	
  1.9620000000000000e+004	 -1.1556394042643119e+002	  3.8379530076680163e+002	
  1.9650000000000000e+004	 -1.3209313712683689e+002	  4.4406238126423415e+002	
  1.9680000000000000e+004	 -1.1938248686017741e+002	  4.3370991532594024e+002	
  1.9710000000000000e+004	 -1.5409026750414418e+002	  4.6069317400098288e+002	
  1.9740000000000000e+004	 -1.6360984688128281e+002	  4.6650391786758121e+002	
  1.9770000000000000e+004	 -1.6360984688128281e+002	  4.6650391786758121e+002	
  1.9800000000000000e+004	 -1.6360984688128281e+002	  4.6650391786758121e+002	
  1.9830000000000000e+004	 -1.6360984688128281e+002	  4.6650391786758121e+002	
  1.9860000000000000e+004	 -1.6360984688128281e+002	  4.6650391786758121e+002	
  1.9890000000000000e+004	 -1.6360984688128281e+002	  4.6650391786758121e+002	
  1.9920000000000000e+004	 -1.6360984688128281e+002	  4.6650391786758121e+002	
  1.9950000000000000e+004	 -1.6360984688128281e+002	  4.6650391786758121e+002	
  1.9980000000000000e+004	 -1.6360984688128281e+002	  4.6650391786758121e+002	
  2.0010000000000000e+004	 -1.6360984688128281e+002	  4.6650391786758121e+002	
  2.0040000000000000e+004	 -1.6360984688128281e+002	  4.6650391786758121e+002	
  2.0070000000000000e+004	 -1.6360984688128281e+002	  4.6650391786758121e+002	
  2.0100000000000000e+004	 -1.6360984688128281e+002	  4.6650391786758121e+002	
  2.0130000000000000e+004	 -1.2051194271207547e+002	  4.5572842257873316e+002	
  2.0160000000000000e+004	 -1.0403647092621694e+002	  4.9969867545544560e+002	
  2.0190000000000000e+004	 -1.1023942484508541e+002	  4.8104193581780692e+002	
  2.0220000000000000e+004	 -1.0360622385342819e+002	  4.5241117171382894e+002	
  2.0250000000000000e+004	 -9.6560738063399683e+001	  4.8611799929976769e+002	
  2.0280000000000000e+004	 -8.8278193826550336e+001	  4.9239627410069789e+002	
  2.0310000000000000e+004	 -8.8833937116067048e+001	  5.0054467863611728e+002	
  2.0340000000000000e+004	 -1.7411535148129610e+002	  5.8846293215456387e+002	
  2.0370000000000000e+004	 -6.8719176345370499e+001	  7.3809537836518643e+002	
  2.0400000000000000e+004	  9.3848001166248139e+001	  8.9128996984324999e+002	
  2.0430000000000000e+004	 -1.6056214691362339e+002	  1.0122026038835654e+003	
  2.0460000000000000e+004	 -1.7027887164834590e+002	  1.0646552224408135e+003	
  2.0490000000000000e+004	 -1.7060159665248432e+002	  1.0495160970509110e+003	
  2.0520000000000000e+004	 -2.0331937393903075e+002	  1.0369372645246267e+003	
  2.0550000000000000e+004	 -2.0789094244056341e+002	  1.0478686015872142e+003	
  2.0580000000000000e+004	 -2.2308259242259311e+002	  1.0732256716068878e+003	
  2.0610000000000000e+004	 -2.4378191744886499e+002	  1.0847368271084354e+003	
  2.0640000000000000e+004	 -2.4812039355785137e+002	  1.0761654113325017e+003	
  2.0670000000000000e+004	 -2.5706625788908184e+002	  1.0821765352376074e+003	
  2.0700000000000000e+004	 -2.6126128770592288e+002	  1.0802396168645687e+003	
  2.0730000000000000e+004	 -2.6574319590380190e+002	  1.0828444351828041e+003	
  2.0760000000000000e+004	 -2.6737460022500227e+002	  1.0749186612383430e+003	
  2.0790000000000000e+004	 -2.6547427162432422e+002	  1.0759873038077205e+003	
  2.0820000000000000e+004	 -2.6377115388130585e+002	  1.0804622519809120e+003	
  2.0850000000000000e+004	 -2.5842873474194215e+002	  1.0809965719336858e+003	
  2.0880000000000000e+004	 -2.5686905295370934e+002	  1.0753639303118912e+003	
  2.0910000000000000e+004	 -2.6126128298253951e+002	  1.0692414883817848e+003	
  2.0940000000000000e+004	 -2.5240507545186460e+002	  1.0699984423900689e+003	
  2.0970000000000000e+004	 -2.6190667691130568e+002	  1.0723806281927993e+003	
  2.1000000000000000e+004	 -2.5582925151017034e+002	  1.0764771010542370e+003	
  2.1030000000000000e+004	 -2.6402212945126314e+002	  1.0791709717105364e+003	
  2.1060000000000000e+004	 -2.6317954669019554e+002	  1.0746292316868280e+003	
  2.1090000000000000e+004	 -2.6739254389239130e+002	  1.0605810167040511e+003	
  2.1120000000000000e+004	 -2.6429106814722337e+002	  1.0918611254782813e+003	
  2.1150000000000000e+004	 -2.5835701893407366e+002	  1.0821765345788049e+003	
  2.1180000000000000e+004	 -2.5547070335121967e+002	  1.0711116142600081e+003	
  2.1210000000000000e+004	 -2.5668976290014342e+002	  1.0746292359053957e+003	
  2.1240000000000000e+004	 -2.5263814686681135e+002	  1.0747182902079117e+003	
  2.1270000000000000e+004	 -2.1497230090141056e+002	  1.0683286839672937e+003	
  2.1300000000000000e+004	 -2.0573963244808755e+002	  1.0700874990821742e+003	
  2.1330000000000000e+004	 -2.3221863313193609e+002	  1.0600912218641042e+003	
  2.1360000000000000e+004	 -2.6111787193186893e+002	  1.0852934132746063e+003	
  2.1390000000000000e+004	 -2.6066968026187152e+002	  1.0850707829547914e+003	
  2.1420000000000000e+004	 -2.6205010760287564e+002	  1.0795049246916010e+003	
  2.1450000000000000e+004	 -2.5414406145580497e+002	  1.0701097607053368e+003	
  2.1480000000000000e+004	 -2.5695868961667901e+002	  1.0645884347981059e+003	
  2.1510000000000000e+004	 -2.5763993647416117e+002	  1.0717572516459852e+003	
  2.1540000000000000e+004	 -2.5448468203227608e+002	  1.0794381338665357e+003	
  2.1570000000000000e+004	 -2.5272777083172505e+002	  1.0719353630906376e+003	
  2.1600000000000000e+004	 -2.5134736274515021e+002	  1.0889223525990178e+003	
  2.1630000000000000e+004	 -2.5683319929707568e+002	  1.0774789514505326e+003	
  2.1660000000000000e+004	 -2.5193896290554949e+002	  1.0768333130768090e+003	
  2.1690000000000000e+004	 -2.5039718204765504e+002	  1.0671487252774350e+003	
  2.1720000000000000e+004	 -2.4507271515748275e+002	  1.0571524474160465e+003	
  2.1750000000000000e+004	 -2.4968009787962484e+002	  1.0599799067682354e+003	
  2.1780000000000000e+004	 -2.5188518194478115e+002	  1.0590448386828198e+003	
  2.1810000000000000e+004	 -2.5498665082619837e+002	  1.0832229179285468e+003	
  2.1840000000000000e+004	 -2.5505835496077407e+002	  1.0902358924084635e+003	
  2.1870000000000000e+004	 -2.5183139289013099e+002	  1.0724696823970639e+003	
  2.1900000000000000e+004	 -2.5774748235725258e+002	  1.0751635536036872e+003	
  2.1930000000000000e+004	 -2.6197842194168527e+002	  1.0711784068542433e+003	
  2.1960000000000000e+004	 -2.6084895263684427e+002	  1.0688407491029338e+003	
  2.1990000000000000e+004	 -2.5918169353871309e+002	  1.0756088232969391e+003	
  2.2020000000000000e+004	 -2.5927134252546085e+002	  1.0637424229030814e+003	
  2.2050000000000000e+004	 -2.7560336930697753e+002	  1.0844251396563488e+003	
  2.2080000000000000e+004	 -2.6618241576013850e+002	  1.0710002969639686e+003	
  2.2110000000000000e+004	 -2.6175429805647457e+002	  1.0603249850718037e+003	
  2.2140000000000000e+004	 -2.5218995120320074e+002	  1.0676162560103535e+003	
  2.2170000000000000e+004	 -2.4766324397561903e+002	  1.0713008515132192e+003	
  2.2200000000000000e+004	 -2.4421219033133926e+002	  1.0504288938216246e+003	
  2.2230000000000000e+004	 -2.4389845283926570e+002	  1.0241580625221864e+003	
  2.2260000000000000e+004	 -2.6742839515663718e+002	  1.0504288965802050e+003	
  2.2290000000000000e+004	 -2.6362773822769293e+002	  1.0707887934793366e+003	
  2.2320000000000000e+004	 -2.6107306570217418e+002	  1.0668815650754834e+003	
  2.2350000000000000e+004	 -2.6458685067509998e+002	  1.0667925111171976e+003	
  2.2380000000000000e+004	 -2.5771165160388125e+002	  1.0667034540097698e+003	
  2.2410000000000000e+004	 -2.5901138409427375e+002	  1.0698537350104334e+003	
  2.2440000000000000e+004	 -2.5869765201758526e+002	  1.0729038227670471e+003	
  2.2470000000000000e+004	 -2.5696765016522284e+002	  1.0684066113464685e+003	
  2.2500000000000000e+004	 -2.6019462127036502e+002	  1.0700541005806003e+003	
  2.2530000000000000e+004	 -2.5184038088754423e+002	  1.0798166102202031e+003	
  2.2560000000000000e+004	 -2.5497769317295939e+002	  1.0733045607534991e+003	
  2.2590000000000000e+004	 -2.5681527130635203e+002	  1.0789483351561421e+003	
  2.2620000000000000e+004	 -2.4777977675908892e+002	  1.0789038120385417e+003	
  2.2650000000000000e+004	 -2.2256463880689770e+002	  1.0637869510455580e+003	
  2.2680000000000000e+004	 -2.1947214305789939e+002	  1.0683286860502490e+003	
  2.2710000000000000e+004	 -2.2234052773100348e+002	  1.0717015962146479e+003	
  2.2740000000000000e+004	 -2.5097983668248133e+002	  1.0671598532487815e+003	
  2.2770000000000000e+004	 -2.3995438688637881e+002	  1.0669372239063300e+003	
  2.2800000000000000e+004	 -2.3134017545356056e+002	  1.0548370551969088e+003	
  2.2830000000000000e+004	 -2.1590455624537063e+002	  1.0504177632637366e+003	
  2.2860000000000000e+004	 -2.1261482418636419e+002	  1.0232675240740700e+003	
  2.2890000000000000e+004	 -2.1378909279977796e+002	  1.0089632779641399e+003	
  2.2920000000000000e+004	 -2.2200889776806906e+002	  1.0592563413304465e+003	
  2.2950000000000000e+004	 -2.1357397978518406e+002	  1.0583658037996829e+003	
  2.2980000000000000e+004	 -2.3967650676362069e+002	  1.0735605922852676e+003	
  2.3010000000000000e+004	 -2.4919605104224735e+002	  1.0753973240891523e+003	
  2.3040000000000000e+004	 -2.4457969112906389e+002	  1.0699427837024755e+003	
  2.3070000000000000e+004	 -2.6201426372797619e+002	  1.0482359512594908e+003	
  2.3100000000000000e+004	 -2.4144235848605712e+002	  1.0865067722338174e+003	
  2.3130000000000000e+004	 -2.3863671256918147e+002	  1.0872748540930295e+003	
  2.3160000000000000e+004	 -2.4642622211454619e+002	  1.0741505663168391e+003	
  2.3190000000000000e+004	 -2.6245347476217199e+002	  1.0743620741087902e+003	
  2.3220000000000000e+004	 -2.6556389987737447e+002	  1.0531561646379855e+003	
  2.3250000000000000e+004	 -2.7181167696581366e+002	  1.1269816668269657e+003	
  2.3280000000000000e+004	 -2.7717201688138420e+002	  1.1051969132300128e+003	
  2.3310000000000000e+004	 -2.6756285973424957e+002	  1.0771338709543818e+003	
  2.3340000000000000e+004	 -2.4578980904318661e+002	  1.0393639804136781e+003	
  2.3370000000000000e+004	 -2.4845205013960631e+002	  1.0511747194180248e+003	
  2.3400000000000000e+004	 -2.5253952964598369e+002	  1.0666255320096852e+003	
  2.3430000000000000e+004	 -2.6230110526453001e+002	  1.0659131063053153e+003	
  2.3460000000000000e+004	 -2.5255747856457583e+002	  1.0449632220138712e+003	
  2.3490000000000000e+004	 -2.4698199017938720e+002	  1.0484140575445933e+003	
  2.3520000000000000e+004	 -2.3995437854629782e+002	  1.0385513622573953e+003	
  2.3550000000000000e+004	 -2.4535056330127776e+002	  1.0421691693631044e+003	
  2.3580000000000000e+004	 -2.5669874111983762e+002	  1.0533565350390008e+003	
  2.3610000000000000e+004	 -2.5460121701202630e+002	  1.0522878909567237e+003	
  2.3640000000000000e+004	 -2.4732261744278958e+002	  1.0403769664449355e+003	
  2.3670000000000000e+004	 -2.3956892889186506e+002	  1.0230226285573993e+003	
  2.3700000000000000e+004	 -2.4217738838708928e+002	  1.0197053771206280e+003	
  2.3730000000000000e+004	 -2.3790166009802974e+002	  1.0162434187055785e+003	
  2.3760000000000000e+004	 -2.3056930684610057e+002	  1.0081840567087374e+003	
  2.3790000000000000e+004	 -2.4990419184091715e+002	  1.0422025658505975e+003	
  2.3820000000000000e+004	 -2.5170590465508013e+002	  1.0443732443460060e+003	
  2.3850000000000000e+004	 -2.5101569267910881e+002	  1.0441617463665712e+003	
  2.3880000000000000e+004	 -2.4466035388631744e+002	  1.0340318924285511e+003	
  2.3910000000000000e+004	 -2.4768116485868686e+002	  1.0252378342415007e+003	
  2.3940000000000000e+004	 -2.5355244775650081e+002	  1.0351005306840050e+003	
  2.3970000000000000e+004	 -2.5784610524553790e+002	  1.0284215065634405e+003	
  2.4000000000000000e+004	 -2.5235129112239551e+002	  1.0398983036255247e+003	
  2.4030000000000000e+004	 -9.8075589208241311e+001	  1.0343324438087132e+003	
  2.4060000000000000e+004	 -1.9988627998259022e+002	  1.0509075651226528e+003	
  2.4090000000000000e+004	 -2.3533801696606594e+002	  1.0318166741444159e+003	
  2.4120000000000000e+004	 -2.3816161982571899e+002	  1.0335643568004411e+003	
  2.4150000000000000e+004	 -2.3218276340315538e+002	  1.0259502644034992e+003	
  2.4180000000000000e+004	 -2.6790345003397442e+002	  1.0702544725854930e+003	
  2.4210000000000000e+004	 -2.6650510958900338e+002	  1.0752637458266929e+003	
  2.4240000000000000e+004	 -2.6275823835360552e+002	  1.0608927050337845e+003	
  2.4270000000000000e+004	 -2.6065177586078227e+002	  1.0428927270726733e+003	
  2.4300000000000000e+004	 -2.4924086737206821e+002	  1.0449075701693223e+003	
  2.4330000000000000e+004	 -2.5231543566222263e+002	  1.0484251947613925e+003	
  2.4360000000000000e+004	 -2.5212719252004641e+002	  1.0483806624169115e+003	
  2.4390000000000000e+004	 -2.5451156318997087e+002	  1.0500949478608734e+003	
  2.4420000000000000e+004	 -2.5456536288428020e+002	  1.0497164717129795e+003	
  2.4450000000000000e+004	 -2.3995437806693400e+002	  1.0525105238021217e+003	
  2.4480000000000000e+004	 -2.4813832219554678e+002	  1.0452415168939156e+003	
  2.4510000000000000e+004	 -2.6479304353935242e+002	  1.0619724787291484e+003	
  2.4540000000000000e+004	 -2.5438607971632445e+002	  1.0488927203722649e+003	
  2.4570000000000000e+004	 -2.4296621040208873e+002	  1.0183918366185750e+003	
  2.4600000000000000e+004	 -2.4292138514976477e+002	  1.0163324674919573e+003	
  2.4630000000000000e+004	 -2.2644593752693336e+002	  9.8067760098573876e+002	
  2.4660000000000000e+004	 -2.0676148924240175e+002	  9.8354958250342281e+002	
  2.4690000000000000e+004	 -2.3214693094906556e+002	  1.0212415544777592e+003	
  2.4720000000000000e+004	 -2.4049221081152882e+002	  1.0395198245103941e+003	
  2.4750000000000000e+004	 -2.4006195112513529e+002	  1.0384177793187632e+003	
  2.4780000000000000e+004	 -2.3133121007463751e+002	  1.0365810485931931e+003	
  2.4810000000000000e+004	 -2.6793037539363831e+002	  1.0951227140478252e+003	
  2.4840000000000000e+004	 -2.5367794056360623e+002	  1.0647442732073698e+003	
  2.4870000000000000e+004	 -2.2298594145931435e+002	  9.9621746866332103e+002	
  2.4900000000000000e+004	 -2.2092428138564028e+002	  9.7554588144937168e+002	
  2.4930000000000000e+004	 -2.3792856340162680e+002	  1.0130820074664700e+003	
  2.4960000000000000e+004	 -2.2718997023966122e+002	  9.9550504093628024e+002	
  2.4990000000000000e+004	 -2.4277796745200422e+002	  1.0082397123782215e+003	
  2.5020000000000000e+004	 -2.2243916889263255e+002	  9.9641784011853974e+002	
  2.5050000000000000e+004	 -2.4632764224716342e+002	  1.0178686470390087e+003	
  2.5080000000000000e+004	 -2.3400241827845920e+002	  1.0253157571494735e+003	
  2.5110000000000000e+004	 -2.3886974866274554e+002	  1.0263955342525833e+003	
  2.5140000000000000e+004	 -2.4070733962459877e+002	  1.0443175902754481e+003	
  2.5170000000000000e+004	 -2.5562308275436104e+002	  9.2858120358250744e+002	
  2.5200000000000000e+004	 -2.3302537682220350e+002	  9.7935292944527555e+002	
  2.5230000000000000e+004	 -2.3666467710255091e+002	  9.9539372451311863e+002	
  2.5260000000000000e+004	 -2.3877116226327843e+002	  1.0241914548304478e+003	
  2.5290000000000000e+004	 -2.3810783897724542e+002	  1.0218092717658546e+003	
  2.5320000000000000e+004	 -2.3039900565912785e+002	  9.9252174241873729e+002	
  2.5350000000000000e+004	 -2.3170770336546894e+002	  1.0228667846785295e+003	
  2.5380000000000000e+004	 -2.4260766436870085e+002	  1.0496162811811785e+003	
  2.5410000000000000e+004	 -2.3566970759485451e+002	  1.0064141125930792e+003	
  2.5440000000000000e+004	 -2.2835526817399654e+002	  9.9672953461056420e+002	
  2.5470000000000000e+004	 -2.2208956024335885e+002	  9.8299299558658208e+002	
  2.5500000000000000e+004	 -1.9259869844753229e+002	  9.3286690526051029e+002	
  2.5530000000000000e+004	 -2.2522689338270521e+002	  9.8211359351726423e+002	
  2.5560000000000000e+004	 -2.1533085141927398e+002	  9.5917114011388753e+002	
  2.5590000000000000e+004	 -2.1897015464856577e+002	  9.6189840574471816e+002	
  2.5620000000000000e+004	 -2.2130075684806025e+002	  9.6915628266493081e+002	
  2.5650000000000000e+004	 -2.2505658096270000e+002	  9.7330840916033344e+002	
  2.5680000000000000e+004	 -2.0903830794642982e+002	  9.5206910491151643e+002	
  2.5710000000000000e+004	 -2.0389307845200818e+002	  9.5203571193035737e+002	
  2.5740000000000000e+004	 -2.0734413192396079e+002	  9.5429544572667476e+002	
  2.5770000000000000e+004	 -1.9911536737888176e+002	  9.4618043607727304e+002	
  2.5800000000000000e+004	 -2.1104617671891918e+002	  9.5851436916622674e+002	
  2.5830000000000000e+004	 -2.0888591648079620e+002	  9.5238079712109607e+002	
  2.5860000000000000e+004	 -1.9268833844376974e+002	  9.3528248932896406e+002	
  2.5890000000000000e+004	 -1.9929466661418033e+002	  9.3925650503004431e+002	
  2.5920000000000000e+004	 -1.9728676991262697e+002	  9.4865167704384362e+002	
  2.5950000000000000e+004	 -1.8597447353101012e+002	  9.1762759886417280e+002	
  2.5980000000000000e+004	 -1.9180990856423708e+002	  9.1544578279042958e+002	
  2.6010000000000000e+004	 -1.6888951188310881e+002	  9.0124171999858140e+002	
  2.6040000000000000e+004	 -1.5860804111816404e+002	  8.9165731272487153e+002	
  2.6070000000000000e+004	 -1.5485222490477162e+002	  8.7431411811619876e+002	
  2.6100000000000000e+004	 -1.5841980788535517e+002	  8.6425104548653690e+002	
  2.6130000000000000e+004	 -1.5688698779958398e+002	  8.6034381827768698e+002	
  2.6160000000000000e+004	 -2.0290108516310332e+002	  9.7508288917959680e+002	
  2.6190000000000000e+004	 -2.4872993574944493e+002	  1.1120317812837670e+003	
  2.6220000000000000e+004	 -2.7608740516324707e+002	  1.1320020691271370e+003	
  2.6250000000000000e+004	 -3.3413687386446998e+002	  1.1745697277442523e+003	
  2.6280000000000000e+004	 -3.6843230262867098e+002	  1.1421319270414792e+003	
  2.6310000000000000e+004	 -4.0319387304499600e+002	  1.1356755329072171e+003	
  2.6340000000000000e+004	 -3.7226881584209383e+002	  9.5460714258013684e+002	
  2.6370000000000000e+004	 -4.1095650934795401e+002	  9.2704502412310433e+002	
  2.6400000000000000e+004	 -4.4526987267250979e+002	  9.2056636959565787e+002	
  2.6430000000000000e+004	 -4.4085969808484185e+002	  8.8730482052419643e+002	
  2.6460000000000000e+004	 -4.5238712513831007e+002	  8.9378347784746779e+002	
  2.6490000000000000e+004	 -4.4874782915397810e+002	  9.0159793210170551e+002	
  2.6520000000000000e+004	 -3.5749649210495130e+002	  9.6041789575809548e+002	
  2.6550000000000000e+004	 -1.5905621417581858e+002	  9.6277781324033936e+002	
  2.6580000000000000e+004	  4.0119085444844210e+001	  9.4218415066275588e+002	
  2.6610000000000000e+004	  4.6267924258963220e+001	  7.7135693215128413e+002	
  2.6640000000000000e+004	 -1.7230471110847361e+002	  6.9911213140231416e+002	
  2.6670000000000000e+004	 -3.5538104777875503e+002	  5.6944997773550017e+002	
  2.6700000000000000e+004	 -3.1335880890394617e+002	  4.8369128481248828e+002	
  2.6730000000000000e+004	 -1.7164139506833607e+002	  2.7586226215984999e+002	
  2.6760000000000000e+004	 -8.9586884550192536e+001	  1.1278270124691642e+002	
  2.6790000000000000e+004	 -1.1257001457260904e+002	 -3.5647729757038142e+001	
  2.6820000000000000e+004	 -2.9804865836440706e+002	 -1.6522061793821990e+002	
  2.6850000000000000e+004	 -4.5159831499335070e+002	 -1.7659721523381501e+002	
  2.6880000000000000e+004	 -5.1561765586782690e+002	 -3.8385980221397091e+001	
  2.6910000000000000e+004	 -5.3851117091462800e+002	 -1.2159681714121357e+001	
  2.6940000000000000e+004	 -5.3861873184066167e+002	 -9.3326642820505548e+000	
  2.6970000000000000e+004	 -5.1995613939462839e+002	 -3.6582608155490689e+001	
  2.7000000000000000e+004	 -5.0333727542687683e+002	 -6.5881234440527962e+001	
  2.7030000000000000e+004	 -4.9605867850887699e+002	 -9.6849660185773530e+001	
  2.7060000000000000e+004	 -4.8467467966127106e+002	 -1.2993309331752695e+002	
  2.7090000000000000e+004	 -4.6758970184107284e+002	 -1.6005548931261342e+002	
  2.7120000000000000e+004	 -4.6943623845447848e+002	 -1.8801835895846148e+002	
  2.7150000000000000e+004	 -4.8836776255872621e+002	 -2.0883463976834400e+002	
  2.7180000000000000e+004	 -4.8090989310313188e+002	 -2.4452291314185013e+002	
  2.7210000000000000e+004	 -4.8714868201937077e+002	 -2.7014812416076313e+002	
  2.7240000000000000e+004	 -5.1710565018088846e+002	 -2.9490503400004565e+002	
  2.7270000000000000e+004	 -5.3962267820373654e+002	 -3.0770649974773812e+002	
  2.7300000000000000e+004	 -5.5333726591415689e+002	 -3.3021482864683441e+002	
  2.7330000000000000e+004	 -5.3883386328164966e+002	 -3.6890864807781128e+002	
  2.7360000000000000e+004	 -5.2710922777196106e+002	 -3.8781029561365222e+002	
  2.7390000000000000e+004	 -5.4379979676822097e+002	 -4.0933901362417294e+002	
  2.7420000000000000e+004	 -5.7289624440421869e+002	 -4.0076760613185496e+002	
  2.7450000000000000e+004	 -5.8327631766978698e+002	 -4.0426295504266182e+002	
  2.7480000000000000e+004	 -5.8429817383450495e+002	 -4.0174719069742196e+002	
  2.7510000000000000e+004	 -5.8843945246210399e+002	 -3.9627039665441009e+002	
  2.7540000000000000e+004	 -5.7782633028791020e+002	 -3.9342068256960067e+002	
  2.7570000000000000e+004	 -5.7782633028791031e+002	 -3.9342068256960067e+002	
  2.7600000000000000e+004	 -5.7782633028791031e+002	 -3.9342068256960067e+002	
  2.7630000000000000e+004	 -5.7782633028791031e+002	 -3.9342068256960067e+002	
  2.7660000000000000e+004	 -5.7782633028791031e+002	 -3.9342068256960067e+002	
  2.7690000000000000e+004	 -5.7782633028791031e+002	 -3.9342068256960067e+002	
  2.7720000000000000e+004	 -5.7782633028791031e+002	 -3.9342068256960067e+002	
  2.7750000000000000e+004	 -5.7782633028791031e+002	 -3.9342068256960067e+002	
  2.7780000000000000e+004	 -5.7782633028791031e+002	 -3.9342068256960067e+002	
  2.7810000000000000e+004	 -5.7782633028791031e+002	 -3.9342068256960067e+002	
  2.7840000000000000e+004	 -5.7782633028791031e+002	 -3.9342068256960067e+002	
  2.7870000000000000e+004	 -5.7782633028791031e+002	 -3.9342068256960067e+002	
  2.7900000000000000e+004	 -5.7782633028791031e+002	 -3.9342068256960067e+002	
  2.7930000000000000e+004	 -5.7782633028791031e+002	 -3.9342068256960067e+002	
  2.7960000000000000e+004	 -5.7782633028791031e+002	 -3.9342068256960067e+002	
  2.7990000000000000e+004	 -5.7782633028791031e+002	 -3.9342068256960067e+002	
  2.8020000000000000e+004	 -5.7782633028791031e+002	 -3.9342068256960067e+002	
  2.8050000000000000e+004	 -5.7782633028791031e+002	 -3.9342068256960067e+002	
  2.8080000000000000e+004	 -5.7782633028791031e+002	 -3.9342068256960067e+002	
  2.8110000000000000e+004	 -5.7782633028791031e+002	 -3.9342068256960067e+002	
  2.8140000000000000e+004	 -5.7782633028791031e+002	 -3.9342068256960067e+002	
  2.8170000000000000e+004	 -5.7782633028791031e+002	 -3.9342068256960067e+002	
  2.8200000000000000e+004	 -5.7782633028791031e+002	 -3.9342068256960067e+002	
  2.8230000000000000e+004	 -5.7782633028791031e+002	 -3.9342068256960067e+002	
  2.8260000000000000e+004	 -5.7782633028791031e+002	 -3.9342068256960067e+002	
  2.8290000000000000e+004	 -5.7782633028791031e+002	 -3.9342068256960067e+002	
  2.8320000000000000e+004	 -5.7782633028791031e+002	 -3.9342068256960067e+002	
  2.8350000000000000e+004	 -5.7782633028791031e+002	 -3.9342068256960067e+002	
  2.8380000000000000e+004	 -5.7782633028791031e+002	 -3.9342068256960067e+002	
  2.8410000000000000e+004	 -5.7782633028791031e+002	 -3.9342068256960067e+002	
  2.8440000000000000e+004	 -5.7782633028791031e+002	 -3.9342068256960067e+002	
  2.8470000000000000e+004	 -5.7782633028791031e+002	 -3.9342068256960067e+002	
  2.8500000000000000e+004	 -5.7782633028791031e+002	 -3.9342068256960067e+002	
  2.8530000000000000e+004	 -5.7782633028791031e+002	 -3.9342068256960067e+002	
  2.8560000000000000e+004	 -5.7782633028791031e+002	 -3.9342068256960067e+002	
  2.8590000000000000e+004	 -5.7782633028791031e+002	 -3.9342068256960067e+002	
  2.8620000000000000e+004	 -5.7782633028791031e+002	 -3.9342068256960067e+002	
  2.8650000000000000e+004	 -5.7782633028791031e+002	 -3.9342068256960067e+002	
  2.8680000000000000e+004	 -5.7782633028791031e+002	 -3.9342068256960067e+002	
  2.8710000000000000e+004	 -5.7782633028791031e+002	 -3.9342068256960067e+002	
  2.8740000000000000e+004	 -5.7782633028791031e+002	 -3.9342068256960067e+002	
  2.8770000000000000e+004	 -5.7782633028791031e+002	 -3.9342068256960067e+002	
  2.8800000000000000e+004	 -5.7782633028791031e+002	 -3.9342068256960067e+002	
  2.8830000000000000e+004	 -5.7782633028791031e+002	 -3.9342068256960067e+002	
  2.8860000000000000e+004	 -5.7782633028791031e+002	 -3.9342068256960067e+002	
  2.8890000000000000e+004	 -5.7782633028791031e+002	 -3.9342068256960067e+002	
  2.8920000000000000e+004	 -5.7782633028791031e+002	 -3.9342068256960067e+002	
  2.8950000000000000e+004	 -5.7782633028791031e+002	 -3.9342068256960067e+002	
  2.8980000000000000e+004	 -5.7782633028791031e+002	 -3.9342068256960067e+002	
  2.9010000000000000e+004	 -5.7782633028791031e+002	 -3.9342068256960067e+002	
  2.9040000000000000e+004	 -5.7782633028791031e+002	 -3.9342068256960067e+002	
  2.9070000000000000e+004	 -5.7782633028791031e+002	 -3.9342068256960067e+002	
  2.9100000000000000e+004	 -5.7782633028791031e+002	 -3.9342068256960067e+002	
  2.9130000000000000e+004	 -5.7782633028791031e+002	 -3.9342068256960067e+002	
  2.9160000000000000e+004	 -5.7858068608212704e+002	 -4.0330211139238378e+002	
  2.9190000000000000e+004	 -5.8164068093039077e+002	 -4.4338547990762498e+002	
  2.9220000000000000e+004	 -5.8470067577865439e+002	 -4.8346884842286624e+002	
  2.9250000000000000e+004	 -5.9145128172315833e+002	 -4.4139834553575093e+002	
  2.9280000000000000e+004	 -5.8743549905599230e+002	 -3.7977320319439286e+002	
  2.9310000000000000e+004	 -5.9912427815086380e+002	 -3.5864521161280010e+002	
  2.9340000000000000e+004	 -5.8030032951554711e+002	 -3.4591053019878416e+002	
  2.9370000000000000e+004	 -5.6884461567431913e+002	 -3.2674172924364836e+002	
  2.9400000000000000e+004	 -5.8234407504031446e+002	 -2.8900523349638740e+002	
  2.9430000000000000e+004	 -5.9546706305319424e+002	 -2.7161750222708190e+002	
  2.9460000000000000e+004	 -5.9670406539341207e+002	 -2.6244496936975673e+002	
  2.9490000000000000e+004	 -6.0075568501554255e+002	 -2.6667501990159218e+002	
  2.9520000000000000e+004	 -6.0134729972103207e+002	 -2.6340230352199228e+002	
  2.9550000000000000e+004	 -6.0217197168721452e+002	 -2.5970658190307830e+002	
  2.9580000000000000e+004	 -6.0140108638206198e+002	 -2.6137632152765156e+002	
  2.9610000000000000e+004	 -6.0303248913506957e+002	 -2.5952847024398085e+002	
  2.9640000000000000e+004	 -6.0330140323582725e+002	 -2.5505350885072193e+002	
  2.9670000000000000e+004	 -6.0224367834237432e+002	 -2.5888280583495487e+002	
  2.9700000000000000e+004	 -5.9666820505610610e+002	 -2.7241898234243865e+002	
  2.9730000000000000e+004	 -5.7067322385399711e+002	 -2.7455628981338560e+002	
  2.9760000000000000e+004	 -5.4846096394103154e+002	 -2.6471583770184822e+002	
  2.9790000000000000e+004	 -5.2096007703894463e+002	 -2.4080491875910110e+002	
  2.9820000000000000e+004	 -4.9853268663494202e+002	 -2.2595522617228352e+002	
  2.9850000000000000e+004	 -4.7474280266575460e+002	 -2.0386991970832460e+002	
  2.9880000000000000e+004	 -4.5979120169232704e+002	 -1.7886810847024461e+002	
  2.9910000000000000e+004	 -4.6726700199234131e+002	 -1.5121693046472095e+002	
  2.9940000000000000e+004	 -4.8662877604482799e+002	 -1.2683850373405713e+002	
  2.9970000000000000e+004	 -5.0054057320252122e+002	 -9.8474880643134867e+001	
  3.0000000000000000e+004	 -5.1803788322236392e+002	 -6.9064929758443341e+001	
  3.0030000000000000e+004	 -5.3248749297041809e+002	 -3.9766200031828035e+001	
  3.0060000000000000e+004	 -5.4078796983347911e+002	 -1.4452896354975575e+001	
  3.0090000000000000e+004	 -5.3903106484611510e+002	  1.4872614873035972e+000	
  3.0120000000000000e+004	 -5.4007086781288149e+002	  8.8013038356299911e-001	
  3.0150000000000000e+004	 -5.8316874441921573e+002	  6.6229856983731992e+001	
  3.0180000000000000e+004	 -6.6888045630030160e+002	  2.3013318215819959e+002	
  3.0210000000000000e+004	 -7.6185283724687599e+002	  4.2048543335581053e+002	
  3.0240000000000000e+004	 -7.4489335105557097e+002	  6.2762428562468062e+002	
  3.0270000000000000e+004	 -5.6402209736196460e+002	  6.4467807147944382e+002	
  3.0300000000000000e+004	 -3.6606586683166472e+002	  5.6902697433977721e+002	
  3.0330000000000000e+004	 -1.4957252204209732e+002	  7.0452214335695771e+002	
  3.0360000000000000e+004	  7.5525974970653905e+001	  7.8727527750282718e+002	
  3.0390000000000000e+004	  5.4443228052964706e+001	  9.3802089002019147e+002	
  3.0420000000000000e+004	 -1.2664314580996924e+002	  9.6918968182142385e+002	
  3.0450000000000000e+004	 -3.3895939584974474e+002	  9.6930099133830845e+002	
  3.0480000000000000e+004	 -4.4535951220074821e+002	  9.1001350810332985e+002	
  3.0510000000000000e+004	 -5.2623078496779340e+002	  8.5373158463251480e+002	
  3.0540000000000000e+004	 -6.2381054311932178e+002	  8.6156830586960518e+002	
  3.0570000000000000e+004	 -6.2214328251840504e+002	  8.6517498237779216e+002	
  3.0600000000000000e+004	 -6.2153374497388472e+002	  8.6708963368394177e+002	
  3.0630000000000000e+004	 -6.1936450684578779e+002	  8.6882618024780243e+002	
  3.0660000000000000e+004	 -6.1866532639800118e+002	  8.6851449173957189e+002	
  3.0690000000000000e+004	 -6.1855777037416601e+002	  8.6904881426387806e+002	
  3.0720000000000000e+004	 -6.2122897813519626e+002	  8.6978350741387897e+002	
  3.0750000000000000e+004	 -6.2271696694128946e+002	  8.6873712370931332e+002	
  3.0780000000000000e+004	 -6.2309343420775497e+002	  8.6430670904509498e+002	
  3.0810000000000000e+004	 -6.2275281287844450e+002	  8.6136793496499979e+002	
  3.0840000000000000e+004	 -6.2214327734083270e+002	  8.6279279593182093e+002	
  3.0870000000000000e+004	 -6.1963342050715346e+002	  8.6898202146119183e+002	
  3.0900000000000000e+004	 -6.1893424412159345e+002	  8.6920465608892061e+002	
  3.0930000000000000e+004	 -6.1947207059692551e+002	  8.6838091340532389e+002	
  3.0960000000000000e+004	 -6.1966927862045156e+002	  8.6766848608638099e+002	
  3.0990000000000000e+004	 -6.2180266076800785e+002	  8.6711189536796724e+002	
  3.1020000000000000e+004	 -6.2241219203557500e+002	  8.6631041399277206e+002	
  3.1050000000000000e+004	 -6.2217913403631519e+002	  8.6617683171449585e+002	
  3.1080000000000000e+004	 -6.2302173209740079e+002	  8.6479650207348163e+002	
  3.1110000000000000e+004	 -6.2139032770731831e+002	  8.6403954670127337e+002	
  3.1140000000000000e+004	 -6.2078078506285897e+002	  8.6350522415546368e+002	
  3.1170000000000000e+004	 -6.1981270009070340e+002	  8.6350522415546368e+002	
  3.1200000000000000e+004	 -6.2047602066650074e+002	  8.6305995649256215e+002	
  3.1230000000000000e+004	 -6.2070907216638045e+002	  8.6352748757851623e+002	
  3.1260000000000000e+004	 -6.2044016171716783e+002	  8.6390596858029733e+002	
  3.1290000000000000e+004	 -6.2135446772786031e+002	  8.6408407697673738e+002	
  3.1320000000000000e+004	 -6.2332649868674457e+002	  8.6361654180670575e+002	
  3.1350000000000000e+004	 -6.2286038095258698e+002	  8.6299316710682649e+002	
  3.1380000000000000e+004	 -6.2214327931829484e+002	  8.6268147318344052e+002	
  3.1410000000000000e+004	 -6.2250183267294983e+002	  8.6343843155192735e+002	
  3.1440000000000000e+004	 -6.2112141175378156e+002	  8.6290411614901382e+002	
  3.1470000000000000e+004	 -6.2115726170890503e+002	  8.6274826336761453e+002	
  3.1500000000000000e+004	 -6.2113933301897396e+002	  8.6174641368122866e+002	
  3.1530000000000000e+004	 -6.2065528990404982e+002	  8.6277053431549211e+002	
  3.1560000000000000e+004	 -6.2054772537966733e+002	  8.6323806186897605e+002	
  3.1590000000000000e+004	 -6.2044016374971432e+002	  8.6410633576176133e+002	
  3.1620000000000000e+004	 -6.2063735878845250e+002	  8.6479650223537794e+002	
  3.1650000000000000e+004	 -6.2117519105405370e+002	  8.6568703781966724e+002	
  3.1680000000000000e+004	 -6.2087041988325143e+002	  8.6644399634832155e+002	
  3.1710000000000000e+004	 -6.2024295751441491e+002	  8.6726773953174848e+002	
  3.1740000000000000e+004	 -6.2185643524322461e+002	  8.6608778001645646e+002	
  3.1770000000000000e+004	 -6.2241219491981553e+002	  8.6700057747768244e+002	
  3.1800000000000000e+004	 -6.2264524668951753e+002	  8.6684473106693292e+002	
  3.1830000000000000e+004	 -6.2241219203557500e+002	  8.6633267733069556e+002	
  3.1860000000000000e+004	 -6.2228669744625586e+002	  8.6566477523240724e+002	
  3.1890000000000000e+004	 -6.2234048056697554e+002	  8.6530855521143928e+002	
  3.1920000000000000e+004	 -6.2198193280766293e+002	  8.6497460791650701e+002	
  3.1950000000000000e+004	 -6.2182058619528289e+002	  8.6486329191033906e+002	
  3.1980000000000000e+004	 -6.1850398013340202e+002	  8.6490781922542976e+002	
  3.2010000000000000e+004	 -6.1672914874505943e+002	  8.7425845230999880e+002	
  3.2040000000000000e+004	 -6.3625227846902533e+002	  8.7706364638592606e+002	
  3.2070000000000000e+004	 -6.3994536229196206e+002	  8.8013599734794320e+002	
  3.2100000000000000e+004	 -5.9170226144964704e+002	  9.5004313859324282e+002	
  3.2130000000000000e+004	 -6.0238709974615563e+002	  9.6297818125740207e+002	
  3.2160000000000000e+004	 -6.0238709974615563e+002	  9.6297818125740207e+002	
  3.2190000000000000e+004	 -6.0238709974615563e+002	  9.6297818125740207e+002	
  3.2220000000000000e+004	 -6.0238709974615563e+002	  9.6297818125740207e+002	
  3.2250000000000000e+004	 -6.0238709974615563e+002	  9.6297818125740207e+002	
  3.2280000000000000e+004	 -6.0238709974615563e+002	  9.6297818125740207e+002	
  3.2310000000000000e+004	 -6.0238709974615563e+002	  9.6297818125740207e+002	
  3.2340000000000000e+004	 -6.0238709974615563e+002	  9.6297818125740207e+002	
  3.2370000000000000e+004	 -6.0238709974615563e+002	  9.6297818125740207e+002	
  3.2400000000000000e+004	 -6.0238709974615563e+002	  9.6297818125740207e+002	
  3.2430000000000000e+004	 -6.0238709974615563e+002	  9.6297818125740207e+002	
  3.2460000000000000e+004	 -6.0238709974615563e+002	  9.6297818125740207e+002	
  3.2490000000000000e+004	 -6.0238709974615563e+002	  9.6297818125740207e+002	
  3.2520000000000000e+004	 -6.0238709974615563e+002	  9.6297818125740207e+002	
  3.2550000000000000e+004	 -6.0238709974615563e+002	  9.6297818125740207e+002	
  3.2580000000000000e+004	 -6.0238709974615563e+002	  9.6297818125740207e+002	
  3.2610000000000000e+004	 -6.0238709974615563e+002	  9.6297818125740207e+002	
  3.2640000000000000e+004	 -6.0238709974615563e+002	  9.6297818125740207e+002	
  3.2670000000000000e+004	 -6.0238709974615563e+002	  9.6297818125740207e+002	
  3.2700000000000000e+004	 -6.0238709974615563e+002	  9.6297818125740207e+002	
  3.2730000000000000e+004	 -6.0238709974615563e+002	  9.6297818125740207e+002	
  3.2760000000000000e+004	 -6.0238709974615563e+002	  9.6297818125740207e+002	
  3.2790000000000000e+004	 -6.0238709974615563e+002	  9.6297818125740207e+002	
  3.2820000000000000e+004	 -6.0238709974615563e+002	  9.6297818125740207e+002	
  3.2850000000000000e+004	 -6.0238709974615563e+002	  9.6297818125740207e+002	
  3.2880000000000000e+004	 -6.0238709974615563e+002	  9.6297818125740207e+002	
  3.2910000000000000e+004	 -6.0238709974615563e+002	  9.6297818125740207e+002	
  3.2940000000000000e+004	 -6.0238709974615563e+002	  9.6297818125740207e+002	
  3.2970000000000000e+004	 -6.0238709974615563e+002	  9.6297818125740207e+002	
  3.3000000000000000e+004	 -6.0238709974615563e+002	  9.6297818125740207e+002	
  3.3030000000000000e+004	 -6.1169439480336791e+002	  9.4918886156645942e+002	
  3.3060000000000000e+004	 -6.3418438063346161e+002	  9.1586858939827323e+002	
  3.3090000000000000e+004	 -6.3726519310209790e+002	  8.7567217922920315e+002	
  3.3120000000000000e+004	 -6.1084890595800971e+002	  8.6759056281600715e+002	
  3.3150000000000000e+004	 -5.7302173723038766e+002	  8.5318612893328009e+002	
  3.3180000000000000e+004	 -5.3309703300550541e+002	  8.4828817626178920e+002	
  3.3210000000000000e+004	 -4.9216840115002623e+002	  8.4947926794299326e+002	
  3.3240000000000000e+004	 -4.6423725058596784e+002	  8.6731226389402889e+002	
  3.3270000000000000e+004	 -4.5625947164745804e+002	  9.0967956001822404e+002	
  3.3300000000000000e+004	 -4.1634374240312189e+002	  9.2579827585365479e+002	
  3.3330000000000000e+004	 -3.9077901364860816e+002	  9.4989842171007604e+002	
  3.3360000000000000e+004	 -3.4375502421348273e+002	  9.6705239200199753e+002	
  3.3390000000000000e+004	 -3.0344485668785273e+002	  9.7619152605596355e+002	
  3.3420000000000000e+004	 -2.7095116146239945e+002	  9.9391320560855752e+002	
  3.3450000000000000e+004	 -2.4264352176848934e+002	  1.0191710531455326e+003	
  3.3480000000000000e+004	 -2.1680989925857097e+002	  1.0444956965103427e+003	
  3.3510000000000000e+004	 -2.2754852142053687e+002	  1.0323176012066001e+003	
  3.3540000000000000e+004	 -2.0703936314049324e+002	  9.9370170419872318e+002	
  3.3570000000000000e+004	 -2.7854348593366541e+002	  1.2929777298687079e+003	
  3.3600000000000000e+004	 -2.7008167682339308e+002	  1.1656420934851280e+003	
  3.3630000000000000e+004	 -2.5718278498826555e+002	  1.0527776896067603e+003	
  3.3660000000000000e+004	 -2.6287478656926424e+002	  1.1431003801135489e+003	
  3.3690000000000000e+004	 -2.6129713442352670e+002	  1.1311226658287903e+003	
  3.3720000000000000e+004	 -2.7786143694366535e+002	  1.1856788089088723e+003	
  3.3750000000000000e+004	 -2.8301684877811471e+002	  1.1826529510217320e+003	
  3.3780000000000000e+004	 -2.8817226061256406e+002	  1.1796270931345916e+003	
  3.3810000000000000e+004	 -2.9332767244701347e+002	  1.1766012352474513e+003	
  3.3840000000000000e+004	 -2.9848308428146277e+002	  1.1735753773603112e+003	
  3.3870000000000000e+004	 -3.0363849611591218e+002	  1.1705495194731707e+003	
