  0.0000000000000000e+000	 -2.6248036279436428e+002	  8.0012126828431713e+002	
  3.0000000000000000e+001	 -2.4670410900795721e+002	  7.6271872167135609e+002	
  6.0000000000000000e+001	 -2.4571809652451185e+002	  7.1819188591031889e+002	
  9.0000000000000000e+001	 -2.4213256692035881e+002	  6.7177265063525294e+002	
  1.2000000000000000e+002	 -2.3289986321394440e+002	  6.3303429630331857e+002	
  1.5000000000000000e+002	 -2.0233336179001640e+002	  5.9885995048710879e+002	
  1.8000000000000000e+002	 -1.7131869025735952e+002	  5.6479691066562850e+002	
  2.1000000000000000e+002	 -1.6325126624225612e+002	  5.2360958993905490e+002	
  2.4000000000000000e+002	 -1.5455643357059222e+002	  4.8108644949814612e+002	
  2.7000000000000000e+002	 -1.4738537912924687e+002	  4.5615143847136795e+002	
  3.0000000000000000e+002	 -1.4299314368918658e+002	  4.1941679177072217e+002	
  3.3000000000000000e+002	 -1.0893072984980327e+002	  4.4902714887042606e+002	
  3.6000000000000000e+002	 -1.1628102602670032e+002	  4.0783981085655142e+002	
  3.9000000000000000e+002	 -1.2912485964893159e+002	  4.2398986506604092e+002	
  4.2000000000000000e+002	 -1.4154995817577947e+002	  4.4865977073845363e+002	
  4.5000000000000000e+002	 -1.4161269722051946e+002	  4.4094550635671965e+002	
  4.8000000000000000e+002	 -1.2838215097704619e+002	  4.2130918034798231e+002	
  5.1000000000000000e+002	 -1.2832452883083585e+002	  4.2171469244926811e+002	
  5.4000000000000000e+002	 -1.2816737752298948e+002	  4.2282063454368375e+002	
  5.7000000000000000e+002	 -1.2801022621514309e+002	  4.2392657663809939e+002	
  6.0000000000000000e+002	 -1.2785307490729674e+002	  4.2503251873251503e+002	
  6.3000000000000000e+002	 -1.2769592359945038e+002	  4.2613846082693067e+002	
  6.6000000000000000e+002	 -8.8986311105556496e+001	  4.3283050137847783e+002	
  6.9000000000000000e+002	 -1.0850943645340062e+002	  4.1795853703944351e+002	
  7.2000000000000000e+002	 -1.2577368174712240e+002	  4.2836668374801394e+002	
  7.5000000000000000e+002	 -1.3089407984680341e+002	  4.3065466364087843e+002	
  7.8000000000000000e+002	 -1.2898215025396277e+002	  4.2872430808990214e+002	
  8.1000000000000000e+002	 -1.2707022066112215e+002	  4.2679395253892602e+002	
  8.4000000000000000e+002	 -1.2515829106828150e+002	  4.2486359698794979e+002	
  8.7000000000000000e+002	 -1.2324636147544089e+002	  4.2293324143697350e+002	
  9.0000000000000000e+002	 -1.2133443188260027e+002	  4.2100288588599739e+002	
  9.3000000000000000e+002	 -1.1525915713329418e+002	  4.0837413330600913e+002	
  9.6000000000000000e+002	 -1.1412973723149392e+002	  4.1983979560267881e+002	
  9.9000000000000000e+002	 -1.0301464998085093e+002	  4.2173217828638838e+002	
  1.0200000000000000e+003	 -9.9518766598826502e+001	  4.2186574922824605e+002	
  1.0500000000000000e+003	 -9.8753670173935916e+001	  4.2160980777260841e+002	
  1.0800000000000000e+003	 -9.3015446987256567e+001	  4.1969024685532668e+002	
  1.1100000000000000e+003	 -8.7277223800577204e+001	  4.1777068593804483e+002	
  1.1400000000000000e+003	 -8.1539000613897883e+001	  4.1585112502076311e+002	
  1.1700000000000000e+003	 -7.5800777427218520e+001	  4.1393156410348132e+002	
  1.2000000000000000e+003	 -1.2538825864198074e+002	  4.3303085730890473e+002	
  1.2300000000000000e+003	 -1.1077728807416960e+002	  4.3541304535065899e+002	
  1.2600000000000000e+003	 -1.1592249682514675e+002	  4.3130545177940422e+002	
  1.2900000000000000e+003	 -1.2660732317596614e+002	  4.3579152870921473e+002	
  1.3200000000000000e+003	 -1.0913135475090969e+002	  4.3075522934961162e+002	
  1.3500000000000000e+003	 -1.0577547917960692e+002	  4.3110507862303973e+002	
  1.3800000000000000e+003	 -8.1662927398869684e+001	  4.2411436657144412e+002	
  1.4100000000000000e+003	 -1.0041508968085529e+002	  4.2899006421211391e+002	
  1.4400000000000000e+003	 -1.8433662628510211e+002	  4.2044090869029378e+002	
  1.4700000000000000e+003	 -2.6990238431954850e+002	  4.3834069780834380e+002	
  1.5000000000000000e+003	 -2.4187263831342875e+002	  4.1501975399218344e+002	
  1.5300000000000000e+003	 -1.1737459173468085e+002	  4.2747613928509389e+002	
  1.5600000000000000e+003	 -7.7467831726259320e+001	  4.3856332860709188e+002	
  1.5900000000000000e+003	 -1.0475361232786381e+002	  4.2036297735294738e+002	
  1.6200000000000000e+003	 -5.3131233450641069e+001	  4.6014771182041579e+002	
  1.6500000000000000e+003	 -2.2062411294417934e+001	  4.7713469476148822e+002	
  1.6800000000000000e+003	 -1.0893967770825483e+002	  4.3378781835643838e+002	
  1.7100000000000000e+003	 -1.1288378409188513e+002	  4.3581378971068551e+002	
  1.7400000000000000e+003	 -1.2295905274224981e+002	  4.3152808986194503e+002	
  1.7700000000000000e+003	 -1.2284515546437213e+002	  4.3112248048128737e+002	
  1.8000000000000000e+003	 -1.3152881318626399e+002	  4.2496524763737580e+002	
  1.8300000000000000e+003	 -1.4021247090815586e+002	  4.1880801479346428e+002	
  1.8600000000000000e+003	 -1.4889612863004774e+002	  4.1265078194955271e+002	
  1.8900000000000000e+003	 -1.2255570020697573e+002	  4.1518673864959328e+002	
  1.9200000000000000e+003	 -1.1947110030379430e+002	  4.2495972502848417e+002	
  1.9500000000000000e+003	 -1.2361344113078113e+002	  4.5011804149957413e+002	
  1.9800000000000000e+003	 -1.2460835665429667e+002	  4.4701229080827517e+002	
  2.0100000000000000e+003	 -1.1054419245711431e+002	  4.3019228317503303e+002	
  2.0400000000000000e+003	 -1.5631101487734665e+002	  4.0592609747298388e+002	
  2.0700000000000000e+003	 -2.0095295445636518e+002	  3.9314594033552260e+002	
  2.1000000000000000e+003	 -1.3808097364373847e+002	  4.1765797560805402e+002	
  2.1300000000000000e+003	 -1.4704475255397921e+002	  4.1839267041924120e+002	
  2.1600000000000000e+003	 -1.3695150230226972e+002	  4.1983978565973285e+002	
  2.1900000000000000e+003	 -1.0934304587483295e+002	  4.3460044339915623e+002	
  2.2200000000000000e+003	 -1.0487906882362832e+002	  4.4250394967895511e+002	
  2.2500000000000000e+003	 -1.1554602257862625e+002	  4.3475628020124094e+002	
  2.2800000000000000e+003	 -1.1382498913547506e+002	  4.3631472162491480e+002	
  2.3100000000000000e+003	 -1.1913153457888271e+002	  4.3377669966930915e+002	
  2.3400000000000000e+003	 -1.2775465513596627e+002	  4.3121640465181707e+002	
  2.3700000000000000e+003	 -1.2795280312982095e+002	  4.2941189363323014e+002	
  2.4000000000000000e+003	 -1.3141189948008588e+002	  4.2945759027200921e+002	
  2.4300000000000000e+003	 -1.5530934316375391e+002	  4.4183604588967984e+002	
  2.4600000000000000e+003	 -1.5333105908464407e+002	  4.3904637485526143e+002	
  2.4900000000000000e+003	 -1.5616823000537207e+002	  4.3199969979487867e+002	
  2.5200000000000000e+003	 -1.5900540092610004e+002	  4.2495302473449578e+002	
  2.5500000000000000e+003	 -1.6184257184682806e+002	  4.1790634967411285e+002	
  2.5800000000000000e+003	 -1.2083464689559246e+002	  4.2729803603935034e+002	
  2.6100000000000000e+003	 -1.2589022849152411e+002	  4.2026278756503569e+002	
  2.6400000000000000e+003	 -1.2203577193294373e+002	  4.3077112871779161e+002	
  2.6700000000000000e+003	 -1.2587227554025671e+002	  4.3687130569440740e+002	
  2.7000000000000000e+003	 -1.2455459489774380e+002	  4.3057076285306374e+002	
  2.7300000000000000e+003	 -1.1436279150514360e+002	  4.2085278438511943e+002	
  2.7600000000000000e+003	 -1.1565355568764683e+002	  4.2242235456975504e+002	
  2.7900000000000000e+003	 -1.0058549401811973e+002	  4.2223309824377731e+002	
  2.8200000000000000e+003	 -1.1970519030268227e+002	  4.3210693538229788e+002	
  2.8500000000000000e+003	 -9.6739960374431320e+001	  4.3168392368720924e+002	
  2.8800000000000000e+003	 -1.2160551791498631e+002	  4.4700115823389604e+002	
  2.9100000000000000e+003	 -1.9974036168177300e+001	  4.0352070760831509e+002	
  2.9400000000000000e+003	 -2.9063478273659747e+001	  3.9804388847260623e+002	
  2.9700000000000000e+003	 -1.0682424937346659e+002	  4.2140936554343807e+002	
  3.0000000000000000e+003	 -1.1213977152167419e+002	  4.2763198647483171e+002	
  3.0300000000000000e+003	 -1.2443809679505185e+002	  4.2754293306538028e+002	
  3.0600000000000000e+003	 -1.2637423265030313e+002	  4.3475628151529725e+002	
  3.0900000000000000e+003	 -1.2156966239956537e+002	  4.4357260829547084e+002	
  3.1200000000000000e+003	 -1.4353095153340487e+002	  4.3366537902475341e+002	
  3.1500000000000000e+003	 -1.4864030321657583e+002	  4.2487132504329264e+002	
  3.1800000000000000e+003	 -1.3116092336726155e+002	  4.1273775149859387e+002	
  3.2100000000000000e+003	 -1.2425882416170495e+002	  4.2186574922824605e+002	
  3.2400000000000000e+003	 -1.5357041736303381e+002	  4.0171736174871558e+002	
  3.2700000000000000e+003	 -1.4424806267732484e+002	  4.1422940201458704e+002	
  3.3000000000000000e+003	 -1.3026453064876139e+002	  4.3299746241339415e+002	
  3.3300000000000000e+003	 -9.9608399134631895e+001	  4.4513103039353058e+002	
  3.3600000000000000e+003	 -1.1439863340068932e+002	  4.2130918034798236e+002	
  3.3900000000000000e+003	 -1.1332300412608704e+002	  4.1652254289370836e+002	
  3.4200000000000000e+003	 -1.1601210307109228e+002	  4.1496410012009005e+002	
  3.4500000000000000e+003	 -1.2031473609975193e+002	  4.0950955045476792e+002	
  3.4800000000000000e+003	 -1.3277444554087742e+002	  4.2832215351646033e+002	
  3.5100000000000000e+003	 -1.3134019675179954e+002	  4.3377669217635992e+002	
  3.5400000000000000e+003	 -1.3102382922799137e+002	  4.3254347268605187e+002	
  3.5700000000000000e+003	 -1.3007472665656690e+002	  4.2884381421512785e+002	
  3.6000000000000000e+003	 -1.2912562408514242e+002	  4.2514415574420383e+002	
  3.6300000000000000e+003	 -1.2817652151371794e+002	  4.2144449727327981e+002	
  3.6600000000000000e+003	 -1.3116092336726155e+002	  4.3600303655675873e+002	
  3.6900000000000000e+003	 -1.1937673497634952e+002	  4.5221159939480748e+002	
  3.7200000000000000e+003	 -9.9736420991496161e+001	  4.7922587079155562e+002	
  3.7500000000000000e+003	 -1.5573959246755777e+002	  4.3996592414405887e+002	
  3.7800000000000000e+003	 -1.5530934688590517e+002	  4.3511250449981918e+002	
  3.8100000000000000e+003	 -1.2589021927437291e+002	  4.5392508403472556e+002	
  3.8400000000000000e+003	 -9.8263875030191230e+001	  4.7017738587172471e+002	
  3.8700000000000000e+003	 -1.1570735096213039e+002	  4.2671919092761317e+002	
  3.9000000000000000e+003	 -1.2888414636877704e+002	  4.3337594275950579e+002	
  3.9300000000000000e+003	 -1.2965503621713009e+002	  4.3765052073292748e+002	
  3.9600000000000000e+003	 -1.3187806150654376e+002	  4.2375814682802411e+002	
  3.9900000000000000e+003	 -1.5500461531385005e+002	  4.3500117759784155e+002	
  4.0200000000000000e+003	 -1.5500461531385005e+002	  4.3500117759784155e+002	
  4.0500000000000000e+003	 -1.5500461531385005e+002	  4.3500117759784155e+002	
  4.0800000000000000e+003	 -1.5500461531385005e+002	  4.3500117759784155e+002	
  4.1100000000000000e+003	 -1.5500461531385005e+002	  4.3500117759784155e+002	
  4.1400000000000000e+003	 -1.5500461531385005e+002	  4.3500117759784155e+002	
  4.1700000000000000e+003	 -1.5500461531385005e+002	  4.3500117759784155e+002	
  4.2000000000000000e+003	 -1.5500461531385005e+002	  4.3500117759784155e+002	
  4.2300000000000000e+003	 -1.5500461531385005e+002	  4.3500117759784155e+002	
  4.2600000000000000e+003	 -1.5500461531385005e+002	  4.3500117759784155e+002	
  4.2900000000000000e+003	 -1.5500461531385005e+002	  4.3500117759784155e+002	
  4.3200000000000000e+003	 -1.5500461531385005e+002	  4.3500117759784155e+002	
  4.3500000000000000e+003	 -1.5500461531385005e+002	  4.3500117759784155e+002	
  4.3800000000000000e+003	 -1.5500461531385005e+002	  4.3500117759784155e+002	
  4.4100000000000000e+003	 -1.5500461531385005e+002	  4.3500117759784155e+002	
  4.4400000000000000e+003	 -1.5500461531385005e+002	  4.3500117759784155e+002	
  4.4700000000000000e+003	 -1.5500461531385005e+002	  4.3500117759784155e+002	
  4.5000000000000000e+003	 -1.5500461531385005e+002	  4.3500117759784155e+002	
  4.5300000000000000e+003	 -1.5500461531385005e+002	  4.3500117759784155e+002	
  4.5600000000000000e+003	 -1.5500461531385005e+002	  4.3500117759784155e+002	
  4.5900000000000000e+003	 -1.6579356273551676e+002	  4.4590018493331894e+002	
  4.6200000000000000e+003	 -1.9407463925835330e+002	  4.7446976159643128e+002	
  4.6500000000000000e+003	 -1.2827457103348772e+002	  3.9031850720575153e+002	
  4.6800000000000000e+003	 -1.2612177561267701e+002	  3.8877043018883006e+002	
  4.7100000000000000e+003	 -1.3255292923934130e+002	  3.9493704266673387e+002	
  4.7400000000000000e+003	 -1.3898408286600554e+002	  4.0110365514463786e+002	
  4.7700000000000000e+003	 -1.4541523649266983e+002	  4.0727026762254167e+002	
  4.8000000000000000e+003	 -1.5184639011933413e+002	  4.1343688010044553e+002	
  4.8300000000000000e+003	 -1.5827754374599840e+002	  4.1960349257834946e+002	
  4.8600000000000000e+003	 -1.6470869737266264e+002	  4.2577010505625333e+002	
  4.8900000000000000e+003	 -1.5993468681932808e+002	  4.3711621325839553e+002	
  4.9200000000000000e+003	 -1.8543430096573508e+002	  4.4035026265474318e+002	
  4.9500000000000000e+003	 -2.3200349044017520e+002	  4.4162454177659686e+002	
  4.9800000000000000e+003	 -1.2434842014661324e+002	  4.8542782984746100e+002	
  5.0100000000000000e+003	 -1.3115035867678205e+002	  4.7440252760928092e+002	
  5.0400000000000000e+003	 -1.4475423573711964e+002	  4.5235192313292083e+002	
  5.0700000000000000e+003	 -1.5047789884921988e+002	  4.2913477745275969e+002	
  5.1000000000000000e+003	 -1.4823666019195136e+002	  4.2670327087071564e+002	
  5.1300000000000000e+003	 -1.4727498098884695e+002	  4.2787541413839722e+002	
  5.1600000000000000e+003	 -1.4631330178574254e+002	  4.2904755740607891e+002	
  5.1900000000000000e+003	 -1.4535162258263813e+002	  4.3021970067376043e+002	
  5.2200000000000000e+003	 -1.4438994337953372e+002	  4.3139184394144200e+002	
  5.2500000000000000e+003	 -1.4738539983638790e+002	  4.3386573698132634e+002	
  5.2800000000000000e+003	 -1.3598343985928719e+002	  4.1142421778272853e+002	
  5.3100000000000000e+003	 -1.1816347265423130e+002	  3.6754301570331188e+002	
  5.3400000000000000e+003	 -1.1816347265423131e+002	  3.6754301570331194e+002	
  5.3700000000000000e+003	 -1.1816347265423131e+002	  3.6754301570331194e+002	
  5.4000000000000000e+003	 -1.1816347265423131e+002	  3.6754301570331194e+002	
  5.4300000000000000e+003	 -1.1816347265423131e+002	  3.6754301570331194e+002	
  5.4600000000000000e+003	 -1.1816347265423131e+002	  3.6754301570331194e+002	
  5.4900000000000000e+003	 -1.1816347265423131e+002	  3.6754301570331194e+002	
  5.5200000000000000e+003	 -1.1816347265423131e+002	  3.6754301570331194e+002	
  5.5500000000000000e+003	 -1.1816347265423131e+002	  3.6754301570331194e+002	
  5.5800000000000000e+003	 -1.1816347265423131e+002	  3.6754301570331194e+002	
  5.6100000000000000e+003	 -1.3279934667481979e+002	  4.0445841484274530e+002	
  5.6400000000000000e+003	 -1.4139757875388045e+002	  4.3038152169321381e+002	
  5.6700000000000000e+003	 -1.3136707264121364e+002	  4.1709025820740123e+002	
  5.7000000000000000e+003	 -1.3710392876623936e+002	  4.2827762347618716e+002	
  5.7300000000000000e+003	 -1.2945782523222223e+002	  4.0369880272442589e+002	
  5.7600000000000000e+003	 -1.4610356154043282e+002	  4.2198820948110415e+002	
  5.7900000000000000e+003	 -1.5150869301087945e+002	  3.9659676894745661e+002	
  5.8200000000000000e+003	 -1.4736938228876178e+002	  3.9603937425021144e+002	
  5.8500000000000000e+003	 -1.4006471630855410e+002	  3.9505573654919061e+002	
  5.8800000000000000e+003	 -1.3276005032834638e+002	  3.9407209884816973e+002	
  5.9100000000000000e+003	 -1.2545538434813871e+002	  3.9308846114714891e+002	
  5.9400000000000000e+003	 -1.1815071836793099e+002	  3.9210482344612808e+002	
  5.9700000000000000e+003	 -1.1084605238772329e+002	  3.9112118574510720e+002	
  6.0000000000000000e+003	 -1.0354138640751559e+002	  3.9013754804408632e+002	
  6.0300000000000000e+003	 -9.6236720427307915e+001	  3.8915391034306543e+002	
  6.0600000000000000e+003	 -8.8932054447100214e+001	  3.8817027264204461e+002	
  6.0900000000000000e+003	 -9.0734243291720759e+001	  3.7854113156856113e+002	
  6.1200000000000000e+003	 -8.3963952268247681e+001	  3.6435802902413053e+002	
  6.1500000000000000e+003	 -8.9974951554469456e+001	  3.5999702266067538e+002	
  6.1800000000000000e+003	 -9.5985950840691245e+001	  3.5563601629722024e+002	
  6.2100000000000000e+003	 -1.0059438362679461e+002	  3.5229257808523801e+002	
  6.2400000000000000e+003	 -1.0435919173589616e+002	  3.6676379774878120e+002	
  6.2700000000000000e+003	 -1.4432875176692082e+002	  4.2399191447115498e+002	
  6.3000000000000000e+003	 -1.6083105247055704e+002	  4.3544645970104477e+002	
  6.3300000000000000e+003	 -1.5718531727405284e+002	  4.3293559156469581e+002	
  6.3600000000000000e+003	 -1.5243001049600389e+002	  4.2966054616945820e+002	
  6.3900000000000000e+003	 -1.4767470371795494e+002	  4.2638550077422059e+002	
  6.4200000000000000e+003	 -1.4291939693990599e+002	  4.2311045537898286e+002	
  6.4500000000000000e+003	 -1.3816409016185702e+002	  4.1983540998374525e+002	
  6.4800000000000000e+003	 -1.3340878338380807e+002	  4.1656036458850753e+002	
  6.5100000000000000e+003	 -1.2865347660575912e+002	  4.1328531919326991e+002	
  6.5400000000000000e+003	 -1.2389816982771016e+002	  4.1001027379803224e+002	
  6.5700000000000000e+003	 -1.1156607771139696e+002	  3.9114223924677589e+002	
  6.6000000000000000e+003	 -9.9249838348390753e+001	  3.6709774643370037e+002	
  6.6300000000000000e+003	 -9.9249838348390753e+001	  3.6709774643370037e+002	
  6.6600000000000000e+003	 -9.9249838348390753e+001	  3.6709774643370037e+002	
  6.6900000000000000e+003	 -9.9249838348390753e+001	  3.6709774643370037e+002	
  6.7200000000000000e+003	 -9.9249838348390753e+001	  3.6709774643370037e+002	
  6.7500000000000000e+003	 -9.9249838348390753e+001	  3.6709774643370037e+002	
  6.7800000000000000e+003	 -9.9249838348390753e+001	  3.6709774643370037e+002	
  6.8100000000000000e+003	 -9.9249838348390753e+001	  3.6709774643370037e+002	
  6.8400000000000000e+003	 -9.9249838348390753e+001	  3.6709774643370037e+002	
  6.8700000000000000e+003	 -9.9249838348390753e+001	  3.6709774643370037e+002	
  6.9000000000000000e+003	 -9.9249838348390753e+001	  3.6709774643370037e+002	
  6.9300000000000000e+003	 -9.9249838348390753e+001	  3.6709774643370037e+002	
  6.9600000000000000e+003	 -9.9249838348390753e+001	  3.6709774643370037e+002	
  6.9900000000000000e+003	 -9.9249838348390753e+001	  3.6709774643370037e+002	
  7.0200000000000000e+003	 -9.9249838348390753e+001	  3.6709774643370037e+002	
  7.0500000000000000e+003	 -9.9249838348390753e+001	  3.6709774643370037e+002	
  7.0800000000000000e+003	 -9.9249838348390753e+001	  3.6709774643370037e+002	
  7.1100000000000000e+003	 -9.9249838348390753e+001	  3.6709774643370037e+002	
  7.1400000000000000e+003	 -9.9249838348390753e+001	  3.6709774643370037e+002	
  7.1700000000000000e+003	 -9.9249838348390753e+001	  3.6709774643370037e+002	
  7.2000000000000000e+003	 -9.9249838348390753e+001	  3.6709774643370037e+002	
  7.2300000000000000e+003	 -8.2390625065489729e+001	  3.5025150725559593e+002	
  7.2600000000000000e+003	 -1.2038648428227184e+002	  4.4346127398567148e+002	
  7.2900000000000000e+003	 -1.9180987999320865e+002	  5.3865966881564304e+002	
  7.3200000000000000e+003	 -1.9641044336399915e+002	  5.6294687673248222e+002	
  7.3500000000000000e+003	 -1.7469274682117839e+002	  5.6421734344268373e+002	
  7.3800000000000000e+003	 -1.5297505027835763e+002	  5.6548781015288523e+002	
  7.4100000000000000e+003	 -1.3125735373553687e+002	  5.6675827686308673e+002	
  7.4400000000000000e+003	 -1.1993828405480254e+002	  5.3963925734866518e+002	
  7.4700000000000000e+003	 -1.1461374258849094e+002	  5.3326078828260518e+002	
  7.5000000000000000e+003	 -1.2105875040664107e+002	  5.3736838323590268e+002	
  7.5300000000000000e+003	 -1.2537034948943808e+002	  5.4976910250822459e+002	
  7.5600000000000000e+003	 -1.2325485018367888e+002	  5.2173945471143702e+002	
  7.5900000000000000e+003	 -1.2234055365548446e+002	  5.2429976606075525e+002	
  7.6200000000000000e+003	 -1.2473391542353411e+002	  5.2444446876957011e+002	
  7.6500000000000000e+003	 -1.1932871050962726e+002	  5.2147229967447186e+002	
  7.6800000000000000e+003	 -1.1286580720092077e+002	  5.1897879136347251e+002	
  7.7100000000000000e+003	 -1.2251982097403211e+002	  5.3372831634704926e+002	
  7.7400000000000000e+003	 -1.3461197230344902e+002	  5.3985074162800231e+002	
  7.7700000000000000e+003	 -1.3143881552545187e+002	  5.1599549728469117e+002	
  7.8000000000000000e+003	 -1.2649975073018581e+002	  5.1893427355808660e+002	
  7.8300000000000000e+003	 -8.8269232585752306e+001	  4.6831838876273486e+002	
  7.8600000000000000e+003	 -1.0872454007942274e+002	  4.8874506393477151e+002	
  7.8900000000000000e+003	 -1.1170054352559801e+002	  4.9956510111808518e+002	
  7.9200000000000000e+003	 -1.1693540752695438e+002	  5.1463742457676915e+002	
  7.9500000000000000e+003	 -1.1510677705151593e+002	  5.0372835213616463e+002	
  7.9800000000000000e+003	 -1.2062850751728870e+002	  5.2078213417306506e+002	
  8.0100000000000000e+003	 -1.1865644609035125e+002	  5.2245189776035681e+002	
  8.0400000000000000e+003	 -1.2287836711710676e+002	  5.1670792505095312e+002	
  8.0700000000000000e+003	 -1.2139939415303408e+002	  5.2554651635734103e+002	
  8.1000000000000000e+003	 -1.1417456260185149e+002	  5.2118287988373754e+002	
  8.1300000000000000e+003	 -1.1181705801111745e+002	  5.1760959911811676e+002	
  8.1600000000000000e+003	 -1.2631148808542289e+002	  5.2654836589980971e+002	
  8.1900000000000000e+003	 -1.3537391938317506e+002	  5.3786931042562560e+002	
  8.2200000000000000e+003	 -1.3771344950105910e+002	  5.3860400446611845e+002	
  8.2500000000000000e+003	 -1.0580237468280748e+002	  4.9919775766247960e+002	
  8.2800000000000000e+003	 -1.4299310279657658e+002	  5.3645558148882265e+002	
  8.3100000000000000e+003	 -1.3609100812417410e+002	  5.3607709680710195e+002	
  8.3400000000000000e+003	 -8.4750954906788607e+001	  4.9110247358933265e+002	
  8.3700000000000000e+003	 -6.7069838715229665e+001	  4.4908279321078260e+002	
  8.4000000000000000e+003	 -7.4710680470704972e+001	  4.5126412796453133e+002	
  8.4300000000000000e+003	 -7.8067334182268226e+001	  4.5733919987706736e+002	
  8.4600000000000000e+003	 -8.1423987893831494e+001	  4.6341427178960345e+002	
  8.4900000000000000e+003	 -8.4780641605394763e+001	  4.6948934370213965e+002	
  8.5200000000000000e+003	 -8.8137295316958017e+001	  4.7556441561467568e+002	
  8.5500000000000000e+003	 -9.1493949028521271e+001	  4.8163948752721177e+002	
  8.5800000000000000e+003	 -9.4850602740084540e+001	  4.8771455943974786e+002	
  8.6100000000000000e+003	 -9.8207256451647808e+001	  4.9378963135228389e+002	
  8.6400000000000000e+003	 -1.0156391016321106e+002	  4.9986470326482009e+002	
  8.6700000000000000e+003	 -1.0492056387477433e+002	  5.0593977517735618e+002	
  8.7000000000000000e+003	 -1.2450082535893947e+002	  5.2566895572015869e+002	
  8.7300000000000000e+003	 -1.3761485547139222e+002	  5.4309008116181371e+002	
  8.7600000000000000e+003	 -1.3761485547139225e+002	  5.4309008116181371e+002	
  8.7900000000000000e+003	 -1.3761485547139225e+002	  5.4309008116181371e+002	
  8.8200000000000000e+003	 -1.3761485547139225e+002	  5.4309008116181371e+002	
  8.8500000000000000e+003	 -1.3761485547139225e+002	  5.4309008116181371e+002	
  8.8800000000000000e+003	 -1.3761485547139225e+002	  5.4309008116181371e+002	
  8.9100000000000000e+003	 -1.3761485547139225e+002	  5.4309008116181371e+002	
  8.9400000000000000e+003	 -1.3761485547139225e+002	  5.4309008116181371e+002	
  8.9700000000000000e+003	 -1.3761485547139225e+002	  5.4309008116181371e+002	
  9.0000000000000000e+003	 -1.3761485547139225e+002	  5.4309008116181371e+002	
  9.0300000000000000e+003	 -1.3761485547139225e+002	  5.4309008116181371e+002	
  9.0600000000000000e+003	 -1.3761485547139225e+002	  5.4309008116181371e+002	
  9.0900000000000000e+003	 -1.3761485547139225e+002	  5.4309008116181371e+002	
  9.1200000000000000e+003	 -1.3761485547139225e+002	  5.4309008116181371e+002	
  9.1500000000000000e+003	 -1.3761485547139225e+002	  5.4309008116181371e+002	
  9.1800000000000000e+003	 -1.3761485547139225e+002	  5.4309008116181371e+002	
  9.2100000000000000e+003	 -1.3761485547139225e+002	  5.4309008116181371e+002	
  9.2400000000000000e+003	 -1.3761485547139225e+002	  5.4309008116181371e+002	
  9.2700000000000000e+003	 -1.3761485547139225e+002	  5.4309008116181371e+002	
  9.3000000000000000e+003	 -1.3761485547139225e+002	  5.4309008116181371e+002	
  9.3300000000000000e+003	 -1.3761485547139225e+002	  5.4309008116181371e+002	
  9.3600000000000000e+003	 -1.3761485547139225e+002	  5.4309008116181371e+002	
  9.3900000000000000e+003	 -1.3761485547139225e+002	  5.4309008116181371e+002	
  9.4200000000000000e+003	 -1.3761485547139225e+002	  5.4309008116181371e+002	
  9.4500000000000000e+003	 -1.3761485547139225e+002	  5.4309008116181371e+002	
  9.4800000000000000e+003	 -1.3761485547139225e+002	  5.4309008116181371e+002	
  9.5100000000000000e+003	 -1.3761485547139225e+002	  5.4309008116181371e+002	
  9.5400000000000000e+003	 -1.3761485547139225e+002	  5.4309008116181371e+002	
  9.5700000000000000e+003	 -1.3761485547139225e+002	  5.4309008116181371e+002	
  9.6000000000000000e+003	 -1.3761485547139225e+002	  5.4309008116181371e+002	
  9.6300000000000000e+003	 -1.3761485547139225e+002	  5.4309008116181371e+002	
  9.6600000000000000e+003	 -1.3761485547139225e+002	  5.4309008116181371e+002	
  9.6900000000000000e+003	 -1.3761485547139225e+002	  5.4309008116181371e+002	
  9.7200000000000000e+003	 -1.3761485547139225e+002	  5.4309008116181371e+002	
  9.7500000000000000e+003	 -1.3761485547139225e+002	  5.4309008116181371e+002	
  9.7800000000000000e+003	 -1.3761485547139225e+002	  5.4309008116181371e+002	
  9.8100000000000000e+003	 -1.3761485547139225e+002	  5.4309008116181371e+002	
  9.8400000000000000e+003	 -1.3761485547139225e+002	  5.4309008116181371e+002	
  9.8700000000000000e+003	 -1.3761485547139225e+002	  5.4309008116181371e+002	
  9.9000000000000000e+003	 -1.3761485547139225e+002	  5.4309008116181371e+002	
  9.9300000000000000e+003	 -1.3761485547139225e+002	  5.4309008116181371e+002	
  9.9600000000000000e+003	 -1.3761485547139225e+002	  5.4309008116181371e+002	
  9.9900000000000000e+003	 -1.3761485547139225e+002	  5.4309008116181371e+002	
  1.0020000000000000e+004	 -1.3761485547139225e+002	  5.4309008116181371e+002	
  1.0050000000000000e+004	 -1.3761485547139225e+002	  5.4309008116181371e+002	
  1.0080000000000000e+004	 -1.3761485547139225e+002	  5.4309008116181371e+002	
  1.0110000000000000e+004	 -1.3761485547139225e+002	  5.4309008116181371e+002	
  1.0140000000000000e+004	 -1.3761485547139225e+002	  5.4309008116181371e+002	
  1.0170000000000000e+004	 -1.3761485547139225e+002	  5.4309008116181371e+002	
  1.0200000000000000e+004	 -1.3761485547139225e+002	  5.4309008116181371e+002	
  1.0230000000000000e+004	 -1.3761485547139225e+002	  5.4309008116181371e+002	
  1.0260000000000000e+004	 -1.3761485547139225e+002	  5.4309008116181371e+002	
  1.0290000000000000e+004	 -1.3761485547139225e+002	  5.4309008116181371e+002	
  1.0320000000000000e+004	 -1.3761485547139225e+002	  5.4309008116181371e+002	
  1.0350000000000000e+004	 -1.3761485547139225e+002	  5.4309008116181371e+002	
  1.0380000000000000e+004	 -1.3761485547139225e+002	  5.4309008116181371e+002	
  1.0410000000000000e+004	 -1.3761485547139225e+002	  5.4309008116181371e+002	
  1.0440000000000000e+004	 -1.3761485547139225e+002	  5.4309008116181371e+002	
  1.0470000000000000e+004	 -1.3761485547139225e+002	  5.4309008116181371e+002	
  1.0500000000000000e+004	 -1.3761485547139225e+002	  5.4309008116181371e+002	
  1.0530000000000000e+004	 -1.3761485547139225e+002	  5.4309008116181371e+002	
  1.0560000000000000e+004	 -1.3761485547139225e+002	  5.4309008116181371e+002	
  1.0590000000000000e+004	 -1.3761485547139225e+002	  5.4309008116181371e+002	
  1.0620000000000000e+004	 -1.3761485547139225e+002	  5.4309008116181371e+002	
  1.0650000000000000e+004	 -1.3761485547139225e+002	  5.4309008116181371e+002	
  1.0680000000000000e+004	 -1.3761485547139225e+002	  5.4309008116181371e+002	
  1.0710000000000000e+004	 -1.3761485547139225e+002	  5.4309008116181371e+002	
  1.0740000000000000e+004	 -1.3761485547139225e+002	  5.4309008116181371e+002	
  1.0770000000000000e+004	 -1.3761485547139225e+002	  5.4309008116181371e+002	
  1.0800000000000000e+004	 -1.3761485547139225e+002	  5.4309008116181371e+002	
  1.0830000000000000e+004	 -1.3761485547139225e+002	  5.4309008116181371e+002	
  1.0860000000000000e+004	 -1.3761485547139225e+002	  5.4309008116181371e+002	
  1.0890000000000000e+004	 -1.3761485547139225e+002	  5.4309008116181371e+002	
  1.0920000000000000e+004	 -1.3761485547139225e+002	  5.4309008116181371e+002	
  1.0950000000000000e+004	 -1.3761485547139225e+002	  5.4309008116181371e+002	
  1.0980000000000000e+004	 -1.3761485547139225e+002	  5.4309008116181371e+002	
  1.1010000000000000e+004	 -1.3761485547139225e+002	  5.4309008116181371e+002	
  1.1040000000000000e+004	 -1.3761485547139225e+002	  5.4309008116181371e+002	
  1.1070000000000000e+004	 -1.3761485547139225e+002	  5.4309008116181371e+002	
  1.1100000000000000e+004	 -1.3761485547139225e+002	  5.4309008116181371e+002	
  1.1130000000000000e+004	 -1.3761485547139225e+002	  5.4309008116181371e+002	
  1.1160000000000000e+004	 -1.3761485547139225e+002	  5.4309008116181371e+002	
  1.1190000000000000e+004	 -1.3761485547139225e+002	  5.4309008116181371e+002	
  1.1220000000000000e+004	 -1.3761485547139225e+002	  5.4309008116181371e+002	
  1.1250000000000000e+004	 -1.3761485547139225e+002	  5.4309008116181371e+002	
  1.1280000000000000e+004	 -1.3761485547139225e+002	  5.4309008116181371e+002	
  1.1310000000000000e+004	 -1.3761485547139225e+002	  5.4309008116181371e+002	
  1.1340000000000000e+004	 -1.3761485547139225e+002	  5.4309008116181371e+002	
  1.1370000000000000e+004	 -1.3761485547139225e+002	  5.4309008116181371e+002	
  1.1400000000000000e+004	 -1.3761485547139225e+002	  5.4309008116181371e+002	
  1.1430000000000000e+004	 -1.3761485547139225e+002	  5.4309008116181371e+002	
  1.1460000000000000e+004	 -1.3761485547139225e+002	  5.4309008116181371e+002	
  1.1490000000000000e+004	 -1.3761485547139225e+002	  5.4309008116181371e+002	
  1.1520000000000000e+004	 -1.3761485547139225e+002	  5.4309008116181371e+002	
  1.1550000000000000e+004	 -1.3761485547139225e+002	  5.4309008116181371e+002	
  1.1580000000000000e+004	 -1.3761485547139225e+002	  5.4309008116181371e+002	
  1.1610000000000000e+004	 -1.3761485547139225e+002	  5.4309008116181371e+002	
  1.1640000000000000e+004	 -1.3761485547139225e+002	  5.4309008116181371e+002	
  1.1670000000000000e+004	 -1.3761485547139225e+002	  5.4309008116181371e+002	
  1.1700000000000000e+004	 -1.3761485547139225e+002	  5.4309008116181371e+002	
  1.1730000000000000e+004	 -1.3761485547139225e+002	  5.4309008116181371e+002	
  1.1760000000000000e+004	 -1.3761485547139225e+002	  5.4309008116181371e+002	
  1.1790000000000000e+004	 -1.3761485547139225e+002	  5.4309008116181371e+002	
  1.1820000000000000e+004	 -1.3761485547139225e+002	  5.4309008116181371e+002	
  1.1850000000000000e+004	 -1.3761485547139225e+002	  5.4309008116181371e+002	
  1.1880000000000000e+004	 -1.3761485547139225e+002	  5.4309008116181371e+002	
  1.1910000000000000e+004	 -1.3761485547139225e+002	  5.4309008116181371e+002	
  1.1940000000000000e+004	 -1.3761485547139225e+002	  5.4309008116181371e+002	
  1.1970000000000000e+004	 -1.3761485547139225e+002	  5.4309008116181371e+002	
  1.2000000000000000e+004	 -1.3761485547139225e+002	  5.4309008116181371e+002	
  1.2030000000000000e+004	 -1.3761485547139225e+002	  5.4309008116181371e+002	
  1.2060000000000000e+004	 -1.3761485547139225e+002	  5.4309008116181371e+002	
  1.2090000000000000e+004	 -1.3761485547139225e+002	  5.4309008116181371e+002	
  1.2120000000000000e+004	 -1.3761485547139225e+002	  5.4309008116181371e+002	
  1.2150000000000000e+004	 -1.3761485547139225e+002	  5.4309008116181371e+002	
  1.2180000000000000e+004	 -1.3761485547139225e+002	  5.4309008116181371e+002	
  1.2210000000000000e+004	 -1.3761485547139225e+002	  5.4309008116181371e+002	
  1.2240000000000000e+004	 -1.3761485547139225e+002	  5.4309008116181371e+002	
  1.2270000000000000e+004	 -1.3761485547139225e+002	  5.4309008116181371e+002	
  1.2300000000000000e+004	 -1.3761485547139225e+002	  5.4309008116181371e+002	
  1.2330000000000000e+004	 -1.3761485547139225e+002	  5.4309008116181371e+002	
  1.2360000000000000e+004	 -1.6154098157127299e+002	  5.1245481672164840e+002	
  1.2390000000000000e+004	 -1.8628494329319014e+002	  4.8077238691735027e+002	
  1.2420000000000000e+004	 -1.9565534886930445e+002	  4.8314583077433400e+002	
  1.2450000000000000e+004	 -1.7113938854029948e+002	  5.2283037102167543e+002	
  1.2480000000000000e+004	 -1.8037209298222251e+002	  5.5873013407883423e+002	
  1.2510000000000000e+004	 -1.9767221588059010e+002	  5.9568741392879019e+002	
  1.2540000000000000e+004	 -2.1335884457803664e+002	  6.4321981181419346e+002	
  1.2570000000000000e+004	 -2.2026096921270172e+002	  6.6748693348083236e+002	
  1.2600000000000000e+004	 -2.4477689944534549e+002	  6.7795075207293155e+002	
  1.2630000000000000e+004	 -2.4181884342639052e+002	  6.8240343241083008e+002	
  1.2660000000000000e+004	 -2.3845742088110160e+002	  7.1201378218378250e+002	
  1.2690000000000000e+004	 -2.3863671060835873e+002	  7.4813618141910365e+002	
  1.2720000000000000e+004	 -2.4025019978190397e+002	  7.8158696663274714e+002	
  1.2750000000000000e+004	 -2.5374067699338261e+002	  8.0986151326931417e+002	
  1.2780000000000000e+004	 -2.6207700610651762e+002	  8.3785776655300583e+002	
  1.2810000000000000e+004	 -2.5916378607571295e+002	  8.7347923520121731e+002	
  1.2840000000000000e+004	 -2.5616089973133967e+002	  9.0386880221637307e+002	
  1.2870000000000000e+004	 -2.5660910000985803e+002	  9.3915632706279541e+002	
  1.2900000000000000e+004	 -2.7552268202994435e+002	  9.7989838168646600e+002	
  1.2930000000000000e+004	 -2.8094576602094696e+002	  9.8963863078732390e+002	
  1.2960000000000000e+004	 -2.4822795664591203e+002	  1.0018278500999597e+003	
  1.2990000000000000e+004	 -2.2326381036447805e+002	  1.0188593727896143e+003	
  1.3020000000000000e+004	 -2.0022689604841807e+002	  1.0433491290045993e+003	
  1.3050000000000000e+004	 -1.9964421510412373e+002	  1.0386738105766249e+003	
  1.3080000000000000e+004	 -1.9498305760127548e+002	  1.0426812305244277e+003	
  1.3110000000000000e+004	 -2.2297953761659954e+002	  1.0344468144281282e+003	
  1.3140000000000000e+004	 -2.7897249764724762e+002	  1.0179779822355290e+003	
  1.3170000000000000e+004	 -3.2318311503172043e+002	  9.9583899231272176e+002	
  1.3200000000000000e+004	 -2.7377473316125207e+002	  9.8305978796095735e+002	
  1.3230000000000000e+004	 -2.8119676468689283e+002	  1.0411227872151242e+003	
  1.3260000000000000e+004	 -2.2635632690025605e+002	  1.0469557976921340e+003	
  1.3290000000000000e+004	 -2.4566431541841106e+002	  1.0735828496895288e+003	
  1.3320000000000000e+004	 -2.4014262216134370e+002	  1.0727591069096825e+003	
  1.3350000000000000e+004	 -2.3795544129475758e+002	  1.0752080836772941e+003	
  1.3380000000000000e+004	 -2.4317237512748406e+002	  1.0797052991630185e+003	
  1.3410000000000000e+004	 -2.4306481091211595e+002	  1.0951783670729117e+003	
  1.3440000000000000e+004	 -2.5251264134232861e+002	  1.0882989727494762e+003	
  1.3470000000000000e+004	 -2.3385005042439940e+002	  1.0963583321127887e+003	
  1.3500000000000000e+004	 -2.3779412013060428e+002	  1.0906811572597439e+003	
  1.3530000000000000e+004	 -2.5088122695757824e+002	  1.0733824808715367e+003	
  1.3560000000000000e+004	 -2.4198916919203126e+002	  1.0704437118719304e+003	
  1.3590000000000000e+004	 -2.4114656524934585e+002	  1.0706886094734509e+003	
  1.3620000000000000e+004	 -2.4139754641633613e+002	  1.0747628158384916e+003	
  1.3650000000000000e+004	 -2.2547786355813622e+002	  1.0794158674260016e+003	
  1.3680000000000000e+004	 -2.3921038622903160e+002	  1.0703546619800616e+003	
  1.3710000000000000e+004	 -2.2130073948899991e+002	  1.0651450189016434e+003	
  1.3740000000000000e+004	 -2.3078441900744374e+002	  1.0638760077877123e+003	
  1.3770000000000000e+004	 -2.3182421921999253e+002	  1.0899019377300635e+003	
  1.3800000000000000e+004	 -2.2318312817992791e+002	  1.0877646518582965e+003	
  1.3830000000000000e+004	 -2.3917453416931789e+002	  1.0821988002939102e+003	
  1.3860000000000000e+004	 -2.3761483306991795e+002	  1.0884325552441862e+003	
  1.3890000000000000e+004	 -2.4792318397590458e+002	  1.0807739366424987e+003	
  1.3920000000000000e+004	 -2.2780847073989608e+002	  1.0815531601152286e+003	
  1.3950000000000000e+004	 -2.3001353479692179e+002	  1.0831561261070858e+003	
  1.3980000000000000e+004	 -2.3155531191578217e+002	  1.0836236606011655e+003	
  1.4010000000000000e+004	 -2.3254131604812898e+002	  1.0807294141880243e+003	
  1.4040000000000000e+004	 -2.4969802569281342e+002	  1.0825995420871009e+003	
  1.4070000000000000e+004	 -2.5468189686742625e+002	  1.0823546416980439e+003	
  1.4100000000000000e+004	 -2.5489700115355745e+002	  1.0879650256961679e+003	
  1.4130000000000000e+004	 -2.4509064124731418e+002	  1.0780132698993636e+003	
  1.4160000000000000e+004	 -2.5310426466795261e+002	  1.0759427767930429e+003	
  1.4190000000000000e+004	 -2.6715947126438016e+002	  1.0748963996484135e+003	
  1.4220000000000000e+004	 -2.6776900668238693e+002	  1.0713565097967667e+003	
  1.4250000000000000e+004	 -2.5939683056260634e+002	  1.0680837867067050e+003	
  1.4280000000000000e+004	 -2.4616629550257858e+002	  1.0742062311732213e+003	
  1.4310000000000000e+004	 -2.4385363400232436e+002	  1.0732489055188100e+003	
  1.4340000000000000e+004	 -2.4109277996026131e+002	  1.0716904667722533e+003	
  1.4370000000000000e+004	 -2.4412254621932067e+002	  1.0734047456910998e+003	
  1.4400000000000000e+004	 -2.4017847641509715e+002	  1.0773231062222305e+003	
  1.4430000000000000e+004	 -2.5715588984791515e+002	  1.0747182886006956e+003	
  1.4460000000000000e+004	 -2.5649258245458748e+002	  1.0779242228694397e+003	
  1.4490000000000000e+004	 -2.6988446043749684e+002	  1.0769891550604200e+003	
  1.4520000000000000e+004	 -2.6710569492697391e+002	  1.0759427773492528e+003	
  1.4550000000000000e+004	 -2.5866179762639314e+002	  1.0743620708506985e+003	
  1.4580000000000000e+004	 -2.5896656196254207e+002	  1.0769446286680525e+003	
  1.4610000000000000e+004	 -2.5348072389540161e+002	  1.0823323753791108e+003	
  1.4640000000000000e+004	 -2.5457432544297984e+002	  1.0740281242227836e+003	
  1.4670000000000000e+004	 -2.4304690066332813e+002	  1.0796607688454064e+003	
  1.4700000000000000e+004	 -2.4354885327934761e+002	  1.0791487078447276e+003	
  1.4730000000000000e+004	 -2.4849686303423391e+002	  1.0870744859109004e+003	
  1.4760000000000000e+004	 -2.5260226406447987e+002	  1.0803064067435798e+003	
  1.4790000000000000e+004	 -2.7603362194797950e+002	  1.0716236699669118e+003	
  1.4820000000000000e+004	 -2.6853988266173639e+002	  1.0696199662614961e+003	
  1.4850000000000000e+004	 -2.6083104593787010e+002	  1.0666589293794675e+003	
  1.4880000000000000e+004	 -2.5833909460430550e+002	  1.0744733925521825e+003	
  1.4910000000000000e+004	 -2.5925341013578782e+002	  1.0782136465814601e+003	
  1.4940000000000000e+004	 -2.6222938918812537e+002	  1.0700874965583212e+003	
  1.4970000000000000e+004	 -2.5882316230818930e+002	  1.0718240409730029e+003	
  1.5000000000000000e+004	 -2.5943267507326073e+002	  1.0702210739100410e+003	
  1.5030000000000000e+004	 -2.6006014174698976e+002	  1.0643435325419016e+003	
  1.5060000000000000e+004	 -2.5704832604667547e+002	  1.0625847252415497e+003	
  1.5090000000000000e+004	 -2.5889486256010724e+002	  1.0723583665972226e+003	
  1.5120000000000000e+004	 -2.6525913381645830e+002	  1.0779019586081115e+003	
  1.5150000000000000e+004	 -2.6565355519576826e+002	  1.0764548349890872e+003	
  1.5180000000000000e+004	 -2.6334088304173974e+002	  1.0736719096679785e+003	
  1.5210000000000000e+004	 -2.6534879290251621e+002	  1.0824882189208624e+003	
  1.5240000000000000e+004	 -2.5948645797851924e+002	  1.0653453855198354e+003	
  1.5270000000000000e+004	 -2.5416197606724941e+002	  1.0498500522457555e+003	
  1.5300000000000000e+004	 -2.3933587814788376e+002	  1.0562396486599264e+003	
  1.5330000000000000e+004	 -2.4096731209690296e+002	  1.0798388743592961e+003	
  1.5360000000000000e+004	 -2.4378192709969909e+002	  1.0796162445865561e+003	
  1.5390000000000000e+004	 -2.4681168063029372e+002	  1.0886774506182105e+003	
  1.5420000000000000e+004	 -2.4776183660461643e+002	  1.0883657668280207e+003	
  1.5450000000000000e+004	 -2.5613402225225616e+002	  1.0625179346437430e+003	
  1.5480000000000000e+004	 -2.4901677704047742e+002	  1.0647220170631167e+003	
  1.5510000000000000e+004	 -2.4743915044790606e+002	  1.0768110510660647e+003	
  1.5540000000000000e+004	 -2.6258794723149242e+002	  1.0731153206117165e+003	
  1.5570000000000000e+004	 -2.5175968190940176e+002	  1.0697758088291394e+003	
  1.5600000000000000e+004	 -2.4690130782472571e+002	  1.0905030560745465e+003	
  1.5630000000000000e+004	 -2.4717023410893518e+002	  1.0880540735679538e+003	
  1.5660000000000000e+004	 -2.5927135117793995e+002	  1.0850930435097171e+003	
  1.5690000000000000e+004	 -2.6038285174139281e+002	  1.0818203206162268e+003	
  1.5720000000000000e+004	 -2.5624156882380191e+002	  1.0857832067534673e+003	
  1.5750000000000000e+004	 -2.5238715725292747e+002	  1.0858945246199605e+003	
  1.5780000000000000e+004	 -2.2759332975228068e+002	  1.1060874459846054e+003	
  1.5810000000000000e+004	 -2.2029678492176885e+002	  1.0903472105771475e+003	
  1.5840000000000000e+004	 -2.2045815426925020e+002	  1.0960243808986920e+003	
  1.5870000000000000e+004	 -2.3576831162493295e+002	  1.0791709730068653e+003	
  1.5900000000000000e+004	 -2.3847535365533531e+002	  1.0764548352600436e+003	
  1.5930000000000000e+004	 -2.4114657492833877e+002	  1.0785030674944778e+003	
  1.5960000000000000e+004	 -2.3340185365807162e+002	  1.0776125308566284e+003	
  1.5990000000000000e+004	 -2.2850764772656231e+002	  1.0701765521990105e+003	
  1.6020000000000000e+004	 -2.2943985725172371e+002	  1.0495383593165800e+003	
  1.6050000000000000e+004	 -2.3221864302922717e+002	  1.0747628161769003e+003	
  1.6080000000000000e+004	 -2.3558901811018126e+002	  1.0807071504843470e+003	
  1.6110000000000000e+004	 -2.3374247405155111e+002	  1.0880763384722154e+003	
  1.6140000000000000e+004	 -2.4141547452452497e+002	  1.0702433414423278e+003	
  1.6170000000000000e+004	 -2.3182423479077065e+002	  1.0637869485322158e+003	
  1.6200000000000000e+004	 -2.3399347461730559e+002	  1.0703769223930633e+003	
  1.6230000000000000e+004	 -2.2741405646516100e+002	  1.1024807713688158e+003	
  1.6260000000000000e+004	 -2.4293932328477339e+002	  1.0808407265718492e+003	
  1.6290000000000000e+004	 -2.3870842634931279e+002	  1.0821320065884809e+003	
  1.6320000000000000e+004	 -2.2637424345061285e+002	  1.0854047293908336e+003	
  1.6350000000000000e+004	 -2.1864748869535578e+002	  1.0835123424583676e+003	
  1.6380000000000000e+004	 -2.3116090072534553e+002	  1.0766774673552263e+003	
  1.6410000000000000e+004	 -2.5025378368638229e+002	  1.0781691208206735e+003	
  1.6440000000000000e+004	 -2.6529499612581105e+002	  1.0396979272259252e+003	
  1.6470000000000000e+004	 -2.3731006168057979e+002	  1.1019019223145283e+003	
  1.6500000000000000e+004	 -2.4690131680993119e+002	  1.0734492739423936e+003	
  1.6530000000000000e+004	 -2.4295724257116575e+002	  1.0717349886619750e+003	
  1.6560000000000000e+004	 -2.4096727983362607e+002	  1.0880986029912608e+003	
  1.6590000000000000e+004	 -2.3870840585194713e+002	  1.0984733578442431e+003	
  1.6620000000000000e+004	 -2.3704117332237328e+002	  1.0896793087216111e+003	
  1.6650000000000000e+004	 -2.3845742935521130e+002	  1.0866737473919886e+003	
  1.6680000000000000e+004	 -2.4311860300483653e+002	  1.0931524017145543e+003	
  1.6710000000000000e+004	 -2.4699095725384959e+002	  1.1043509003418915e+003	
  1.6740000000000000e+004	 -2.5064817937454663e+002	  1.0942878353542551e+003	
  1.6770000000000000e+004	 -2.3069479721567933e+002	  1.0672155180749271e+003	
  1.6800000000000000e+004	 -2.3869047870387720e+002	  1.0795717114543145e+003	
  1.6830000000000000e+004	 -2.4152304582340986e+002	  1.0760540907382961e+003	
  1.6860000000000000e+004	 -2.4430180892871607e+002	  1.0905030534547745e+003	
  1.6890000000000000e+004	 -2.3965857474249464e+002	  1.0812637321373072e+003	
  1.6920000000000000e+004	 -2.2879449120016588e+002	  1.0669706197387768e+003	
  1.6950000000000000e+004	 -2.2719891000020533e+002	  1.0794381344487340e+003	
  1.6980000000000000e+004	 -2.2680451807000446e+002	  1.0823769036908748e+003	
  1.7010000000000000e+004	 -2.2952950056973714e+002	  1.0687294273862344e+003	
  1.7040000000000000e+004	 -2.3885181801139169e+002	  1.0767665224322877e+003	
  1.7070000000000000e+004	 -2.4336957109694291e+002	  1.0483138747274061e+003	
  1.7100000000000000e+004	 -2.3894147900830131e+002	  1.0853156762551976e+003	
  1.7130000000000000e+004	 -2.6187084676825100e+002	  1.1021913428135224e+003	
  1.7160000000000000e+004	 -2.5342695452748785e+002	  1.1036607342034756e+003	
  1.7190000000000000e+004	 -2.6959761425884807e+002	  1.0976718701482578e+003	
  1.7220000000000000e+004	 -2.6314368351940641e+002	  1.1246106154966910e+003	
  1.7250000000000000e+004	 -2.4505476642882482e+002	  1.1038165764113162e+003	
  1.7280000000000000e+004	 -2.3062309151962049e+002	  1.0867182702845996e+003	
  1.7310000000000000e+004	 -2.3334807077276847e+002	  1.0996755770137916e+003	
  1.7340000000000000e+004	 -2.5841082053216775e+002	  1.0991189957231068e+003	
  1.7370000000000000e+004	 -2.8062308513925416e+002	  1.1278388095393009e+003	
  1.7400000000000000e+004	 -2.6640651462742619e+002	  1.1108518169881195e+003	
  1.7430000000000000e+004	 -2.5093502241780638e+002	  1.0898574150502227e+003	
  1.7460000000000000e+004	 -2.5274571660766097e+002	  1.0736719044638630e+003	
  1.7490000000000000e+004	 -2.5052269798084231e+002	  1.0670596735350578e+003	
  1.7520000000000000e+004	 -2.5272777364370967e+002	  1.0417238972122173e+003	
  1.7550000000000000e+004	 -2.4514442015317945e+002	  1.0434604461231634e+003	
  1.7580000000000000e+004	 -2.4837139255903753e+002	  1.0366033114343913e+003	
  1.7610000000000000e+004	 -2.4464244376915923e+002	  1.0565513369379373e+003	
  1.7640000000000000e+004	 -2.3263098144845071e+002	  1.0655235002115587e+003	
  1.7670000000000000e+004	 -2.3958686095767189e+002	  1.0736941681303383e+003	
  1.7700000000000000e+004	 -2.2599776020224445e+002	  1.0888332977708694e+003	
  1.7730000000000000e+004	 -2.3687981187255565e+002	  1.0706886091191620e+003	
  1.7760000000000000e+004	 -2.4148719013688066e+002	  1.0772563158858852e+003	
  1.7790000000000000e+004	 -2.4143339857142240e+002	  1.0771227369032083e+003	
  1.7820000000000000e+004	 -2.4186365758248320e+002	  1.0809743077326420e+003	
  1.7850000000000000e+004	 -2.3732800604963728e+002	  1.0940874622045685e+003	
  1.7880000000000000e+004	 -2.4098521796617811e+002	  1.0880318138825965e+003	
  1.7910000000000000e+004	 -2.5717381859707200e+002	  1.0921950756007786e+003	
  1.7940000000000000e+004	 -2.5482531034396320e+002	  1.1143471756007930e+003	
  1.7970000000000000e+004	 -2.5500457353517180e+002	  1.1313341665385481e+003	
  1.8000000000000000e+004	 -2.5543484855206216e+002	  1.1003880113454184e+003	
  1.8030000000000000e+004	 -2.5934304038877275e+002	  1.1101839166708203e+003	
  1.8060000000000000e+004	 -2.5106052632522361e+002	  1.1386143025418810e+003	
  1.8090000000000000e+004	 -2.5815983181776380e+002	  1.1084251065106087e+003	
  1.8120000000000000e+004	 -2.5599059163647206e+002	  1.1157720351554110e+003	
  1.8150000000000000e+004	 -2.5104257601856654e+002	  1.1166403096242300e+003	
  1.8180000000000000e+004	 -2.5070196638244573e+002	  1.1097609103481600e+003	
  1.8210000000000000e+004	 -2.5170588668641130e+002	  1.1002321690930137e+003	
  1.8240000000000000e+004	 -2.4717022952623475e+002	  1.0805290414145197e+003	
  1.8270000000000000e+004	 -2.3503327355246816e+002	  1.0700207066129087e+003	
  1.8300000000000000e+004	 -2.4630969483079949e+002	  1.0819984247513246e+003	
  1.8330000000000000e+004	 -2.4724193187241036e+002	  1.1029705656711544e+003	
  1.8360000000000000e+004	 -2.5432333719412290e+002	  1.1050633317567786e+003	
  1.8390000000000000e+004	 -2.4589737396807072e+002	  1.1024585099901244e+003	
  1.8420000000000000e+004	 -2.5055852811462628e+002	  1.0780800619971130e+003	
  1.8450000000000000e+004	 -2.5432333942084324e+002	  1.1073342015688729e+003	
  1.8480000000000000e+004	 -2.5346279714209589e+002	  1.1167961520824588e+003	
  1.8510000000000000e+004	 -2.6533086133846882e+002	  1.0782581706225615e+003	
  1.8540000000000000e+004	 -2.5894863412726528e+002	  1.0853379404229083e+003	
  1.8570000000000000e+004	 -2.4878371533758818e+002	  1.0938870951962169e+003	
  1.8600000000000000e+004	 -2.5043303800761873e+002	  1.0865401668963727e+003	
  1.8630000000000000e+004	 -2.5706624373981663e+002	  1.0919724395655933e+003	
  1.8660000000000000e+004	 -2.5611609561608884e+002	  1.0977831913786472e+003	
  1.8690000000000000e+004	 -2.6321541111490671e+002	  1.0859390488533884e+003	
  1.8720000000000000e+004	 -2.6253416534788073e+002	  1.0842470328741065e+003	
  1.8750000000000000e+004	 -2.5900243608425660e+002	  1.0896570421488473e+003	
  1.8780000000000000e+004	 -2.6507986479849149e+002	  1.0877423889319157e+003	
  1.8810000000000000e+004	 -2.7214332776559627e+002	  1.0878314390014150e+003	
  1.8840000000000000e+004	 -2.6179911910622315e+002	  1.0809743078890344e+003	
  1.8870000000000000e+004	 -2.6362774611312403e+002	  1.0834455480145846e+003	
  1.8900000000000000e+004	 -2.6151228926154619e+002	  1.0855160525326824e+003	
  1.8930000000000000e+004	 -2.6013184764136321e+002	  1.0819761637440943e+003	
  1.8960000000000000e+004	 -2.6628100490899521e+002	  1.0841357184316280e+003	
  1.8990000000000000e+004	 -2.5362414511059166e+002	  1.0949557356548696e+003	
  1.9020000000000000e+004	 -2.5382136708507633e+002	  1.0805958290685903e+003	
  1.9050000000000000e+004	 -2.4175609229165556e+002	  1.0653008626773922e+003	
  1.9080000000000000e+004	 -2.3632403810701618e+002	  1.0669706175371527e+003	
  1.9110000000000000e+004	 -2.3499739661357722e+002	  1.0646997508286418e+003	
  1.9140000000000000e+004	 -2.2947572555174719e+002	  1.0657461309482740e+003	
  1.9170000000000000e+004	 -2.3576829229646486e+002	  1.0652118055995684e+003	
  1.9200000000000000e+004	 -2.3523047789093607e+002	  1.0662136652015195e+003	
  1.9230000000000000e+004	 -2.3445957566470196e+002	  1.0693528053968614e+003	
  1.9260000000000000e+004	 -2.4855064853089161e+002	  1.0698648643502017e+003	
  1.9290000000000000e+004	 -2.5695867831718834e+002	  1.0873416469408253e+003	
  1.9320000000000000e+004	 -2.6335883745663756e+002	  1.0862062120894586e+003	
  1.9350000000000000e+004	 -2.5936097011184052e+002	  1.0729594768666975e+003	
  1.9380000000000000e+004	 -2.4598701350665254e+002	  1.0831783884670197e+003	
  1.9410000000000000e+004	 -2.3288196174381997e+002	  1.0727813699252354e+003	
  1.9440000000000000e+004	 -2.5172384527722315e+002	  1.0754975090176715e+003	
  1.9470000000000000e+004	 -2.6334089229676033e+002	  1.0773453695875526e+003	
  1.9500000000000000e+004	 -2.5513007724480377e+002	  1.0783026993956146e+003	
  1.9530000000000000e+004	 -2.5575754276112693e+002	  1.0687516886769554e+003	
  1.9560000000000000e+004	 -2.5674356534236273e+002	  1.0512303791701506e+003	
  1.9590000000000000e+004	 -2.4993108635378886e+002	  1.0545921573927651e+003	
  1.9620000000000000e+004	 -2.6126128026181021e+002	  1.0622285119629928e+003	
  1.9650000000000000e+004	 -2.6683676805159553e+002	  1.0540800997284261e+003	
  1.9680000000000000e+004	 -2.6911357162004731e+002	  1.0668147745762969e+003	
  1.9710000000000000e+004	 -2.8795544158234929e+002	  1.0677275756623208e+003	
  1.9740000000000000e+004	 -2.8616267942216268e+002	  1.0666144010039366e+003	
  1.9770000000000000e+004	 -2.8587584674413597e+002	  1.0545921549879072e+003	
  1.9800000000000000e+004	 -2.7703756104444665e+002	  1.0690633822469840e+003	
  1.9830000000000000e+004	 -2.7135451408817090e+002	  1.0739168044813593e+003	
  1.9860000000000000e+004	 -2.5543483470634933e+002	  1.0672823069963349e+003	
  1.9890000000000000e+004	 -2.6895220981902628e+002	  1.0721802586444414e+003	
  1.9920000000000000e+004	 -2.7088840587930201e+002	  1.0853824661829372e+003	
  1.9950000000000000e+004	 -2.6038284620221532e+002	  1.0879872890159479e+003	
  1.9980000000000000e+004	 -2.5414406068328336e+002	  1.0876533349961312e+003	
  2.0010000000000000e+004	 -2.5572168502657897e+002	  1.0934195591316541e+003	
  2.0040000000000000e+004	 -2.9302895585803844e+002	  1.1392599400864588e+003	
  2.0070000000000000e+004	 -2.9077006877856877e+002	  1.1241653438745939e+003	
  2.0100000000000000e+004	 -2.5652842624140800e+002	  1.0702656060402285e+003	
  2.0130000000000000e+004	 -2.5539896630377157e+002	  1.0703991837667659e+003	
  2.0160000000000000e+004	 -2.6280305752807413e+002	  1.0784140123218961e+003	
  2.0190000000000000e+004	 -2.6418349538737135e+002	  1.0726255253138156e+003	
  2.0220000000000000e+004	 -2.5405439557962086e+002	  1.0754084507282364e+003	
  2.0250000000000000e+004	 -2.5525557211870705e+002	  1.0754084545074893e+003	
  2.0280000000000000e+004	 -2.5100671709177249e+002	  1.0733824815999265e+003	
  2.0310000000000000e+004	 -2.5118599748290302e+002	  1.0734715369424896e+003	
  2.0340000000000000e+004	 -2.5760406704350009e+002	  1.0637646875472901e+003	
  2.0370000000000000e+004	 -2.5833911240581290e+002	  1.0746737637669198e+003	
  2.0400000000000000e+004	 -2.6687261472741534e+002	  1.0730707963477012e+003	
  2.0430000000000000e+004	 -2.6092067398407568e+002	  1.0582656243827030e+003	
  2.0460000000000000e+004	 -2.6549220049956608e+002	  1.0767442611925794e+003	
  2.0490000000000000e+004	 -2.6789449344900896e+002	  1.0914826427858629e+003	
  2.0520000000000000e+004	 -2.5369585996441805e+002	  1.0809965730268079e+003	
  2.0550000000000000e+004	 -2.5663598309233993e+002	  1.0686626397437974e+003	
  2.0580000000000000e+004	 -2.5536312562064342e+002	  1.0761876777615225e+003	
  2.0610000000000000e+004	 -2.4388947087092279e+002	  1.0720466778819489e+003	
  2.0640000000000000e+004	 -2.3696944647918818e+002	  1.0736719050795045e+003	
  2.0670000000000000e+004	 -2.3341978925773029e+002	  1.0682396340109606e+003	
  2.0700000000000000e+004	 -2.2807737017574209e+002	  1.0854715173141335e+003	
  2.0730000000000000e+004	 -2.3293573491208608e+002	  1.0842025037855005e+003	
  2.0760000000000000e+004	 -2.2970876391650782e+002	  1.0767887876612986e+003	
  2.0790000000000000e+004	 -2.3533801645254192e+002	  1.0728258972494184e+003	
  2.0820000000000000e+004	 -2.4453488085766668e+002	  1.0734492742372165e+003	
  2.0850000000000000e+004	 -2.3311502222703308e+002	  1.0486923515250824e+003	
  2.0880000000000000e+004	 -2.4858649526827571e+002	  1.0697090176613208e+003	
  2.0910000000000000e+004	 -2.5281741804067906e+002	  1.0736941722601775e+003	
  2.0940000000000000e+004	 -2.3908488115854334e+002	  1.0631413120118466e+003	
  2.0970000000000000e+004	 -2.3349150285735936e+002	  1.0634084737522376e+003	
  2.1000000000000000e+004	 -2.4480377241821006e+002	  1.0627183043602599e+003	
  2.1030000000000000e+004	 -2.5624158206238752e+002	  1.0644993771278000e+003	
  2.1060000000000000e+004	 -2.5509423183178106e+002	  1.0570633966195951e+003	
  2.1090000000000000e+004	 -2.4831759887300865e+002	  1.0453973606891207e+003	
  2.1120000000000000e+004	 -2.3938967010913728e+002	  1.0504288963338026e+003	
  2.1150000000000000e+004	 -2.5484321358089420e+002	  1.0527888186029068e+003	
  2.1180000000000000e+004	 -2.5762200005079671e+002	  1.0624288863402783e+003	
  2.1210000000000000e+004	 -2.5443089757556874e+002	  1.0556608014767821e+003	
  2.1240000000000000e+004	 -2.5810604850639550e+002	  1.0642322155446072e+003	
  2.1270000000000000e+004	 -2.7036849878560514e+002	  1.0735828496895288e+003	
  2.1300000000000000e+004	 -2.6226525095812673e+002	  1.0642099540543593e+003	
  2.1330000000000000e+004	 -2.5948645951422702e+002	  1.0584437311388019e+003	
  2.1360000000000000e+004	 -2.6158399580319832e+002	  1.0572860308584929e+003	
  2.1390000000000000e+004	 -2.6447033289376975e+002	  1.0728704254471788e+003	
  2.1420000000000000e+004	 -2.5919961698365375e+002	  1.0505847435351156e+003	
  2.1450000000000000e+004	 -2.5236921101302045e+002	  1.0453083082586268e+003	
  2.1480000000000000e+004	 -2.5704830632697912e+002	  1.0597350044762222e+003	
  2.1510000000000000e+004	 -2.4828174617493224e+002	  1.0594678467193025e+003	
  2.1540000000000000e+004	 -2.6368154288589096e+002	  1.0754307179937680e+003	
  2.1570000000000000e+004	 -2.6308991588536190e+002	  1.0749631862622934e+003	
  2.1600000000000000e+004	 -2.5869766297830364e+002	  1.0618500358454405e+003	
  2.1630000000000000e+004	 -2.6581490188389699e+002	  1.0646774880126436e+003	
  2.1660000000000000e+004	 -2.5742481272554204e+002	  1.0603583822464407e+003	
  2.1690000000000000e+004	 -2.3478227510455244e+002	  1.0522544953728154e+003	
  2.1720000000000000e+004	 -2.5054061814656453e+002	  1.0411005229394700e+003	
  2.1750000000000000e+004	 -2.5283534675905980e+002	  1.0685290601614502e+003	
  2.1780000000000000e+004	 -2.4211465218163394e+002	  1.0662804482041545e+003	
  2.1810000000000000e+004	 -2.6482886668961982e+002	  1.0707108687965331e+003	
  2.1840000000000000e+004	 -2.3134016432192146e+002	  1.0418352200254437e+003	
  2.1870000000000000e+004	 -2.2270626187506232e+002	  1.0339005361025027e+003	
  2.1900000000000000e+004	 -2.2950260714297170e+002	  1.0336311453604853e+003	
  2.1930000000000000e+004	 -2.3366182709093104e+002	  1.0204623328915943e+003	
  2.1960000000000000e+004	 -2.4090453503039436e+002	  1.0083065060320369e+003	
  2.1990000000000000e+004	 -2.6764351684731321e+002	  9.9356812204348603e+002	
  2.2020000000000000e+004	 -2.9821001373398394e+002	  9.7488911281364813e+002	
  2.2050000000000000e+004	 -3.1746423169782952e+002	  9.8225830306456214e+002	
  2.2080000000000000e+004	 -3.4464243382609419e+002	  9.9226571134778862e+002	
  2.2110000000000000e+004	 -3.8165390170433858e+002	  9.5901529726938520e+002	
  2.2140000000000000e+004	 -4.0867075075737478e+002	  9.2526394672207266e+002	
  2.2170000000000000e+004	 -4.4224012323716954e+002	  9.2298194907044876e+002	
  2.2200000000000000e+004	 -4.6316159757867763e+002	  8.9696714662830868e+002	
  2.2230000000000000e+004	 -4.6001529869743217e+002	  8.5851822071128390e+002	
  2.2260000000000000e+004	 -4.4443623974680565e+002	  8.4030673646538833e+002	
  2.2290000000000000e+004	 -4.3485396442944727e+002	  8.3930488366576060e+002	
  2.2320000000000000e+004	 -4.3485396442944727e+002	  8.3930488366576060e+002	
  2.2350000000000000e+004	 -4.3485396442944727e+002	  8.3930488366576060e+002	
  2.2380000000000000e+004	 -4.3485396442944727e+002	  8.3930488366576060e+002	
  2.2410000000000000e+004	 -4.3485396442944727e+002	  8.3930488366576060e+002	
  2.2440000000000000e+004	 -4.3485396442944727e+002	  8.3930488366576060e+002	
  2.2470000000000000e+004	 -4.3485396442944727e+002	  8.3930488366576060e+002	
  2.2500000000000000e+004	 -4.3485396442944727e+002	  8.3930488366576060e+002	
  2.2530000000000000e+004	 -4.3485396442944727e+002	  8.3930488366576060e+002	
  2.2560000000000000e+004	 -4.3485396442944727e+002	  8.3930488366576060e+002	
  2.2590000000000000e+004	 -4.3485396442944727e+002	  8.3930488366576060e+002	
  2.2620000000000000e+004	 -4.3485396442944727e+002	  8.3930488366576060e+002	
  2.2650000000000000e+004	 -4.3485396442944727e+002	  8.3930488366576060e+002	
  2.2680000000000000e+004	 -4.3485396442944727e+002	  8.3930488366576060e+002	
  2.2710000000000000e+004	 -4.3485396442944727e+002	  8.3930488366576060e+002	
  2.2740000000000000e+004	 -4.3485396442944727e+002	  8.3930488366576060e+002	
  2.2770000000000000e+004	 -4.3485396442944727e+002	  8.3930488366576060e+002	
  2.2800000000000000e+004	 -4.3485396442944727e+002	  8.3930488366576060e+002	
  2.2830000000000000e+004	 -4.3485396442944727e+002	  8.3930488366576060e+002	
  2.2860000000000000e+004	 -4.3485396442944727e+002	  8.3930488366576060e+002	
  2.2890000000000000e+004	 -4.3485396442944727e+002	  8.3930488366576060e+002	
  2.2920000000000000e+004	 -4.3485396442944727e+002	  8.3930488366576060e+002	
  2.2950000000000000e+004	 -4.3485396442944727e+002	  8.3930488366576060e+002	
  2.2980000000000000e+004	 -4.3485396442944727e+002	  8.3930488366576060e+002	
  2.3010000000000000e+004	 -4.3485396442944727e+002	  8.3930488366576060e+002	
  2.3040000000000000e+004	 -4.3485396442944727e+002	  8.3930488366576060e+002	
  2.3070000000000000e+004	 -4.3485396442944727e+002	  8.3930488366576060e+002	
  2.3100000000000000e+004	 -4.3485396442944727e+002	  8.3930488366576060e+002	
  2.3130000000000000e+004	 -4.3485396442944727e+002	  8.3930488366576060e+002	
  2.3160000000000000e+004	 -4.3485396442944727e+002	  8.3930488366576060e+002	
  2.3190000000000000e+004	 -4.3485396442944727e+002	  8.3930488366576060e+002	
  2.3220000000000000e+004	 -4.3485396442944727e+002	  8.3930488366576060e+002	
  2.3250000000000000e+004	 -4.3485396442944727e+002	  8.3930488366576060e+002	
  2.3280000000000000e+004	 -4.3485396442944727e+002	  8.3930488366576060e+002	
  2.3310000000000000e+004	 -4.3485396442944727e+002	  8.3930488366576060e+002	
  2.3340000000000000e+004	 -4.3485396442944727e+002	  8.3930488366576060e+002	
  2.3370000000000000e+004	 -4.3485396442944727e+002	  8.3930488366576060e+002	
  2.3400000000000000e+004	 -4.3485396442944727e+002	  8.3930488366576060e+002	
  2.3430000000000000e+004	 -4.3485396442944727e+002	  8.3930488366576060e+002	
  2.3460000000000000e+004	 -4.3485396442944727e+002	  8.3930488366576060e+002	
  2.3490000000000000e+004	 -4.3485396442944727e+002	  8.3930488366576060e+002	
  2.3520000000000000e+004	 -4.3485396442944727e+002	  8.3930488366576060e+002	
  2.3550000000000000e+004	 -4.3485396442944727e+002	  8.3930488366576060e+002	
  2.3580000000000000e+004	 -4.3485396442944727e+002	  8.3930488366576060e+002	
  2.3610000000000000e+004	 -4.3485396442944727e+002	  8.3930488366576060e+002	
  2.3640000000000000e+004	 -4.3485396442944727e+002	  8.3930488366576060e+002	
  2.3670000000000000e+004	 -4.3485396442944727e+002	  8.3930488366576060e+002	
  2.3700000000000000e+004	 -4.3485396442944727e+002	  8.3930488366576060e+002	
  2.3730000000000000e+004	 -4.3485396442944727e+002	  8.3930488366576060e+002	
  2.3760000000000000e+004	 -4.3485396442944727e+002	  8.3930488366576060e+002	
  2.3790000000000000e+004	 -4.3485396442944727e+002	  8.3930488366576060e+002	
  2.3820000000000000e+004	 -4.3485396442944727e+002	  8.3930488366576060e+002	
  2.3850000000000000e+004	 -4.3485396442944727e+002	  8.3930488366576060e+002	
  2.3880000000000000e+004	 -4.4823045067086696e+002	  8.7527793986562165e+002	
  2.3910000000000000e+004	 -4.6224141510166805e+002	  9.1295728269055530e+002	
  2.3940000000000000e+004	 -4.6961551490684690e+002	  9.3283351225362276e+002	
  2.3970000000000000e+004	 -4.6302431992037043e+002	  9.1396709459832744e+002	
  2.4000000000000000e+004	 -4.6723863791384565e+002	  9.1623497214220629e+002	
  2.4030000000000000e+004	 -4.7145295590732093e+002	  9.1850284968608526e+002	
  2.4060000000000000e+004	 -4.7566727390079620e+002	  9.2077072722996400e+002	
  2.4090000000000000e+004	 -4.7988159189427154e+002	  9.2303860477384296e+002	
  2.4120000000000000e+004	 -4.8012107051678123e+002	  9.3537153798944746e+002	
  2.4150000000000000e+004	 -4.5511520198391912e+002	  8.9694794871145837e+002	
  2.4180000000000000e+004	 -4.1760639918462601e+002	  8.3931256479447484e+002	
  2.4210000000000000e+004	 -4.1880877422845276e+002	  8.3948299359987413e+002	
  2.4240000000000000e+004	 -3.8843948337178335e+002	  8.4244402696860811e+002	
  2.4270000000000000e+004	 -3.6617344604574066e+002	  8.7036235413745123e+002	
  2.4300000000000000e+004	 -3.4143339108212797e+002	  8.8075936921203868e+002	
  2.4330000000000000e+004	 -3.2571090781694750e+002	  8.8463321101598012e+002	
  2.4360000000000000e+004	 -3.1267756576821165e+002	  8.7127515641019340e+002	
  2.4390000000000000e+004	 -3.1296441008388649e+002	  9.1117120621128038e+002	
  2.4420000000000000e+004	 -3.0841081599934040e+002	  9.0910070607653256e+002	
  2.4450000000000000e+004	 -3.1131507761168109e+002	  9.0705247196793550e+002	
  2.4480000000000000e+004	 -2.9948288539164912e+002	  9.0015081987904580e+002	
  2.4510000000000000e+004	 -3.0269192047324407e+002	  8.9191334876107499e+002	
  2.4540000000000000e+004	 -3.0896655240526513e+002	  8.9761278228657761e+002	
  2.4570000000000000e+004	 -3.0794469568630353e+002	  9.0576119480960983e+002	
  2.4600000000000000e+004	 -3.0188517586290271e+002	  9.0787622269791677e+002	
  2.4630000000000000e+004	 -2.9982350805408225e+002	  8.9126770816236638e+002	
  2.4660000000000000e+004	 -2.9980557048296652e+002	  8.8576864628043654e+002	
  2.4690000000000000e+004	 -2.9098520009486379e+002	  8.7835492817404031e+002	
  2.4720000000000000e+004	 -2.9948288154002648e+002	  8.9080018000992823e+002	
  2.4750000000000000e+004	 -3.0303253575511741e+002	  8.8993190405566679e+002	
  2.4780000000000000e+004	 -3.0227957690246251e+002	  8.8966473751214801e+002	
  2.4810000000000000e+004	 -3.0202858870183661e+002	  8.9511928229766727e+002	
  2.4840000000000000e+004	 -2.8861877488430963e+002	  8.7212116555497653e+002	
  2.4870000000000000e+004	 -2.9844306727164604e+002	  8.8763876886184278e+002	
  2.4900000000000000e+004	 -3.0597265676163681e+002	  9.0068514215694381e+002	
  2.4930000000000000e+004	 -3.1170948042407019e+002	  9.1252927148921242e+002	
  2.4960000000000000e+004	 -3.1603002125147316e+002	  9.1482240894546521e+002	
  2.4990000000000000e+004	 -3.1120751295116776e+002	  8.9251446208713639e+002	
  2.5020000000000000e+004	 -3.1378907138205915e+002	  8.8392077550255851e+002	
  2.5050000000000000e+004	 -3.2232260213252493e+002	  8.6372786294832690e+002	
  2.5080000000000000e+004	 -3.1949005761335917e+002	  8.6150151318148733e+002	
  2.5110000000000000e+004	 -3.5107842675616092e+002	  8.7964619653389707e+002	
  2.5140000000000000e+004	 -3.9344127507687347e+002	  8.6000986620874096e+002	
  2.5170000000000000e+004	 -4.2770086447881039e+002	  8.6619910113731260e+002	
  2.5200000000000000e+004	 -4.6592244151015620e+002	  8.6107851466346403e+002	
  2.5230000000000000e+004	 -5.0464598328314378e+002	  8.6562024922891692e+002	
  2.5260000000000000e+004	 -5.4306477343862423e+002	  8.6228074021450834e+002	
  2.5290000000000000e+004	 -5.7951151994543716e+002	  8.5838463654787699e+002	
  2.5320000000000000e+004	 -6.0905615328084900e+002	  8.7123062877398775e+002	
  2.5350000000000000e+004	 -6.3973022713268563e+002	  8.5978723234028735e+002	
  2.5380000000000000e+004	 -6.5550648875252205e+002	  8.6435123410093797e+002	
  2.5410000000000000e+004	 -6.4137956078380580e+002	  8.9307104401707272e+002	
  2.5440000000000000e+004	 -6.1386455506836342e+002	  9.2471115566625167e+002	
  2.5470000000000000e+004	 -5.9549833285778686e+002	  9.4119556066192229e+002	
  2.5500000000000000e+004	 -7.0699446813582404e+002	  9.1633632112488635e+002	
  2.5530000000000000e+004	 -7.2994175688144719e+002	  9.1767212514782295e+002	
  2.5560000000000000e+004	 -6.3075748453860820e+002	  9.2279270831936628e+002	
  2.5590000000000000e+004	 -6.5608016493287903e+002	  9.3509325312658962e+002	
  2.5620000000000000e+004	 -6.8601921371014464e+002	  9.3459232621078297e+002	
  2.5650000000000000e+004	 -6.9498299713558140e+002	  9.2329363688389526e+002	
  2.5680000000000000e+004	 -7.6888940890683079e+002	  9.2084466354752112e+002	
  2.5710000000000000e+004	 -6.7369400861794259e+002	  9.0898939090100032e+002	
  2.5740000000000000e+004	 -6.6737453320576890e+002	  9.1338641433777559e+002	
  2.5770000000000000e+004	 -7.3702314920017909e+002	  9.1828437048649698e+002	
  2.5800000000000000e+004	 -6.7450074996293358e+002	  9.0837714767861632e+002	
  2.5830000000000000e+004	 -6.7239426013285595e+002	  9.1277417055939895e+002	
  2.5860000000000000e+004	 -7.0798048539014621e+002	  9.1455524539003488e+002	
  2.5890000000000000e+004	 -6.6692635315409098e+002	  9.0999124508612442e+002	
  2.5920000000000000e+004	 -6.8144768514086809e+002	  9.1455524724238842e+002	
  2.5950000000000000e+004	 -6.6262373630250318e+002	  9.1906358612191684e+002	
  2.5980000000000000e+004	 -6.6047242950351688e+002	  9.1950885866234387e+002	
  2.6010000000000000e+004	 -6.6033796497387050e+002	  9.1811739176018966e+002	
  2.6040000000000000e+004	 -6.6078615597415705e+002	  9.1422129362894282e+002	
  2.6070000000000000e+004	 -6.7203571122299206e+002	  9.2179085268267374e+002	
  2.6100000000000000e+004	 -6.7302172656119296e+002	  9.3075188524350017e+002	
  2.6130000000000000e+004	 -6.7199088956464595e+002	  9.3553852142980099e+002	
  2.6160000000000000e+004	 -6.5316693941404287e+002	  9.3821012866647254e+002	
  2.6190000000000000e+004	 -6.6697116831015171e+002	  9.2418417424037307e+002	
  2.6220000000000000e+004	 -7.1286574571019560e+002	  9.3626207625636312e+002	
  2.6250000000000000e+004	 -6.8431609098057072e+002	  9.2557564243065747e+002	
