  0.0000000000000000e+000	 -1.3869049969571282e+002	  9.3203202952124457e+002	
  3.0000000000000000e+001	  1.0082183787659199e+002	  8.8594675010822777e+002	
  6.0000000000000000e+001	 -4.1254195978427148e+001	  7.4323823141338073e+002	
  9.0000000000000000e+001	 -2.2814910201130294e+002	  6.4739419870150869e+002	
  1.2000000000000000e+002	 -6.8683328897764298e+001	  5.3507526138814603e+002	
  1.5000000000000000e+002	  3.2159358050100920e+001	  3.7177307351075081e+002	
  1.8000000000000000e+002	  1.2466544780553227e+002	  3.8869327107754151e+002	
  2.1000000000000000e+002	  1.2009396569230478e+002	  3.6709774643370037e+002	
  2.4000000000000000e+002	  7.2227349433211899e+001	  3.5151335917847382e+002	
  2.7000000000000000e+002	  1.8713392562264485e+001	  3.1611450255573021e+002	
  3.0000000000000000e+002	  5.0879486631013062e+000	  2.4164338965332598e+002	
  3.3000000000000000e+002	 -7.3792730858092639e+001	  1.8086424086640267e+002	
  3.6000000000000000e+002	 -1.1421934038357047e+002	  1.7641153274880153e+002	
  3.9000000000000000e+002	 -1.1905978308758594e+002	  1.8487165153462902e+002	
  4.2000000000000000e+002	 -1.2461732897578989e+002	  1.9388834355590609e+002	
  4.5000000000000000e+002	 -1.2775465513596629e+002	  2.0646717354422202e+002	
  4.8000000000000000e+002	 -1.4236565011362072e+002	  2.3730200190938942e+002	
  5.1000000000000000e+002	 -1.5984503373005813e+002	  2.6602181648563396e+002	
  5.4000000000000000e+002	 -2.4822795031626575e+002	  4.0783981085655142e+002	
  5.7000000000000000e+002	 -1.6074139359067658e+002	  5.2828489802000638e+002	
  6.0000000000000000e+002	 -6.1601942530710367e+001	  5.0557622472460741e+002	
  6.3000000000000000e+002	  2.3733275514973247e+001	  3.7110516491852502e+002	
  6.6000000000000000e+002	  9.4457511667147827e+001	  3.8646691621138558e+002	
  6.9000000000000000e+002	  8.8720681274945534e+001	  3.7433335692065737e+002	
  7.2000000000000000e+002	  4.3363896781213491e+001	  3.8012185618646640e+002	
  7.5000000000000000e+002	  8.4054996315061477e+000	  3.4483433907733030e+002	
  7.8000000000000000e+002	 -2.9690713672932020e+001	  3.1700505849215449e+002	
  8.1000000000000000e+002	 -6.9310788984696060e+001	  3.1054867180800329e+002	
  8.4000000000000000e+002	 -1.0606232684535871e+002	  3.3169890007062389e+002	
  8.7000000000000000e+002	 -1.3869049969571282e+002	  3.1900875887809224e+002	
  9.0000000000000000e+002	 -1.5814190643417564e+002	  2.7782143077181843e+002	
  9.3000000000000000e+002	 -1.4102109850943884e+002	  2.3229272095095504e+002	
  9.6000000000000000e+002	 -1.2130077348354889e+002	  1.9099409513281537e+002	
  9.9000000000000000e+002	 -1.1197843713318045e+002	  1.5214442881381964e+002	
  1.0200000000000000e+003	 -1.0014622334893295e+002	  1.1385133938303126e+002	
  1.0500000000000000e+003	 -7.8184966059068969e+001	  7.4779080237123154e+001	
  1.0800000000000000e+003	 -5.6402943568806826e+001	  4.2163108461898936e+001	
  1.1100000000000000e+003	 -5.4430900796272766e+001	  3.6374725360044145e+001	
  1.1400000000000000e+003	 -5.4610157931745867e+001	  3.4927540132304649e+001	
  1.1700000000000000e+003	 -5.2369151462963011e+001	  3.7042532312069831e+001	
  1.2000000000000000e+003	 -5.2458935538189813e+001	  3.7598946234964473e+001	
  1.2300000000000000e+003	 -7.3792730858092639e+001	  1.7673278535830050e+001	
  1.2600000000000000e+003	 -8.4549254858975587e+001	  4.3156772481489485e+000	
  1.2900000000000000e+003	 -6.2588036563849244e+001	  2.7469241301598945e+001	
  1.3200000000000000e+003	 -3.3903706083151164e+001	  5.1291106483369930e+001	
  1.3500000000000000e+003	 -3.6144800465368434e+001	  5.4964535672815728e+001	
  1.3800000000000000e+003	 -5.6940701906261324e+001	  8.5242844747653265e+001	
  1.4100000000000000e+003	 -6.9938302333096772e+001	  1.1841538278894599e+002	
  1.4400000000000000e+003	 -6.1064111787080392e+001	  1.5693108287325782e+002	
  1.4700000000000000e+003	 -4.0268091560930031e+001	  1.9322045109613012e+002	
  1.5000000000000000e+003	 -6.2060207832477117e+000	  2.1681969221200129e+002	
  1.5300000000000000e+003	  2.5615598207457865e+001	  2.4531683069363027e+002	
  1.5600000000000000e+003	  5.2327740368966431e+001	  2.7615166919429413e+002	
  1.5900000000000000e+003	  4.5515141104926222e+001	  2.9251529525141234e+002	
  1.6200000000000000e+003	  5.1700322764901891e+001	  3.2357274794847092e+002	
  1.6500000000000000e+003	  8.5045526521085620e+001	  3.4372116497760743e+002	
  1.6800000000000000e+003	  1.1498456992850792e+002	  3.4717199303696896e+002	
  1.7100000000000000e+003	  1.3067119831521117e+002	  3.6364691903187924e+002	
  1.7400000000000000e+003	  1.4071068652037442e+002	  3.6053003687120975e+002	
  1.7700000000000000e+003	  1.6007242978860180e+002	  3.4995490419576470e+002	
  1.8000000000000000e+003	  2.0327787602662278e+002	  3.1644846572739834e+002	
  1.8300000000000000e+003	  1.4976408557326712e+002	  3.1945403110189670e+002	
  1.8600000000000000e+003	  1.4483399863271742e+002	  3.2156904580035967e+002	
  1.8900000000000000e+003	  1.8965292097408383e+002	  5.2964297633906324e+002	
  1.9200000000000000e+003	  2.2765935711715414e+002	  4.8509388046655465e+002	
  1.9500000000000000e+003	  2.2197710649656148e+002	  4.4176151749317251e+002	
  1.9800000000000000e+003	  2.1566349469590293e+002	  3.9361444752274792e+002	
  2.0100000000000000e+003	  2.0934988289524441e+002	  3.4546737755232328e+002	
  2.0400000000000000e+003	  2.0141343242901615e+002	  3.0064143022273100e+002	
  2.0700000000000000e+003	  1.8095805228304820e+002	  3.0480471014046020e+002	
  2.1000000000000000e+003	  1.9859527340402366e+002	  2.8531597578027521e+002	
  2.1300000000000000e+003	  2.0436814512914444e+002	  3.0293916647776956e+002	
  2.1600000000000000e+003	  2.1014101685426519e+002	  3.2056235717526391e+002	
  2.1900000000000000e+003	  2.1591388857938594e+002	  3.3818554787275826e+002	
  2.2200000000000000e+003	  2.2168676030450669e+002	  3.5580873857025256e+002	
  2.2500000000000000e+003	  2.2745963202962744e+002	  3.7343192926774691e+002	
  2.2800000000000000e+003	  2.1534314594317635e+002	  3.6658568855429883e+002	
  2.3100000000000000e+003	  1.7835855320066088e+002	  3.7050405000862963e+002	
  2.3400000000000000e+003	  1.9730800270253184e+002	  3.6894561586010377e+002	
  2.3700000000000000e+003	  1.8929437048655274e+002	  3.5941687150103098e+002	
  2.4000000000000000e+003	  1.6419957962083762e+002	  3.5251047216557583e+002	
  2.4300000000000000e+003	  1.2475510177318162e+002	  3.4211818853420999e+002	
  2.4600000000000000e+003	  1.5663631961282130e+002	  3.4337482114633963e+002	
  2.4900000000000000e+003	  1.2780285224328418e+002	  3.7753930292333632e+002	
  2.5200000000000000e+003	  1.2659224874555380e+002	  3.6764716182637125e+002	
  2.5500000000000000e+003	  1.0305507959106633e+002	  3.2078625471842923e+002	
  2.5800000000000000e+003	  7.9517910436578859e+001	  2.7392534761048717e+002	
  2.6100000000000000e+003	  5.5980741282091387e+001	  2.2706444050254512e+002	
  2.6400000000000000e+003	  6.0843313672904593e+001	  2.8917578678020584e+002	
  2.6700000000000000e+003	  6.0843313672904586e+001	  2.8917578678020590e+002	
  2.7000000000000000e+003	  6.0843313672904586e+001	  2.8917578678020590e+002	
  2.7300000000000000e+003	  6.0843313672904586e+001	  2.8917578678020590e+002	
  2.7600000000000000e+003	  6.0843313672904586e+001	  2.8917578678020590e+002	
  2.7900000000000000e+003	  6.0843313672904586e+001	  2.8917578678020590e+002	
  2.8200000000000000e+003	  6.0843313672904586e+001	  2.8917578678020590e+002	
  2.8500000000000000e+003	  7.3886996281023727e+001	  3.0070470968776482e+002	
  2.8800000000000000e+003	  1.0400779378378596e+002	  3.2732758627534622e+002	
  2.9100000000000000e+003	  1.3412859128654819e+002	  3.5395046286292774e+002	
  2.9400000000000000e+003	  1.6424938878931042e+002	  3.8057333945050920e+002	
  2.9700000000000000e+003	  1.6943060662067245e+002	  3.5102355871199518e+002	
  3.0000000000000000e+003	  1.7317750061877337e+002	  3.4605881896916605e+002	
  3.0300000000000000e+003	  1.8472281790122406e+002	  3.4839647791681051e+002	
  3.0600000000000000e+003	  1.3147796976204546e+002	  3.2922766728208330e+002	
  3.0900000000000000e+003	  1.5236357677130604e+002	  3.3381392283517596e+002	
  3.1200000000000000e+003	  1.5844514929382655e+002	  3.5928842688063429e+002	
  3.1500000000000000e+003	  1.6263608080356693e+002	  3.7771740265272717e+002	
  3.1800000000000000e+003	  1.7025529552514641e+002	  3.9784353749171203e+002	
  3.2100000000000000e+003	  2.4872427704016746e+002	  4.0928692304258800e+002	
  3.2400000000000000e+003	  2.6181139745963998e+002	  4.1151326346487582e+002	
  3.2700000000000000e+003	  2.6181139745963998e+002	  4.1151326346487582e+002	
  3.3000000000000000e+003	  2.6181139745963998e+002	  4.1151326346487582e+002	
  3.3300000000000000e+003	  2.6181139745963998e+002	  4.1151326346487582e+002	
  3.3600000000000000e+003	  2.6181139745963998e+002	  4.1151326346487582e+002	
  3.3900000000000000e+003	  2.6181139745963998e+002	  4.1151326346487582e+002	
  3.4200000000000000e+003	  2.6181139745963998e+002	  4.1151326346487582e+002	
  3.4500000000000000e+003	  2.6181139745963998e+002	  4.1151326346487582e+002	
  3.4800000000000000e+003	  2.6181139745963998e+002	  4.1151326346487582e+002	
  3.5100000000000000e+003	  2.6181139745963998e+002	  4.1151326346487582e+002	
  3.5400000000000000e+003	  2.6181139745963998e+002	  4.1151326346487582e+002	
  3.5700000000000000e+003	  2.6181139745963998e+002	  4.1151326346487582e+002	
  3.6000000000000000e+003	  2.5084091471635568e+002	  4.0992976316037556e+002	
  3.6300000000000000e+003	  2.1105325767331033e+002	  4.0418673721362933e+002	
  3.6600000000000000e+003	  1.7126560063026488e+002	  3.9844371126688304e+002	
  3.6900000000000000e+003	  1.3147794358721950e+002	  3.9270068532013681e+002	
  3.7200000000000000e+003	  1.7109789999525597e+002	  4.2075258367101350e+002	
  3.7500000000000000e+003	  8.2804644213292420e+001	  5.9340541253876609e+002	
  3.7800000000000000e+003	 -1.9148718895446240e+002	  6.0854453521638106e+002	
  3.8100000000000000e+003	 -1.3295364932785168e+002	  7.1908242236713784e+002	
  3.8400000000000000e+003	 -1.5814190643417564e+002	  7.5693023304270332e+002	
  3.8700000000000000e+003	 -1.5903832383096810e+002	  7.5759813249807223e+002	
  3.9000000000000000e+003	 -1.5715591323818771e+002	  7.6260740551752895e+002	
  3.9300000000000000e+003	 -1.5599059903064241e+002	  7.6116027370076813e+002	
  3.9600000000000000e+003	 -1.5536316004084424e+002	  7.6060369590678999e+002	
  3.9900000000000000e+003	 -1.5545278321826368e+002	  7.5893394139313637e+002	
  4.0200000000000000e+003	 -1.5625950644487921e+002	  7.5681891286824668e+002	
  4.0500000000000000e+003	 -1.5670771676747438e+002	  7.5537179427575666e+002	
  4.0800000000000000e+003	 -1.5706628424774200e+002	  7.5670759422226547e+002	
  4.1100000000000000e+003	 -1.5661806197355563e+002	  7.5514916247323822e+002	
  4.1400000000000000e+003	 -1.5661806197355563e+002	  7.5470389333711842e+002	
  4.1700000000000000e+003	 -1.5697660408180639e+002	  7.5336807753098890e+002	
  4.2000000000000000e+003	 -1.5688698779958398e+002	  7.5169832809171533e+002	
  4.2300000000000000e+003	 -1.6065179712118206e+002	  7.4913803471530093e+002	
  4.2600000000000000e+003	 -1.6163775613556390e+002	  7.5047384545301099e+002	
  4.2900000000000000e+003	 -1.6199633981030394e+002	  7.5136437892143670e+002	
  4.3200000000000000e+003	 -1.6154815358849368e+002	  7.5169832809171533e+002	
  4.3500000000000000e+003	 -1.6109995398802482e+002	  7.5225490879564950e+002	
  4.3800000000000000e+003	 -1.6038287635468996e+002	  7.5381335685969634e+002	
  4.4100000000000000e+003	 -1.6038287635468996e+002	  7.5370204371367265e+002	
  4.4400000000000000e+003	 -1.6056215065530884e+002	  7.5436993963230452e+002	
  4.4700000000000000e+003	 -1.6029324854078163e+002	  7.5514916247323822e+002	
  4.5000000000000000e+003	 -1.5993468681932808e+002	  7.5570574151530002e+002	
  4.5300000000000000e+003	 -1.5993468681932808e+002	  7.5603970253500995e+002	
  4.5600000000000000e+003	 -1.6020357058352292e+002	  7.5670759422226547e+002	
  4.5900000000000000e+003	 -1.6101033264831958e+002	  7.5715286007995428e+002	
  4.6200000000000000e+003	 -1.6199633981030394e+002	  7.5715286007995428e+002	
  4.6500000000000000e+003	 -1.6092066139592313e+002	  7.5815472459641580e+002	
  4.6800000000000000e+003	 -1.6029324854078163e+002	  7.5871130124569515e+002	
  4.7100000000000000e+003	 -1.6029324854078163e+002	  7.5848867910650199e+002	
  4.7400000000000000e+003	 -1.6101033264831958e+002	  7.5793208198578088e+002	
  4.7700000000000000e+003	 -1.6244451276419122e+002	  7.5726418483842360e+002	
  4.8000000000000000e+003	 -1.6244451276419122e+002	  7.5615100602501582e+002	
  4.8300000000000000e+003	 -1.6253417689341080e+002	  7.5570574151530002e+002	
  4.8600000000000000e+003	 -1.6181703566105404e+002	  7.5570574151530002e+002	
  4.8900000000000000e+003	 -1.6145850131585843e+002	  7.5526047760816562e+002	
  4.9200000000000000e+003	 -1.6145850131585843e+002	  7.5448125001433414e+002	
  4.9500000000000000e+003	 -1.6145850131585843e+002	  7.5470389333711842e+002	
  4.9800000000000000e+003	 -1.6136885520920089e+002	  7.5526047760816562e+002	
  5.0100000000000000e+003	 -1.6109995398802482e+002	  7.5548310649735322e+002	
  5.0400000000000000e+003	 -1.6109995398802482e+002	  7.5503784289014641e+002	
  5.0700000000000000e+003	 -1.6056215065530884e+002	  7.5492653082169852e+002	
  5.1000000000000000e+003	 -1.6047251039634233e+002	  7.5648496151842812e+002	
  5.1300000000000000e+003	 -1.5778337898990750e+002	  7.5559443220622018e+002	
  5.1600000000000000e+003	 -1.5930718963761097e+002	  7.5670759422226547e+002	
  5.1900000000000000e+003	 -1.5984503373005813e+002	  7.5592838265659088e+002	
  5.2200000000000000e+003	 -1.6011395522492646e+002	  7.5559443220622018e+002	
  5.2500000000000000e+003	 -1.5984503373005813e+002	  7.5548310649735322e+002	
  5.2800000000000000e+003	 -1.5939686190386431e+002	  7.5570574151530002e+002	
  5.3100000000000000e+003	 -1.5903832383096810e+002	  7.5526047760816562e+002	
  5.3400000000000000e+003	 -1.5876940095329519e+002	  7.5481521430467865e+002	
  5.3700000000000000e+003	 -1.5876940095329519e+002	  7.5370204371367265e+002	
  5.4000000000000000e+003	 -1.5948648375133686e+002	  7.5258885887169697e+002	
  5.4300000000000000e+003	 -1.5948648375133686e+002	  7.4947198162043867e+002	
  5.4600000000000000e+003	 -1.5769376296104971e+002	  7.4691169351980614e+002	
  5.4900000000000000e+003	 -1.5688698779958398e+002	  7.4680037368210742e+002	
  5.5200000000000000e+003	 -1.5957611186823905e+002	  7.5492653082169852e+002	
  5.5500000000000000e+003	 -1.6002428968075344e+002	  7.5514916247323822e+002	
  5.5800000000000000e+003	 -1.5894861977242334e+002	  7.5314545307800540e+002	
  5.6100000000000000e+003	 -1.5930718963761097e+002	  7.5281150394227086e+002	
  5.6400000000000000e+003	 -1.5966574624401287e+002	  7.5303414315893576e+002	
  5.6700000000000000e+003	 -1.5984503373005813e+002	  7.5370204371367265e+002	
  5.7000000000000000e+003	 -1.6011395522492646e+002	  7.5425862479891794e+002	
  5.7300000000000000e+003	 -1.5867971563757962e+002	  7.5648496151842812e+002	
  5.7600000000000000e+003	 -1.5796263006783363e+002	  7.5715286007995428e+002	
  5.7900000000000000e+003	 -1.5876940095329519e+002	  7.5681891286824668e+002	
  5.8200000000000000e+003	 -1.5975538686812328e+002	  7.5592838265659088e+002	
  5.8500000000000000e+003	 -1.6092066139592313e+002	  7.5247754464282173e+002	
  5.8800000000000000e+003	 -1.6217561280568816e+002	  7.5359072611153044e+002	
  5.9100000000000000e+003	 -1.6074139359067658e+002	  7.5481521430467865e+002	
  5.9400000000000000e+003	 -1.6011395522492646e+002	  7.5448125001433414e+002	
  5.9700000000000000e+003	 -1.6002428968075344e+002	  7.5470389333711842e+002	
  6.0000000000000000e+003	 -1.5984503373005813e+002	  7.5548310649735322e+002	
  6.0300000000000000e+003	 -1.5984503373005813e+002	  7.5570574151530002e+002	
  6.0600000000000000e+003	 -1.5894861977242334e+002	  7.5503784289014641e+002	
  6.0900000000000000e+003	 -1.5859009351370264e+002	  7.5481521430467865e+002	
  6.1200000000000000e+003	 -1.5850047770148905e+002	  7.5459257988711920e+002	
  6.1500000000000000e+003	 -1.6074139359067658e+002	  7.5603970253500995e+002	
  6.1800000000000000e+003	 -1.6109995398802482e+002	  7.5615100602501582e+002	
  6.2100000000000000e+003	 -1.6047251039634233e+002	  7.5481521430467865e+002	
  6.2400000000000000e+003	 -1.5760409597519566e+002	  7.5425862479891794e+002	
  6.2700000000000000e+003	 -1.6047251039634233e+002	  7.5559443220622018e+002	
  6.3000000000000000e+003	 -1.6056215065530884e+002	  7.5514916247323822e+002	
  6.3300000000000000e+003	 -1.5823155407364206e+002	  7.5848867910650199e+002	
  6.3600000000000000e+003	 -1.5912792055863702e+002	  7.5103042558125128e+002	
  6.3900000000000000e+003	 -1.5885903563635691e+002	  7.5214359918421087e+002	
  6.4200000000000000e+003	 -1.5823155407364206e+002	  7.5381335685969634e+002	
  6.4500000000000000e+003	 -1.5859009351370264e+002	  7.5425862479891794e+002	
  6.4800000000000000e+003	 -1.6011395522492646e+002	  7.5659628307461946e+002	
  6.5100000000000000e+003	 -1.6038287635468996e+002	  7.5626232896477222e+002	
  6.5400000000000000e+003	 -1.6047251039634233e+002	  7.5648496151842812e+002	
  6.5700000000000000e+003	 -1.6020357058352292e+002	  7.5670759422226547e+002	
  6.6000000000000000e+003	 -1.5966574624401287e+002	  7.5537179427575666e+002	
  6.6300000000000000e+003	 -1.5975538686812328e+002	  7.5548310649735322e+002	
  6.6600000000000000e+003	 -1.5975538686812328e+002	  7.5615100602501582e+002	
  6.6900000000000000e+003	 -1.6002428968075344e+002	  7.5681891286824668e+002	
  6.7200000000000000e+003	 -1.6056215065530884e+002	  7.5815472459641580e+002	
  6.7500000000000000e+003	 -1.6109995398802482e+002	  7.5859999238914054e+002	
  6.7800000000000000e+003	 -1.6109995398802482e+002	  7.5893394139313637e+002	
  6.8100000000000000e+003	 -1.6083105247055704e+002	  7.5882262353312944e+002	
  6.8400000000000000e+003	 -1.6163775613556390e+002	  7.5960184486970718e+002	
  6.8700000000000000e+003	 -1.6235491038487049e+002	  7.6004711459601685e+002	
  6.9000000000000000e+003	 -1.6360984688128281e+002	  7.5960184486970718e+002	
  6.9300000000000000e+003	 -1.6522328695265963e+002	  7.5937921022900059e+002	
  6.9600000000000000e+003	 -1.6271346794586987e+002	  7.6149423268896896e+002	
  6.9900000000000000e+003	 -1.6020357058352292e+002	  7.6249608495874895e+002	
  7.0200000000000000e+003	 -1.6217561280568816e+002	  7.6004711459601685e+002	
  7.0500000000000000e+003	 -1.6235491038487049e+002	  7.6193950493286513e+002	
  7.0800000000000000e+003	 -1.6352016496354719e+002	  7.6249608495874895e+002	
  7.1100000000000000e+003	 -1.6594040419428472e+002	  7.6283003342215886e+002	
  7.1400000000000000e+003	 -1.6620929988555099e+002	  7.6316398961820823e+002	
  7.1700000000000000e+003	 -1.6692640185224303e+002	  7.6360925815704491e+002	
  7.2000000000000000e+003	 -1.6226525852739758e+002	  7.5859999238914054e+002	
  7.2300000000000000e+003	 -1.5688698779958398e+002	  7.5080778770176505e+002	
  7.2600000000000000e+003	 -1.5778337898990750e+002	  7.5080778770176505e+002	
  7.2900000000000000e+003	 -1.5885903563635691e+002	  7.5203227910305395e+002	
  7.3200000000000000e+003	 -1.5841086821165069e+002	  7.5214359918421087e+002	
  7.3500000000000000e+003	 -1.5688698779958398e+002	  7.5659628307461946e+002	
  7.3800000000000000e+003	 -1.5392895799781016e+002	  7.6338662085564863e+002	
  7.4100000000000000e+003	 -1.5231549090028165e+002	  7.6605823091759942e+002	
  7.4400000000000000e+003	 -1.5608026702226121e+002	  7.5425862479891794e+002	
  7.4700000000000000e+003	 -1.4344130999110814e+002	  7.4869277371441740e+002	
  7.5000000000000000e+003	 -1.8978407516757591e+002	  6.8101197288887397e+002	
  7.5300000000000000e+003	 -5.2189985289513572e+001	  5.4631827680770289e+002	
  7.5600000000000000e+003	  1.5460452353360907e+002	  5.4798803411936285e+002	
  7.5900000000000000e+003	  1.9413481439414406e+002	  4.5292322618573849e+002	
  7.6200000000000000e+003	  1.3165726554029226e+002	  3.9214407955243388e+002	
  7.6500000000000000e+003	  1.3094015981484890e+002	  3.9448175756338009e+002	
  7.6800000000000000e+003	  1.3228468510966718e+002	  3.9214407955243388e+002	
  7.7100000000000000e+003	  1.3345002458178854e+002	  3.9303463352798553e+002	
  7.7400000000000000e+003	  1.3380854271832737e+002	  3.9281200610750210e+002	
  7.7700000000000000e+003	  1.3345002458178854e+002	  3.9292331834411277e+002	
  7.8000000000000000e+003	  1.3398784652528909e+002	  3.9303463352798553e+002	
  7.8300000000000000e+003	  1.3416711267567317e+002	  3.9270068532013681e+002	
  7.8600000000000000e+003	  1.3443600041446405e+002	  3.9258936747852732e+002	
  7.8900000000000000e+003	  1.3425668962802069e+002	  3.9247804107813295e+002	
  7.9200000000000000e+003	  1.3461527365110260e+002	  3.9236672913229290e+002	
  7.9500000000000000e+003	  1.3524272862594194e+002	  3.9203276494406055e+002	
  7.9800000000000000e+003	  1.3533239454387692e+002	  3.9214407955243388e+002	
  8.0100000000000000e+003	  1.3578056769108954e+002	  3.9303463352798553e+002	
  8.0400000000000000e+003	  1.3613911875727911e+002	  3.9214407955243388e+002	
  8.0700000000000000e+003	  1.3551168169816674e+002	  3.9236672913229290e+002	
  8.1000000000000000e+003	  1.3416711267567317e+002	  3.9203276494406055e+002	
  8.1300000000000000e+003	  1.3353960907406341e+002	  3.9169881579485434e+002	
  8.1600000000000000e+003	  1.3246400596026857e+002	  3.9147620165740011e+002	
  8.1900000000000000e+003	  1.3183654912174529e+002	  3.9103092811874791e+002	
  8.2200000000000000e+003	  1.3174690354771897e+002	  3.9058565572469519e+002	
  8.2500000000000000e+003	  1.3165726554029226e+002	  3.9025171809510925e+002	
  8.2800000000000000e+003	  1.3031264363920886e+002	  3.9002907697958125e+002	
  8.3100000000000000e+003	  1.2968522529396429e+002	  3.9125357628830318e+002	
  8.3400000000000000e+003	  1.3094015981484890e+002	  3.9136488172317246e+002	
  8.3700000000000000e+003	  1.3183654912174529e+002	  3.9002907697958125e+002	
  8.4000000000000000e+003	  1.3031264363920886e+002	  3.9036300838872398e+002	
  8.4300000000000000e+003	  1.3004377343842211e+002	  3.9058565572469519e+002	
  8.4600000000000000e+003	  1.2986451877724252e+002	  3.9136488172317246e+002	
  8.4900000000000000e+003	  1.2968522529396429e+002	  3.9203276494406055e+002	
  8.5200000000000000e+003	  1.3407747587711694e+002	  3.9125357628830318e+002	
  8.5500000000000000e+003	  1.3542200109202699e+002	  3.9025171809510925e+002	
  8.5800000000000000e+003	  1.3560130299359798e+002	  3.8947247977294882e+002	
  8.6100000000000000e+003	  1.3569093166277298e+002	  3.8891588725041964e+002	
  8.6400000000000000e+003	  1.3578056769108954e+002	  3.8824799313659156e+002	
  8.6700000000000000e+003	  1.3569093166277298e+002	  3.8813667819315617e+002	
  8.7000000000000000e+003	  1.3560130299359798e+002	  3.8835932269030315e+002	
  8.7300000000000000e+003	  1.3587021106398277e+002	  3.8835932269030315e+002	
  8.7600000000000000e+003	  1.3578056769108954e+002	  3.8869327107754151e+002	
  8.7900000000000000e+003	  1.3470495490749360e+002	  3.8902721141597431e+002	
  8.8200000000000000e+003	  1.3569093166277298e+002	  3.8891588725041964e+002	
  8.8500000000000000e+003	  1.3551168169816674e+002	  3.8824799313659156e+002	
  8.8800000000000000e+003	  1.3515313688371313e+002	  3.8780272798412079e+002	
  8.9100000000000000e+003	  1.3515313688371313e+002	  3.8724614965194036e+002	
  8.9400000000000000e+003	  1.3416711267567317e+002	  3.8958380718681371e+002	
  8.9700000000000000e+003	  1.3416711267567317e+002	  3.9025171809510925e+002	
  9.0000000000000000e+003	  1.3434634132022168e+002	  3.8969512597530439e+002	
  9.0300000000000000e+003	  1.3452566689594781e+002	  3.8980642455989755e+002	
  9.0600000000000000e+003	  1.3631840506897649e+002	  3.9036300838872398e+002	
  9.0900000000000000e+003	  1.3667693302150934e+002	  3.9047434792581771e+002	
  9.1200000000000000e+003	  1.3569093166277298e+002	  3.9103092811874791e+002	
  9.1500000000000000e+003	  1.3488420550464997e+002	  3.9125357628830318e+002	
  9.1800000000000000e+003	  1.3658735619644767e+002	  3.9069697805050225e+002	
  9.2100000000000000e+003	  1.3506348571255378e+002	  3.9080830333461364e+002	
  9.2400000000000000e+003	  1.3407747587711694e+002	  3.9069697805050225e+002	
  9.2700000000000000e+003	  1.3380854271832737e+002	  3.9069697805050225e+002	
  9.3000000000000000e+003	  1.3228468510966718e+002	  3.9002907697958125e+002	
  9.3300000000000000e+003	  1.3291220104635292e+002	  3.9014039605515637e+002	
  9.3600000000000000e+003	  1.3318111301426799e+002	  3.9025171809510925e+002	
  9.3900000000000000e+003	  1.3318111301426799e+002	  3.9002907697958125e+002	
  9.4200000000000000e+003	  1.3362926869714693e+002	  3.8969512597530439e+002	
  9.4500000000000000e+003	  1.3416711267567317e+002	  3.9014039605515637e+002	
  9.4800000000000000e+003	  1.3398784652528909e+002	  3.9147620165740011e+002	
  9.5100000000000000e+003	  1.3362926869714693e+002	  3.9203276494406055e+002	
  9.5400000000000000e+003	  1.3345002458178854e+002	  3.9181015611935237e+002	
  9.5700000000000000e+003	  1.3309142295073877e+002	  3.9270068532013681e+002	
  9.6000000000000000e+003	  1.3300180823016112e+002	  3.9247804107813295e+002	
  9.6300000000000000e+003	  1.3174690354771897e+002	  3.9214407955243388e+002	
  9.6600000000000000e+003	  1.3192613378041798e+002	  3.9114222763344623e+002	
  9.6900000000000000e+003	  1.3040230546815283e+002	  3.9036300838872398e+002	
  9.7200000000000000e+003	  1.3085052138948814e+002	  3.9047434792581771e+002	
  9.7500000000000000e+003	  1.2699603130434870e+002	  3.8535376142998251e+002	
  9.7800000000000000e+003	  1.2932666090074886e+002	  3.8646691621138558e+002	
  9.8100000000000000e+003	  1.2771321696514198e+002	  3.8424057882765038e+002	
  9.8400000000000000e+003	  1.2762350606297147e+002	  3.8346133856276288e+002	
  9.8700000000000000e+003	  1.2798211351994738e+002	  3.8568770093854476e+002	
  9.9000000000000000e+003	  1.2654786754753069e+002	  3.8657823297246682e+002	
  9.9300000000000000e+003	  1.2609968685835690e+002	  3.8813667819315617e+002	
  9.9600000000000000e+003	  1.2547222237886710e+002	  3.8913852694567618e+002	
  9.9900000000000000e+003	  1.2538256496475601e+002	  3.9025171809510925e+002	
  1.0020000000000000e+004	  1.2556188770998924e+002	  3.9069697805050225e+002	
  1.0050000000000000e+004	  1.3228468510966718e+002	  3.9214407955243388e+002	
  1.0080000000000000e+004	  1.2941630789190637e+002	  3.9893443822694479e+002	
  1.0110000000000000e+004	  1.3049197490893027e+002	  4.0194001179892524e+002	
  1.0140000000000000e+004	  1.3085052138948814e+002	  3.9915707919230130e+002	
  1.0170000000000000e+004	  1.3192613378041798e+002	  3.9392516908238258e+002	
  1.0200000000000000e+004	  1.3058158277435734e+002	  3.9770994482653367e+002	
  1.0230000000000000e+004	  1.2851990557579080e+002	  4.0238526779361501e+002	
  1.0260000000000000e+004	  1.2798211351994738e+002	  4.0160605790777481e+002	
  1.0290000000000000e+004	  1.3165726554029226e+002	  3.9860049287502756e+002	
  1.0320000000000000e+004	  1.3255364355737134e+002	  3.9681941266131082e+002	
  1.0350000000000000e+004	  1.3380854271832737e+002	  4.0271921474901217e+002	
  1.0380000000000000e+004	  1.3156763511493071e+002	  3.9748731135719163e+002	
  1.0410000000000000e+004	  1.3246400596026857e+002	  3.9759864367468197e+002	
  1.0440000000000000e+004	  1.3479457649734479e+002	  3.9893443822694479e+002	
  1.0470000000000000e+004	  1.3129865189907682e+002	  3.9815521261841832e+002	
  1.0500000000000000e+004	  1.3049197490893027e+002	  3.9648546285558393e+002	
  1.0530000000000000e+004	  1.3255364355737134e+002	  3.9236672913229290e+002	
  1.0560000000000000e+004	  1.2977483339747377e+002	  3.9014039605515637e+002	
  1.0590000000000000e+004	  1.3094015981484890e+002	  3.8991774928831785e+002	
  1.0620000000000000e+004	  1.3049197490893027e+002	  3.9303463352798553e+002	
  1.0650000000000000e+004	  1.3067119831521117e+002	  3.9548361159797935e+002	
  1.0680000000000000e+004	  1.3058158277435734e+002	  3.9715335458053318e+002	
  1.0710000000000000e+004	  1.2887847177596635e+002	  3.9993630638476174e+002	
  1.0740000000000000e+004	  1.2986451877724252e+002	  3.9937970912463442e+002	
  1.0770000000000000e+004	  1.3058158277435734e+002	  4.0038156851850277e+002	
  1.0800000000000000e+004	  1.3067119831521117e+002	  4.0116077014431886e+002	
  1.0830000000000000e+004	  1.3058158277435734e+002	  4.0160605790777481e+002	
  1.0860000000000000e+004	  1.3067119831521117e+002	  4.0116077014431886e+002	
  1.0890000000000000e+004	  1.3031264363920886e+002	  3.9949102278544234e+002	
  1.0920000000000000e+004	  1.2932666090074886e+002	  3.9915707919230130e+002	
  1.0950000000000000e+004	  1.2941630789190637e+002	  3.9893443822694479e+002	
  1.0980000000000000e+004	  1.2834063389260245e+002	  3.9982496985075500e+002	
  1.1010000000000000e+004	  1.2753387370472251e+002	  3.9737601603915618e+002	
  1.1040000000000000e+004	  1.2717535176645043e+002	  3.9804388847260617e+002	
  1.1070000000000000e+004	  1.2744424918179857e+002	  3.9793257858043506e+002	
  1.1100000000000000e+004	  1.2762350606297147e+002	  3.9926838705293193e+002	
  1.1130000000000000e+004	  1.2834063389260245e+002	  3.9837785827663998e+002	
  1.1160000000000000e+004	  1.2878880108122917e+002	  3.9871180886435752e+002	
  1.1190000000000000e+004	  1.2932666090074886e+002	  3.9893443822694479e+002	
  1.1220000000000000e+004	  1.2932666090074886e+002	  4.0216262842251501e+002	
  1.1250000000000000e+004	  1.3013341228951649e+002	  4.0383240102523604e+002	
  1.1280000000000000e+004	  1.2968522529396429e+002	  4.0216262842251501e+002	
  1.1310000000000000e+004	  1.2825100972276053e+002	  4.0271921474901217e+002	
  1.1340000000000000e+004	  1.2421731053491342e+002	  4.1106799565095798e+002	
  1.1370000000000000e+004	  1.2152812205849054e+002	  4.3043717752842406e+002	
  1.1400000000000000e+004	  1.2618933581210608e+002	  4.1117931936614525e+002	
  1.1430000000000000e+004	  1.2726502370813924e+002	  4.0928693544284880e+002	
  1.1460000000000000e+004	  1.2627892112156044e+002	  4.1796966568488932e+002	
  1.1490000000000000e+004	  1.3138832832569074e+002	  3.9414779795887762e+002	
  1.1520000000000000e+004	  1.3120905186349489e+002	  4.0004761193289846e+002	
  1.1550000000000000e+004	  1.3183654912174529e+002	  4.0027024300532275e+002	
  1.1580000000000000e+004	  1.3210546271578937e+002	  4.0138341389076595e+002	
  1.1610000000000000e+004	  1.3246400596026857e+002	  4.0049288563991536e+002	
  1.1640000000000000e+004	  1.3246400596026857e+002	  4.0527950416114578e+002	
  1.1670000000000000e+004	  1.3327074271716961e+002	  4.0383240102523604e+002	
  1.1700000000000000e+004	  1.3246400596026857e+002	  4.0594741240915619e+002	
  1.1730000000000000e+004	  1.3336037991137496e+002	  3.9971365879872303e+002	
  1.1760000000000000e+004	  1.3120905186349489e+002	  4.0360975426548856e+002	
  1.1790000000000000e+004	  1.3040230546815283e+002	  4.0639268965770810e+002	
  1.1820000000000000e+004	  1.3004377343842211e+002	  4.0594741240915619e+002	
  1.1850000000000000e+004	  1.2905776622951348e+002	  4.0917560459357611e+002	
  1.1880000000000000e+004	  1.3721481163157222e+002	  4.1385094423345407e+002	
  1.1910000000000000e+004	  1.5325996235869559e+002	  4.0015893166572056e+002	
  1.1940000000000000e+004	  1.4384796179528067e+002	  4.0984351071904138e+002	
  1.1970000000000000e+004	  1.3542200109202699e+002	  3.9937970912463442e+002	
  1.2000000000000000e+004	  1.3497384191463249e+002	  4.1017746333019534e+002	
  1.2030000000000000e+004	  1.3551168169816674e+002	  4.0806244060450217e+002	
  1.2060000000000000e+004	  1.3443600041446405e+002	  4.0672663304222448e+002	
  1.2090000000000000e+004	  1.3667693302150934e+002	  4.0116077014431886e+002	
  1.2120000000000000e+004	  1.3604951978542573e+002	  3.9615151654375131e+002	
  1.2150000000000000e+004	  1.3353960907406341e+002	  4.0316448394863119e+002	
  1.2180000000000000e+004	  1.3479457649734479e+002	  4.0372106502721743e+002	
  1.2210000000000000e+004	  1.3380854271832737e+002	  4.0249659178995086e+002	
  1.2240000000000000e+004	  1.3443600041446405e+002	  3.9893443822694479e+002	
  1.2270000000000000e+004	  1.3622879140724638e+002	  3.8190291299273042e+002	
  1.2300000000000000e+004	  1.3479457649734479e+002	  4.0249659178995086e+002	
  1.2330000000000000e+004	  1.3551168169816674e+002	  4.1006615398466948e+002	
  1.2360000000000000e+004	  1.3667693302150934e+002	  4.0550213625495184e+002	
  1.2390000000000000e+004	  1.1453640865365119e+002	  3.9837785827663998e+002	
  1.2420000000000000e+004	 -1.7212404731226152e+000	  4.0717190112215962e+002	
  1.2450000000000000e+004	 -1.2165930846204724e+002	  5.5700472920018399e+002	
  1.2480000000000000e+004	 -2.5835701893407366e+002	  4.2275629504844454e+002	
  1.2510000000000000e+004	 -1.7122903679172833e+002	  2.2427792524201104e+002	
  1.2540000000000000e+004	 -2.9654276110984659e+002	  1.7496443017702646e+002	
  1.2570000000000000e+004	 -3.9595112762517300e+002	  1.1474185606899424e+002	
  1.2600000000000000e+004	 -5.2027883581476931e+002	  3.6040692813051628e+001	
  1.2630000000000000e+004	 -4.7823867470599367e+002	 -6.6259715821581011e+001	
  1.2660000000000000e+004	 -4.8352731315794165e+002	 -7.7057489024402742e+001	
  1.2690000000000000e+004	 -4.8164491486168021e+002	 -7.1157696016150538e+001	
  1.2720000000000000e+004	 -4.8074854499389681e+002	 -6.9376568967303953e+001	
  1.2750000000000000e+004	 -4.7967288572624983e+002	 -6.8931303153589894e+001	
  1.2780000000000000e+004	 -4.7805940282261400e+002	 -6.3699369864995404e+001	
  1.2810000000000000e+004	 -4.7904541644857846e+002	 -6.8152012889238264e+001	
  1.2840000000000000e+004	 -4.7788012039092388e+002	 -6.9376568967303953e+001	
  1.2870000000000000e+004	 -4.7752158058138605e+002	 -6.9265292650979205e+001	
  1.2900000000000000e+004	 -4.7599772423321042e+002	 -6.5146582434875214e+001	
  1.2930000000000000e+004	 -4.7492206948369710e+002	 -6.3365407839256839e+001	
  1.2960000000000000e+004	 -4.7303968356897997e+002	 -6.0471259972371186e+001	
  1.2990000000000000e+004	 -4.7268112201817524e+002	 -5.8690169552905289e+001	
  1.3020000000000000e+004	 -4.7232257512158367e+002	 -5.5795938846001896e+001	
  1.3050000000000000e+004	 -4.7268112201817524e+002	 -5.5684612775741883e+001	
  1.3080000000000000e+004	 -4.7321896744337579e+002	 -5.7020278764763241e+001	
  1.3110000000000000e+004	 -4.7411534150623487e+002	 -5.6797755109420201e+001	
  1.3140000000000000e+004	 -4.7465316026745427e+002	 -5.7576904173072847e+001	
  1.3170000000000000e+004	 -4.7510134645861757e+002	 -5.7576904173072847e+001	
  1.3200000000000000e+004	 -4.7635629226550310e+002	 -5.8467512902141365e+001	
  1.3230000000000000e+004	 -4.7590809220652784e+002	 -5.7020278764763241e+001	
  1.3260000000000000e+004	 -4.7545990658583111e+002	 -5.5684612775741883e+001	
  1.3290000000000000e+004	 -4.7913506482999384e+002	 -6.3476781443579370e+001	
  1.3320000000000000e+004	 -4.8003143692829957e+002	 -6.6593676216577748e+001	
  1.3350000000000000e+004	 -4.8209310246112290e+002	 -6.9487927062413334e+001	
  1.3380000000000000e+004	 -4.7743193193642878e+002	 -6.1250500780020282e+001	
  1.3410000000000000e+004	 -4.8012107051678123e+002	 -6.5257892039153731e+001	
  1.3440000000000000e+004	 -4.8164491486168021e+002	 -6.8708639858959955e+001	
  1.3470000000000000e+004	 -4.7205365844129182e+002	 -5.2011243922917728e+001	
  1.3500000000000000e+004	 -4.7572881546390198e+002	 -5.9469358051638892e+001	
  1.3530000000000000e+004	 -4.8191382121084678e+002	 -6.8708639858959955e+001	
  1.3560000000000000e+004	 -4.8809884229737588e+002	 -7.9283825791664995e+001	
  1.3590000000000000e+004	 -4.9222218569116319e+002	 -8.3402547696928849e+001	
  1.3620000000000000e+004	 -4.8953304176242983e+002	 -8.1398801082894252e+001	
  1.3650000000000000e+004	 -4.9186363299413500e+002	 -8.3959087524493540e+001	
  1.3680000000000000e+004	 -4.9320819848476071e+002	 -8.4404373996720579e+001	
  1.3710000000000000e+004	 -4.9159471221665228e+002	 -8.1955391718694983e+001	
  1.3740000000000000e+004	 -4.8397549323099997e+002	 -6.9821970647694386e+001	
  1.3770000000000000e+004	 -4.8379621874778985e+002	 -6.9376568967303953e+001	
  1.3800000000000000e+004	 -4.8388586429180231e+002	 -6.9710498306238136e+001	
  1.3830000000000000e+004	 -4.8487187733331274e+002	 -7.0489793710797841e+001	
  1.3860000000000000e+004	 -4.8549935124154030e+002	 -7.0823703214470569e+001	
  1.3890000000000000e+004	 -4.8684390514376014e+002	 -7.0935081544534640e+001	
  1.3920000000000000e+004	 -4.8765065470848953e+002	 -6.9821970647694386e+001	
  1.3950000000000000e+004	 -4.8836774607280989e+002	 -6.9265292650979205e+001	
  1.3980000000000000e+004	 -4.8487187733331274e+002	 -6.9821970647694386e+001	
  1.4010000000000000e+004	 -4.8316875767044473e+002	 -6.9376568967303953e+001	
  1.4040000000000000e+004	 -4.8065889687349210e+002	 -7.1157696016150538e+001	
  1.4070000000000000e+004	 -4.8047962564883352e+002	 -7.0935081544534640e+001	
  1.4100000000000000e+004	 -4.7994180541995871e+002	 -6.9710498306238136e+001	
  1.4130000000000000e+004	 -4.7958324370898316e+002	 -6.9265292650979205e+001	
  1.4160000000000000e+004	 -4.7967288572624983e+002	 -7.2493480397275860e+001	
  1.4190000000000000e+004	 -4.8164491486168021e+002	 -7.2048170793263708e+001	
  1.4220000000000000e+004	 -4.8379621874778985e+002	 -7.2048170793263708e+001	
  1.4250000000000000e+004	 -4.8567862938501435e+002	 -7.1269059340355227e+001	
  1.4280000000000000e+004	 -4.8415477595696001e+002	 -7.1491518260772452e+001	
  1.4310000000000000e+004	 -4.8218274618804679e+002	 -6.9042659873547095e+001	
  1.4340000000000000e+004	 -4.8137600840779180e+002	 -6.9933200724864847e+001	
  1.4370000000000000e+004	 -4.8137600840779180e+002	 -7.4051894681161727e+001	
  1.4400000000000000e+004	 -4.8137600840779180e+002	 -7.5721639399541488e+001	
  1.4430000000000000e+004	 -4.8872631303342916e+002	 -8.6296852017693809e+001	
  1.4460000000000000e+004	 -4.8110708307454399e+002	 -7.0267119975483538e+001	
  1.4490000000000000e+004	 -4.8012107051678123e+002	 -7.0489793710797841e+001	
  1.4520000000000000e+004	 -4.8021070618423909e+002	 -7.0601059119831447e+001	
  1.4550000000000000e+004	 -4.8110708307454399e+002	 -6.9599236764787349e+001	
  1.4580000000000000e+004	 -4.8263092093370176e+002	 -6.8374639401538275e+001	
  1.4610000000000000e+004	 -4.8281021652784682e+002	 -7.0267119975483538e+001	
  1.4640000000000000e+004	 -4.8424441108169731e+002	 -7.0489793710797841e+001	
  1.4670000000000000e+004	 -4.8388586429180231e+002	 -7.0489793710797841e+001	
  1.4700000000000000e+004	 -4.8281021652784682e+002	 -7.0712404925868157e+001	
  1.4730000000000000e+004	 -4.8191382121084678e+002	 -7.2159536772179194e+001	
  1.4760000000000000e+004	 -4.8083817640018503e+002	 -7.1825549596798751e+001	
  1.4790000000000000e+004	 -4.8110708307454399e+002	 -7.2048170793263708e+001	
  1.4820000000000000e+004	 -4.8729209329508558e+002	 -6.9153967893606520e+001	
  1.4850000000000000e+004	 -4.8648536182775325e+002	 -6.8708639858959955e+001	
  1.4880000000000000e+004	 -4.8558897998572604e+002	 -6.9599236764787349e+001	
  1.4910000000000000e+004	 -4.8523044013469178e+002	 -7.0601059119831447e+001	
  1.4940000000000000e+004	 -4.8505116393370156e+002	 -7.1046348836339774e+001	
  1.4970000000000000e+004	 -4.8836774607280989e+002	 -7.7391422924998153e+001	
  1.5000000000000000e+004	 -4.8782991990571406e+002	 -7.5276407837560598e+001	
  1.5030000000000000e+004	 -4.8827810943674001e+002	 -7.6834804667835954e+001	
  1.5060000000000000e+004	 -4.8827810943674001e+002	 -7.7168765802796486e+001	
  1.5090000000000000e+004	 -4.8666462938459608e+002	 -7.7502686426669442e+001	
  1.5120000000000000e+004	 -4.8747137917541602e+002	 -7.7280116112844084e+001	
  1.5150000000000000e+004	 -4.8612681419613409e+002	 -7.7614023181718139e+001	
  1.5180000000000000e+004	 -4.8666462938459608e+002	 -7.6278269193814225e+001	
  1.5210000000000000e+004	 -4.8603717312829099e+002	 -7.5165093443534687e+001	
  1.5240000000000000e+004	 -4.8603717312829099e+002	 -7.4385842823392224e+001	
  1.5270000000000000e+004	 -4.8415477595696001e+002	 -7.1602993131780607e+001	
  1.5300000000000000e+004	 -4.8406514289407568e+002	 -7.2382129060813199e+001	
  1.5330000000000000e+004	 -4.8325838877374048e+002	 -6.9376568967303953e+001	
  1.5360000000000000e+004	 -4.8281021652784682e+002	 -7.0823703214470569e+001	
  1.5390000000000000e+004	 -4.8227239198129041e+002	 -7.0489793710797841e+001	
  1.5420000000000000e+004	 -4.8298948296637548e+002	 -7.0823703214470569e+001	
  1.5450000000000000e+004	 -4.8352731315794165e+002	 -7.1602993131780607e+001	
  1.5480000000000000e+004	 -4.8388586429180231e+002	 -7.1491518260772452e+001	
  1.5510000000000000e+004	 -4.8379621874778985e+002	 -7.2270856122984469e+001	
  1.5540000000000000e+004	 -4.8254128559144385e+002	 -7.7502686426669442e+001	
  1.5570000000000000e+004	 -4.8343767586234634e+002	 -7.8281949148949948e+001	
  1.5600000000000000e+004	 -4.8469259895756363e+002	 -7.8059286472230255e+001	
  1.5630000000000000e+004	 -4.8603717312829099e+002	 -7.7614023181718139e+001	
  1.5660000000000000e+004	 -4.8576826223934637e+002	 -7.3606687035570459e+001	
  1.5690000000000000e+004	 -4.8487187733331274e+002	 -7.2382129060813199e+001	
  1.5720000000000000e+004	 -4.8316875767044473e+002	 -7.2493480397275860e+001	
  1.5750000000000000e+004	 -4.8388586429180231e+002	 -7.3050040381890739e+001	
  1.5780000000000000e+004	 -4.8532006270683621e+002	 -7.3272639444560738e+001	
  1.5810000000000000e+004	 -4.8379621874778985e+002	 -7.3272639444560738e+001	
  1.5840000000000000e+004	 -4.8424441108169731e+002	 -7.3050040381890739e+001	
  1.5870000000000000e+004	 -4.8451332881558380e+002	 -7.2604847568357343e+001	
  1.5900000000000000e+004	 -4.8720246269325810e+002	 -7.1269059340355227e+001	
  1.5930000000000000e+004	 -4.8442368751215281e+002	 -7.1269059340355227e+001	
  1.5960000000000000e+004	 -4.8397549323099997e+002	 -7.1046348836339774e+001	
  1.5990000000000000e+004	 -4.8505116393370156e+002	 -6.9933200724864847e+001	
  1.6020000000000000e+004	 -4.8603717312829099e+002	 -6.7929454574139854e+001	
  1.6050000000000000e+004	 -4.8549935124154030e+002	 -6.7372892348624120e+001	
  1.6080000000000000e+004	 -4.8540970594780572e+002	 -6.6148385143846440e+001	
  1.6110000000000000e+004	 -4.8567862938501435e+002	 -6.5257892039153731e+001	
  1.6140000000000000e+004	 -4.8505116393370156e+002	 -6.3810726787993033e+001	
  1.6170000000000000e+004	 -4.8540970594780572e+002	 -6.3922031024363996e+001	
  1.6200000000000000e+004	 -4.8666462938459608e+002	 -7.2270856122984469e+001	
  1.6230000000000000e+004	 -4.8433404826714292e+002	 -7.6389616876273180e+001	
  1.6260000000000000e+004	 -4.8352731315794165e+002	 -7.4385842823392224e+001	
  1.6290000000000000e+004	 -4.8289983936096206e+002	 -7.5053854650715706e+001	
  1.6320000000000000e+004	 -4.8227239198129041e+002	 -7.6946168709159920e+001	
  1.6350000000000000e+004	 -4.8361695251649616e+002	 -7.7948006313085429e+001	
  1.6380000000000000e+004	 -4.8567862938501435e+002	 -7.9395224585408414e+001	
  1.6410000000000000e+004	 -4.8343767586234634e+002	 -7.9840396772056522e+001	
  1.6440000000000000e+004	 -4.7967288572624983e+002	 -7.8059286472230255e+001	
  1.6470000000000000e+004	 -4.7850758873404095e+002	 -7.7168765802796486e+001	
  1.6500000000000000e+004	 -4.7976252982128506e+002	 -7.7391422924998153e+001	
  1.6530000000000000e+004	 -4.8030034392950898e+002	 -7.5833030176873137e+001	
  1.6560000000000000e+004	 -4.8092780988316269e+002	 -7.5610383172785660e+001	
  1.6590000000000000e+004	 -4.8155528355691473e+002	 -7.5944317040747947e+001	
  1.6620000000000000e+004	 -4.8182420243632259e+002	 -7.5276407837560598e+001	
  1.6650000000000000e+004	 -4.8316875767044473e+002	 -7.6166936616122072e+001	
  1.6680000000000000e+004	 -4.8594753411212156e+002	 -7.8281949148949948e+001	
  1.6710000000000000e+004	 -4.8173454823969524e+002	 -7.5387737590793805e+001	
  1.6740000000000000e+004	 -4.6317951571511600e+002	  6.5762325623819962e+001	
  1.6770000000000000e+004	 -3.0891278600170614e+002	  1.8264532873167508e+002	
  1.6800000000000000e+004	 -1.6217561280568816e+002	  2.5221849822696359e+002	
  1.6830000000000000e+004	 -3.5382133604912423e+002	  5.2928677009004866e+002	
  1.6860000000000000e+004	 -1.7472493307868888e+002	  6.8212514136576237e+002	
  1.6890000000000000e+004	  7.4557950101897262e+001	  7.8453687241833200e+002	
  1.6920000000000000e+004	  1.4321052749487773e+001	  9.6364609036216223e+002	
  1.6950000000000000e+004	 -2.3890563851656145e+002	  9.6754218162813447e+002	
  1.6980000000000000e+004	 -4.1074138637846511e+002	  1.0360022045022445e+003	
  1.7010000000000000e+004	 -4.3539177735142647e+002	  1.0902136271511943e+003	
  1.7040000000000000e+004	 -4.4435558214140411e+002	  1.0947776303031769e+003	
  1.7070000000000000e+004	 -4.7492206948369710e+002	  1.0977831928179839e+003	
  1.7100000000000000e+004	 -4.7958324370898316e+002	  1.1044622193941809e+003	
