  0.0000000000000000e+000	 -1.2219713426894003e+002	  4.6550206977750338e+002	
  3.0000000000000000e+001	 -1.2614122544505098e+002	  4.6650391786758121e+002	
  6.0000000000000000e+001	 -1.2918892754171586e+002	  4.5459299451933833e+002	
  9.0000000000000000e+001	 -1.1959759259138572e+002	  4.6561337628862458e+002	
  1.2000000000000000e+002	 -1.2560338841424257e+002	  4.7318292903191667e+002	
  1.5000000000000000e+002	 -1.2156966239956536e+002	  4.7908274841227876e+002	
  1.8000000000000000e+002	 -1.2282463634585088e+002	  4.8008459068741348e+002	
  2.1000000000000000e+002	 -1.2130077348354889e+002	  4.7340556739544337e+002	
  2.4000000000000000e+002	 -1.1905978308758594e+002	  4.7407348389158045e+002	
  2.7000000000000000e+002	 -1.2416916352758592e+002	  4.8153172420352723e+002	
  3.0000000000000000e+002	 -1.2775465513596629e+002	  4.7796957158685075e+002	
  3.3000000000000000e+002	 -1.3931794881494582e+002	  4.7496401396116886e+002	
  3.6000000000000000e+002	 -1.5088123409300707e+002	  5.0201407060500190e+002	
  3.9000000000000000e+002	 -1.4236563482080348e+002	  4.8837773033331723e+002	
  4.2000000000000000e+002	 -1.3080235238066584e+002	  4.5473214046471259e+002	
  4.5000000000000000e+002	 -1.1923906994052822e+002	  4.2108655059610788e+002	
  4.8000000000000000e+002	 -1.2954745481431488e+002	  4.2231103230253979e+002	
  5.1000000000000000e+002	 -1.2954745481431488e+002	  4.2231103230253979e+002	
  5.4000000000000000e+002	 -1.2954745481431488e+002	  4.2231103230253979e+002	
  5.7000000000000000e+002	 -1.2954745481431488e+002	  4.2231103230253979e+002	
  6.0000000000000000e+002	 -1.2954745481431488e+002	  4.2231103230253979e+002	
  6.3000000000000000e+002	 -1.2954745481431488e+002	  4.2231103230253979e+002	
  6.6000000000000000e+002	 -1.2954745481431488e+002	  4.2231103230253979e+002	
  6.9000000000000000e+002	 -1.2954745481431488e+002	  4.2231103230253979e+002	
  7.2000000000000000e+002	 -1.2954745481431488e+002	  4.2231103230253979e+002	
  7.5000000000000000e+002	 -1.2954745481431488e+002	  4.2231103230253979e+002	
  7.8000000000000000e+002	 -1.2954745481431488e+002	  4.2231103230253979e+002	
  8.1000000000000000e+002	 -1.2954745481431488e+002	  4.2231103230253979e+002	
  8.4000000000000000e+002	 -1.2954745481431488e+002	  4.2231103230253979e+002	
  8.7000000000000000e+002	 -1.2954745481431488e+002	  4.2231103230253979e+002	
  9.0000000000000000e+002	 -1.2954745481431488e+002	  4.2231103230253979e+002	
  9.3000000000000000e+002	 -1.2954745481431488e+002	  4.2231103230253979e+002	
  9.6000000000000000e+002	 -1.2954745481431488e+002	  4.2231103230253979e+002	
  9.9000000000000000e+002	 -1.2954745481431488e+002	  4.2231103230253979e+002	
  1.0200000000000000e+003	 -1.2954745481431488e+002	  4.2231103230253979e+002	
  1.0500000000000000e+003	 -1.2954745481431488e+002	  4.2231103230253979e+002	
  1.0800000000000000e+003	 -1.2954745481431488e+002	  4.2231103230253979e+002	
  1.1100000000000000e+003	 -1.2954745481431488e+002	  4.2231103230253979e+002	
  1.1400000000000000e+003	 -1.2954745481431488e+002	  4.2231103230253979e+002	
  1.1700000000000000e+003	 -1.2954745481431488e+002	  4.2231103230253979e+002	
  1.2000000000000000e+003	 -1.2954745481431488e+002	  4.2231103230253979e+002	
  1.2300000000000000e+003	 -1.2954745481431488e+002	  4.2231103230253979e+002	
  1.2600000000000000e+003	 -1.2954745481431488e+002	  4.2231103230253979e+002	
  1.2900000000000000e+003	 -1.2954745481431488e+002	  4.2231103230253979e+002	
  1.3200000000000000e+003	 -1.2954745481431488e+002	  4.2231103230253979e+002	
  1.3500000000000000e+003	 -1.3388864039873337e+002	  4.1640833227722283e+002	
  1.3800000000000000e+003	 -1.2533443318351821e+002	  3.9982496985075500e+002	
  1.4100000000000000e+003	 -1.2533443318351821e+002	  3.9982496985075500e+002	
  1.4400000000000000e+003	 -1.2533443318351821e+002	  3.9982496985075500e+002	
  1.4700000000000000e+003	 -1.2533443318351821e+002	  3.9982496985075500e+002	
  1.5000000000000000e+003	 -1.2533443318351821e+002	  3.9982496985075500e+002	
  1.5300000000000000e+003	 -1.2533443318351821e+002	  3.9982496985075500e+002	
  1.5600000000000000e+003	 -1.2533443318351821e+002	  3.9982496985075500e+002	
  1.5900000000000000e+003	 -1.2533443318351821e+002	  3.9982496985075500e+002	
  1.6200000000000000e+003	 -1.2533443318351821e+002	  3.9982496985075500e+002	
  1.6500000000000000e+003	 -1.2533443318351821e+002	  3.9982496985075500e+002	
  1.6800000000000000e+003	 -1.2533443318351821e+002	  3.9982496985075500e+002	
  1.7100000000000000e+003	 -1.2533443318351821e+002	  3.9982496985075500e+002	
  1.7400000000000000e+003	 -1.2533443318351821e+002	  3.9982496985075500e+002	
  1.7700000000000000e+003	 -1.3432103774928126e+002	  4.3573998480648766e+002	
  1.8000000000000000e+003	 -1.4407899290686487e+002	  4.7473770667767627e+002	
  1.8300000000000000e+003	 -1.3192286675474745e+002	  4.5032954488924662e+002	
  1.8600000000000000e+003	 -1.2963706991836440e+002	  4.2270063266222303e+002	
  1.8900000000000000e+003	 -1.2260264968677049e+002	  4.1012974943310803e+002	
  1.9200000000000000e+003	 -1.1619995225490199e+002	  4.0965267697339550e+002	
  1.9500000000000000e+003	 -1.0979725482303350e+002	  4.0917560451368308e+002	
  1.9800000000000000e+003	 -1.1350228059156477e+002	  4.0216262842251501e+002	
  2.0100000000000000e+003	 -1.1449752913269376e+002	  4.0344205890366061e+002	
  2.0400000000000000e+003	 -1.1679425653529908e+002	  4.0639459078322750e+002	
  2.0700000000000000e+003	 -1.1909098393790444e+002	  4.0934712266279428e+002	
  2.1000000000000000e+003	 -1.2138771134050977e+002	  4.1229965454236111e+002	
  2.1300000000000000e+003	 -1.2368443874311509e+002	  4.1525218642192800e+002	
  2.1600000000000000e+003	 -1.2598116614572042e+002	  4.1820471830149472e+002	
  2.1900000000000000e+003	 -1.2827789354832575e+002	  4.2115725018106156e+002	
  2.2200000000000000e+003	 -1.3057462095093109e+002	  4.2410978206062839e+002	
  2.2500000000000000e+003	 -1.3053343051744284e+002	  4.0728322524599099e+002	
  2.2800000000000000e+003	 -1.2407958369666687e+002	  4.1596595796085592e+002	
  2.3100000000000000e+003	 -1.2407262885952545e+002	  4.1624209437518283e+002	
  2.3400000000000000e+003	 -1.2406219660381332e+002	  4.1665629899667329e+002	
  2.3700000000000000e+003	 -1.2405176434810120e+002	  4.1707050361816374e+002	
  2.4000000000000000e+003	 -1.2404133209238906e+002	  4.1748470823965414e+002	
  2.4300000000000000e+003	 -1.2403089983667694e+002	  4.1789891286114454e+002	
  2.4600000000000000e+003	 -1.2402046758096481e+002	  4.1831311748263494e+002	
  2.4900000000000000e+003	 -1.2401003532525267e+002	  4.1872732210412539e+002	
  2.5200000000000000e+003	 -1.2399960306954054e+002	  4.1914152672561579e+002	
  2.5500000000000000e+003	 -1.2658937026975215e+002	  4.1763572496147270e+002	
  2.5800000000000000e+003	 -1.2983427541048752e+002	  4.1741307799063480e+002	
  2.6100000000000000e+003	 -1.2658940177573234e+002	  4.2665239634888729e+002	
  2.6400000000000000e+003	 -1.2658940177573234e+002	  4.2665239634888735e+002	
  2.6700000000000000e+003	 -1.2658940177573234e+002	  4.2665239634888735e+002	
  2.7000000000000000e+003	 -1.2658940177573234e+002	  4.2665239634888735e+002	
  2.7300000000000000e+003	 -1.2658940177573234e+002	  4.2665239634888735e+002	
  2.7600000000000000e+003	 -1.2658940177573234e+002	  4.2665239634888735e+002	
  2.7900000000000000e+003	 -1.2658940177573234e+002	  4.2665239634888735e+002	
  2.8200000000000000e+003	 -1.2658940177573234e+002	  4.2665239634888735e+002	
  2.8500000000000000e+003	 -1.2658940177573234e+002	  4.2665239634888735e+002	
  2.8800000000000000e+003	 -1.2658940177573234e+002	  4.2665239634888735e+002	
  2.9100000000000000e+003	 -1.2658940177573234e+002	  4.2665239634888735e+002	
  2.9400000000000000e+003	 -1.2658940177573234e+002	  4.2665239634888735e+002	
  2.9700000000000000e+003	 -1.2658940177573234e+002	  4.2665239634888735e+002	
  3.0000000000000000e+003	 -1.2658940177573234e+002	  4.2665239634888735e+002	
  3.0300000000000000e+003	 -1.2658940177573234e+002	  4.2665239634888735e+002	
  3.0600000000000000e+003	 -1.2658940177573234e+002	  4.2665239634888735e+002	
  3.0900000000000000e+003	 -1.2658940177573234e+002	  4.2665239634888735e+002	
  3.1200000000000000e+003	 -1.2658940177573234e+002	  4.2665239634888735e+002	
  3.1500000000000000e+003	 -1.2658940177573234e+002	  4.2665239634888735e+002	
  3.1800000000000000e+003	 -1.2658940177573234e+002	  4.2665239634888735e+002	
  3.2100000000000000e+003	 -1.2658940177573234e+002	  4.2665239634888735e+002	
  3.2400000000000000e+003	 -1.2658940177573234e+002	  4.2665239634888735e+002	
  3.2700000000000000e+003	 -1.2658940177573234e+002	  4.2665239634888735e+002	
  3.3000000000000000e+003	 -1.2658940177573234e+002	  4.2665239634888735e+002	
  3.3300000000000000e+003	 -1.2658940177573234e+002	  4.2665239634888735e+002	
  3.3600000000000000e+003	 -1.2658940177573234e+002	  4.2665239634888735e+002	
  3.3900000000000000e+003	 -1.2658940177573234e+002	  4.2665239634888735e+002	
  3.4200000000000000e+003	 -1.3055294383643081e+002	  4.4017828015107034e+002	
  3.4500000000000000e+003	 -1.4185754344902145e+002	  4.7875607204743238e+002	
  3.4800000000000000e+003	 -1.3524841880064804e+002	  5.0139070428392898e+002	
  3.5100000000000000e+003	 -1.3578624545406200e+002	  4.7650019194973095e+002	
  3.5400000000000000e+003	 -1.3492571744394181e+002	  4.7730167588692080e+002	
  3.5700000000000000e+003	 -1.3492571744394181e+002	  4.7730167588692080e+002	
  3.6000000000000000e+003	 -1.3492571744394181e+002	  4.7730167588692080e+002	
  3.6300000000000000e+003	 -1.3492571744394181e+002	  4.7730167588692080e+002	
  3.6600000000000000e+003	 -1.3492571744394181e+002	  4.7730167588692080e+002	
  3.6900000000000000e+003	 -1.3492571744394181e+002	  4.7730167588692080e+002	
  3.7200000000000000e+003	 -1.3492571744394181e+002	  4.7730167588692080e+002	
  3.7500000000000000e+003	 -1.3492571744394181e+002	  4.7730167588692080e+002	
  3.7800000000000000e+003	 -1.3492571744394181e+002	  4.7730167588692080e+002	
  3.8100000000000000e+003	 -1.3492571744394181e+002	  4.7730167588692080e+002	
  3.8400000000000000e+003	 -1.3492571744394181e+002	  4.7730167588692080e+002	
  3.8700000000000000e+003	 -1.3492571744394181e+002	  4.7730167588692080e+002	
  3.9000000000000000e+003	 -1.3492571744394181e+002	  4.7730167588692080e+002	
  3.9300000000000000e+003	 -1.3492571744394181e+002	  4.7730167588692080e+002	
  3.9600000000000000e+003	 -1.3492571744394181e+002	  4.7730167588692080e+002	
  3.9900000000000000e+003	 -1.3492571744394181e+002	  4.7730167588692080e+002	
  4.0200000000000000e+003	 -1.3492571744394181e+002	  4.7730167588692080e+002	
  4.0500000000000000e+003	 -1.3492571744394181e+002	  4.7730167588692080e+002	
  4.0800000000000000e+003	 -1.3492571744394181e+002	  4.7730167588692080e+002	
  4.1100000000000000e+003	 -1.3492571744394181e+002	  4.7730167588692080e+002	
  4.1400000000000000e+003	 -1.3492571744394181e+002	  4.7730167588692080e+002	
  4.1700000000000000e+003	 -1.3492571744394181e+002	  4.7730167588692080e+002	
  4.2000000000000000e+003	 -1.3492571744394181e+002	  4.7730167588692080e+002	
  4.2300000000000000e+003	 -1.3492571744394181e+002	  4.7730167588692080e+002	
  4.2600000000000000e+003	 -1.3492571744394181e+002	  4.7730167588692080e+002	
  4.2900000000000000e+003	 -1.3492571744394181e+002	  4.7730167588692080e+002	
  4.3200000000000000e+003	 -1.3492571744394181e+002	  4.7730167588692080e+002	
  4.3500000000000000e+003	 -1.3492571744394181e+002	  4.7730167588692080e+002	
  4.3800000000000000e+003	 -1.3492571744394181e+002	  4.7730167588692080e+002	
  4.4100000000000000e+003	 -1.3492571744394181e+002	  4.7730167588692080e+002	
  4.4400000000000000e+003	 -1.3492571744394181e+002	  4.7730167588692080e+002	
  4.4700000000000000e+003	 -1.3492571744394181e+002	  4.7730167588692080e+002	
  4.5000000000000000e+003	 -1.3492571744394181e+002	  4.7730167588692080e+002	
  4.5300000000000000e+003	 -1.3492571744394181e+002	  4.7730167588692080e+002	
  4.5600000000000000e+003	 -1.3492571744394181e+002	  4.7730167588692080e+002	
  4.5900000000000000e+003	 -1.3492571744394181e+002	  4.7730167588692080e+002	
  4.6200000000000000e+003	 -1.3492571744394181e+002	  4.7730167588692080e+002	
  4.6500000000000000e+003	 -1.3492571744394181e+002	  4.7730167588692080e+002	
  4.6800000000000000e+003	 -1.4508937269891322e+002	  4.9262243653816347e+002	
  4.7100000000000000e+003	 -1.6731229591458728e+002	  5.2612141687712642e+002	
  4.7400000000000000e+003	 -2.3237997230913842e+002	  5.0446305001212005e+002	
  4.7700000000000000e+003	 -2.3046173178859311e+002	  5.4734239696887050e+002	
  4.8000000000000000e+003	 -2.1170949812241253e+002	  6.1524582707931063e+002	
  4.8300000000000000e+003	 -2.3759691544169809e+002	  6.3935710934320048e+002	
  4.8600000000000000e+003	 -2.4509063061240596e+002	  6.6562794408939283e+002	
  4.8900000000000000e+003	 -2.4258077000226868e+002	  6.9334590523312340e+002	
  4.9200000000000000e+003	 -2.4365641736679919e+002	  7.3023639433935330e+002	
  4.9500000000000000e+003	 -2.4471415280367461e+002	  7.6398773467035869e+002	
  4.9800000000000000e+003	 -2.5315803666117372e+002	  7.9980958342877943e+002	
  5.0100000000000000e+003	 -2.6285684272573684e+002	  8.3028819878582419e+002	
  5.0400000000000000e+003	 -2.8870840569238601e+002	  8.4736424265570326e+002	
  5.0700000000000000e+003	 -3.1667542493983581e+002	  8.5649224706320388e+002	
  5.1000000000000000e+003	 -3.4632761586667414e+002	  8.6804696512257942e+002	
  5.1300000000000000e+003	 -3.6423727113339203e+002	  8.7361281466327023e+002	
  5.1600000000000000e+003	 -3.6950796551751108e+002	  8.7719722849880782e+002	
  5.1900000000000000e+003	 -3.5572165618508848e+002	  8.8757198401795756e+002	
  5.2200000000000000e+003	 -3.5217200653872135e+002	  8.9558680717051516e+002	
  5.2500000000000000e+003	 -3.1638856999204552e+002	  9.0569440445643431e+002	
  5.2800000000000000e+003	 -3.2479659842755228e+002	  9.3828805180291965e+002	
  5.3100000000000000e+003	 -3.2320104981000094e+002	  9.3679640202740450e+002	
  5.3400000000000000e+003	 -3.2510136471682489e+002	  9.4053665653498433e+002	
  5.3700000000000000e+003	 -3.2044021174744768e+002	  9.4456633793955007e+002	
  5.4000000000000000e+003	 -3.2468904454095059e+002	  9.4532329121101031e+002	
  5.4300000000000000e+003	 -3.2689412965905501e+002	  9.4552366220869624e+002	
  5.4600000000000000e+003	 -3.1006015963021053e+002	  9.6442530723400523e+002	
  5.4900000000000000e+003	 -3.1064433679986746e+002	  9.6449046914318001e+002	
  5.5200000000000000e+003	 -3.2109479565610900e+002	  9.5925042061795762e+002	
  5.5500000000000000e+003	 -3.3154525451235048e+002	  9.5401037209273511e+002	
  5.5800000000000000e+003	 -3.4199571336859196e+002	  9.4877032356751261e+002	
  5.6100000000000000e+003	 -3.4715229143298285e+002	  9.5340491626624987e+002	
  5.6400000000000000e+003	 -3.3370661366744781e+002	  9.7672584696350680e+002	
  5.6700000000000000e+003	 -3.3105333683077407e+002	  9.6955702694241609e+002	
  5.7000000000000000e+003	 -3.3212898159143549e+002	  9.6921193747990071e+002	
  5.7300000000000000e+003	 -2.8560693619045389e+002	  9.0058494792528359e+002	
  5.7600000000000000e+003	 -3.0843770214624004e+002	  9.5010992989841395e+002	
  5.7900000000000000e+003	 -2.9904365495341779e+002	  9.4414332880918357e+002	
  5.8200000000000000e+003	 -2.9250904487796060e+002	  9.4573516651851367e+002	
  5.8500000000000000e+003	 -2.9276003428334951e+002	  9.3223240668601534e+002	
  5.8800000000000000e+003	 -3.0558721170112528e+002	  9.3095225584142429e+002	
  5.9100000000000000e+003	 -3.0154455790718168e+002	  9.3089659463592795e+002	
  5.9400000000000000e+003	 -3.0216306034264352e+002	  9.3720826950540300e+002	
  5.9700000000000000e+003	 -2.9721504678506369e+002	  9.4119342968948899e+002	
  6.0000000000000000e+003	 -2.9960836708010322e+002	  9.4454407256215256e+002	
  6.0300000000000000e+003	 -3.0212719870487444e+002	  9.3507098609557067e+002	
  6.0600000000000000e+003	 -3.0873349554924079e+002	  9.3595039172511133e+002	
  6.0900000000000000e+003	 -2.9763633744354445e+002	  9.3813220740396105e+002	
  6.1200000000000000e+003	 -3.0283533158556821e+002	  9.2261460989797763e+002	
  6.1500000000000000e+003	 -3.0243196390066942e+002	  9.2672220210089836e+002	
  6.1800000000000000e+003	 -2.9729571209653170e+002	  9.2932702626833338e+002	
  6.2100000000000000e+003	 -3.0135631164256904e+002	  9.4458860225896024e+002	
  6.2400000000000000e+003	 -2.9807555644655048e+002	  9.3349028691543390e+002	
  6.2700000000000000e+003	 -3.0582028647525044e+002	  9.3458119038789368e+002	
  6.3000000000000000e+003	 -2.9570015713763775e+002	  9.5364981073041031e+002	
  6.3300000000000000e+003	 -2.9893608217360691e+002	  9.3423611042945447e+002	
  6.3600000000000000e+003	 -2.9902572716342053e+002	  9.4526763155766332e+002	
  6.3900000000000000e+003	 -2.9436456598971154e+002	  9.3540493535088046e+002	
  6.4200000000000000e+003	 -2.9561949263759169e+002	  9.4068136537581574e+002	
  6.4500000000000000e+003	 -2.8919245039587679e+002	  9.4227320342716212e+002	
  6.4800000000000000e+003	 -2.8919245039587679e+002	  9.3607655183246732e+002	
  6.5100000000000000e+003	 -2.8919245039587679e+002	  9.2514128431241772e+002	
  6.5400000000000000e+003	 -3.0102465570619489e+002	  9.2118974903917365e+002	
  6.5700000000000000e+003	 -3.0934304048626484e+002	  9.2688917984515410e+002	
  6.6000000000000000e+003	 -3.0848252077492873e+002	  9.2152369441488395e+002	
  6.6300000000000000e+003	 -3.0694073349143929e+002	  9.2208028240090971e+002	
  6.6600000000000000e+003	 -3.0651048176330647e+002	  9.2426209784928017e+002	
  6.6900000000000000e+003	 -3.0444881440878498e+002	  9.1464429623621186e+002	
  6.7200000000000000e+003	 -3.3021073859107048e+002	  9.1032519283187798e+002	
  6.7500000000000000e+003	 -3.3239789397919390e+002	  9.1455524154727959e+002	
  6.7800000000000000e+003	 -3.2614424098393403e+002	  9.1571053376667021e+002	
  6.8100000000000000e+003	 -3.1441864161782178e+002	  9.1787670667802774e+002	
  6.8400000000000000e+003	 -3.0269304225170958e+002	  9.2004287958938551e+002	
  6.8700000000000000e+003	 -2.9096744288559739e+002	  9.2220905250074304e+002	
  6.9000000000000000e+003	 -2.7901855839082026e+002	  9.1566841724785957e+002	
  6.9300000000000000e+003	 -2.7517592165276187e+002	  9.1645935461569275e+002	
  6.9600000000000000e+003	 -2.8909337986705754e+002	  9.2138074449543262e+002	
  6.9900000000000000e+003	 -2.9315444003471100e+002	  9.3824352777324418e+002	
  7.0200000000000000e+003	 -2.9752878557892490e+002	  9.3403573623039267e+002	
  7.0500000000000000e+003	 -2.8822437716653531e+002	  9.3868879091599104e+002	
  7.0800000000000000e+003	 -2.8567864849999228e+002	  9.3964611522031123e+002	
  7.1100000000000000e+003	 -3.0217201836999425e+002	  9.3577228751453799e+002	
  7.1400000000000000e+003	 -3.1818134442345047e+002	  9.3419158237312945e+002	
  7.1700000000000000e+003	 -3.2165929233038116e+002	  8.9790220991023671e+002	
  7.2000000000000000e+003	 -3.2400182441445969e+002	  9.0646620471927815e+002	
  7.2300000000000000e+003	 -3.2883229454940624e+002	  9.5606415478085080e+002	
  7.2600000000000000e+003	 -3.4473208270970963e+002	  9.6867762068786453e+002	
  7.2900000000000000e+003	 -3.7969081887777764e+002	  9.5224721634296543e+002	
  7.3200000000000000e+003	 -4.0500455941531015e+002	  9.2156822229889656e+002	
  7.3500000000000000e+003	 -4.3666464029918626e+002	  9.2098937311682425e+002	
  7.3800000000000000e+003	 -4.4962627490675294e+002	  8.9262577793596665e+002	
  7.4100000000000000e+003	 -4.3929998974459829e+002	  8.6009892479162318e+002	
  7.4400000000000000e+003	 -4.1710565437286851e+002	  8.5553492054907440e+002	
  7.4700000000000000e+003	 -4.2330860556778924e+002	  8.5898574889845588e+002	
  7.5000000000000000e+003	 -4.2483245058713703e+002	  8.8358682552277605e+002	
  7.5300000000000000e+003	 -4.2409741433952104e+002	  8.8494489948357693e+002	
  7.5600000000000000e+003	 -4.0652839430020708e+002	  8.9824358036988701e+002	
  7.5900000000000000e+003	 -4.1056210033721482e+002	  8.9496344154589679e+002	
  7.6200000000000000e+003	 -4.2605237265037681e+002	  9.0709965466430492e+002	
  7.6500000000000000e+003	 -4.5107841314047693e+002	  9.3129733459806334e+002	
  7.6800000000000000e+003	 -4.5151088000310267e+002	  9.3361487618788794e+002	
  7.7100000000000000e+003	 -4.4183942697630414e+002	  9.2608632560977571e+002	
  7.7400000000000000e+003	 -4.3216797394950578e+002	  9.1855777503166337e+002	
  7.7700000000000000e+003	 -4.2249652092270730e+002	  9.1102922445355125e+002	
  7.8000000000000000e+003	 -4.0240505503281736e+002	  9.1309699239836368e+002	
  7.8300000000000000e+003	 -3.7490557805034877e+002	  8.9739385920492623e+002	
  7.8600000000000000e+003	 -3.8529302240580597e+002	  9.0351630141717146e+002	
  7.8900000000000000e+003	 -3.9568046676126318e+002	  9.0963874362941681e+002	
  7.9200000000000000e+003	 -4.0490595778473204e+002	  9.1250701588378831e+002	
  7.9500000000000000e+003	 -4.0312216043225715e+002	  8.8216196585153261e+002	
  7.9800000000000000e+003	 -4.0109308496023817e+002	  8.7952071650949995e+002	
  8.0100000000000000e+003	 -3.9819440571449690e+002	  8.7574750316373877e+002	
  8.0400000000000000e+003	 -3.9005295966065808e+002	  8.6940503185259877e+002	
  8.0700000000000000e+003	 -3.9317236052772660e+002	  8.6134567572356207e+002	
  8.1000000000000000e+003	 -3.9965045468314349e+002	  8.6557822716374312e+002	
  8.1300000000000000e+003	 -4.0774807237741464e+002	  8.7086891646396953e+002	
  8.1600000000000000e+003	 -4.1584569007168574e+002	  8.7615960576419593e+002	
  8.1900000000000000e+003	 -4.1078619015167317e+002	  8.7937904075959250e+002	
  8.2200000000000000e+003	 -4.1513362519007097e+002	  8.7876679604844981e+002	
  8.2500000000000000e+003	 -4.1495436068247818e+002	  8.6657757117854305e+002	
  8.2800000000000000e+003	 -4.2472487496043925e+002	  8.9112299588353540e+002	
  8.3100000000000000e+003	 -4.1764076820361606e+002	  8.7877860429930365e+002	
  8.3400000000000000e+003	 -4.0794358870246350e+002	  8.8252290536566386e+002	
  8.3700000000000000e+003	 -3.9824640920131094e+002	  8.8626720643202373e+002	
  8.4000000000000000e+003	 -3.9087762801960264e+002	  8.6829185966495515e+002	
  8.4300000000000000e+003	 -3.9701781755219946e+002	  8.6023250226245420e+002	
  8.4600000000000000e+003	 -4.0594490847278695e+002	  8.8627230320107753e+002	
  8.4900000000000000e+003	 -4.1911355852148500e+002	  9.0315637708479767e+002	
  8.5200000000000000e+003	 -4.1911355022416421e+002	  8.5638093286535764e+002	
  8.5500000000000000e+003	 -4.1522326425099902e+002	  8.5299688928913633e+002	
  8.5800000000000000e+003	 -4.1522326425099897e+002	  8.5299688928913633e+002	
  8.6100000000000000e+003	 -4.1522326425099897e+002	  8.5299688928913633e+002	
  8.6400000000000000e+003	 -4.1522326425099897e+002	  8.5299688928913633e+002	
  8.6700000000000000e+003	 -4.1522326425099897e+002	  8.5299688928913633e+002	
  8.7000000000000000e+003	 -4.1522326425099897e+002	  8.5299688928913633e+002	
  8.7300000000000000e+003	 -4.1522326425099897e+002	  8.5299688928913633e+002	
  8.7600000000000000e+003	 -4.1522326425099897e+002	  8.5299688928913633e+002	
  8.7900000000000000e+003	 -4.1522326425099897e+002	  8.5299688928913633e+002	
  8.8200000000000000e+003	 -4.1522326425099897e+002	  8.5299688928913633e+002	
  8.8500000000000000e+003	 -4.1522326425099897e+002	  8.5299688928913633e+002	
  8.8800000000000000e+003	 -4.1522326425099897e+002	  8.5299688928913633e+002	
  8.9100000000000000e+003	 -4.1415515852563789e+002	  8.5402646624999807e+002	
  8.9400000000000000e+003	 -3.8521224438005606e+002	  8.8192535011228767e+002	
  8.9700000000000000e+003	 -3.5626933023447435e+002	  9.0982423397457706e+002	
  9.0000000000000000e+003	 -3.3123260554840215e+002	  9.2539752741772134e+002	
  9.0300000000000000e+003	 -3.5183138714240511e+002	  9.3314519924971955e+002	
  9.0600000000000000e+003	 -3.4150511074962571e+002	  9.3641792753700668e+002	
  9.0900000000000000e+003	 -3.4073420592631584e+002	  9.4505613368584056e+002	
  9.1200000000000000e+003	 -3.4073420592631584e+002	  9.4505613368584068e+002	
  9.1500000000000000e+003	 -3.4073420592631584e+002	  9.4505613368584068e+002	
  9.1800000000000000e+003	 -3.4073420592631584e+002	  9.4505613368584068e+002	
  9.2100000000000000e+003	 -3.4073420592631584e+002	  9.4505613368584068e+002	
  9.2400000000000000e+003	 -3.4073420592631584e+002	  9.4505613368584068e+002	
  9.2700000000000000e+003	 -3.4073420592631584e+002	  9.4505613368584068e+002	
  9.3000000000000000e+003	 -3.4073420592631584e+002	  9.4505613368584068e+002	
  9.3300000000000000e+003	 -3.4073420592631584e+002	  9.4505613368584068e+002	
  9.3600000000000000e+003	 -3.4073420592631584e+002	  9.4505613368584068e+002	
  9.3900000000000000e+003	 -3.4073420592631584e+002	  9.4505613368584068e+002	
  9.4200000000000000e+003	 -3.4073420592631584e+002	  9.4505613368584068e+002	
  9.4500000000000000e+003	 -3.4073420592631584e+002	  9.4505613368584068e+002	
  9.4800000000000000e+003	 -3.3937074961841665e+002	  9.3593158294550619e+002	
  9.5100000000000000e+003	 -3.3342973590495046e+002	  8.9617300706486844e+002	
  9.5400000000000000e+003	 -3.4146923724400824e+002	  9.3575002503416908e+002	
  9.5700000000000000e+003	 -3.3442371605381493e+002	  9.4870733195631294e+002	
  9.6000000000000000e+003	 -3.3445956529225026e+002	  9.5284833184032414e+002	
  9.6300000000000000e+003	 -3.3445956529225026e+002	  9.5284833184032414e+002	
  9.6600000000000000e+003	 -3.3445956529225026e+002	  9.5284833184032414e+002	
  9.6900000000000000e+003	 -3.3445956529225026e+002	  9.5284833184032414e+002	
  9.7200000000000000e+003	 -3.3445956529225026e+002	  9.5284833184032414e+002	
  9.7500000000000000e+003	 -3.3445956529225026e+002	  9.5284833184032414e+002	
  9.7800000000000000e+003	 -3.3445956529225026e+002	  9.5284833184032414e+002	
  9.8100000000000000e+003	 -3.3445956529225026e+002	  9.5284833184032414e+002	
  9.8400000000000000e+003	 -3.3445956529225026e+002	  9.5284833184032414e+002	
  9.8700000000000000e+003	 -3.3445956529225026e+002	  9.5284833184032414e+002	
  9.9000000000000000e+003	 -3.3445956529225026e+002	  9.5284833184032414e+002	
  9.9300000000000000e+003	 -3.3445956529225026e+002	  9.5284833184032414e+002	
  9.9600000000000000e+003	 -3.3445956529225026e+002	  9.5284833184032414e+002	
  9.9900000000000000e+003	 -3.3445956529225026e+002	  9.5284833184032414e+002	
  1.0020000000000000e+004	 -3.3445956529225026e+002	  9.5284833184032414e+002	
  1.0050000000000000e+004	 -3.3445956529225026e+002	  9.5284833184032414e+002	
  1.0080000000000000e+004	 -3.3445956529225026e+002	  9.5284833184032414e+002	
  1.0110000000000000e+004	 -3.3445956529225026e+002	  9.5284833184032414e+002	
  1.0140000000000000e+004	 -3.3445956529225026e+002	  9.5284833184032414e+002	
  1.0170000000000000e+004	 -3.3445956529225026e+002	  9.5284833184032414e+002	
  1.0200000000000000e+004	 -3.3445956529225026e+002	  9.5284833184032414e+002	
  1.0230000000000000e+004	 -3.3445956529225026e+002	  9.5284833184032414e+002	
  1.0260000000000000e+004	 -3.3445956529225026e+002	  9.5284833184032414e+002	
  1.0290000000000000e+004	 -3.3445956529225026e+002	  9.5284833184032414e+002	
  1.0320000000000000e+004	 -3.2715848953232410e+002	  9.5757467873062978e+002	
  1.0350000000000000e+004	 -3.5275464436421532e+002	  9.3173147533463066e+002	
  1.0380000000000000e+004	 -3.5382133604912423e+002	  9.3192071437505660e+002	
  1.0410000000000000e+004	 -3.5382133604912423e+002	  9.3192071437505660e+002	
  1.0440000000000000e+004	 -3.5382133604912423e+002	  9.3192071437505660e+002	
  1.0470000000000000e+004	 -3.5382133604912423e+002	  9.3192071437505660e+002	
  1.0500000000000000e+004	 -3.5382133604912423e+002	  9.3192071437505660e+002	
  1.0530000000000000e+004	 -3.5382133604912423e+002	  9.3192071437505660e+002	
  1.0560000000000000e+004	 -3.5382133604912423e+002	  9.3192071437505660e+002	
  1.0590000000000000e+004	 -3.5382133604912423e+002	  9.3192071437505660e+002	
  1.0620000000000000e+004	 -3.5382133604912423e+002	  9.3192071437505660e+002	
  1.0650000000000000e+004	 -3.5382133604912423e+002	  9.3192071437505660e+002	
  1.0680000000000000e+004	 -3.5382133604912423e+002	  9.3192071437505660e+002	
  1.0710000000000000e+004	 -3.5382133604912423e+002	  9.3192071437505660e+002	
  1.0740000000000000e+004	 -3.5382133604912423e+002	  9.3192071437505660e+002	
  1.0770000000000000e+004	 -3.5382133604912423e+002	  9.3192071437505660e+002	
  1.0800000000000000e+004	 -3.5382133604912423e+002	  9.3192071437505660e+002	
  1.0830000000000000e+004	 -3.5382133604912423e+002	  9.3192071437505660e+002	
  1.0860000000000000e+004	 -3.5382133604912423e+002	  9.3192071437505660e+002	
  1.0890000000000000e+004	 -3.3532205568039865e+002	  9.1152932242608847e+002	
  1.0920000000000000e+004	 -3.0527348829349614e+002	  9.7435479150830065e+002	
  1.0950000000000000e+004	 -2.6276721926099253e+002	  9.9031766121844089e+002	
  1.0980000000000000e+004	 -2.2888410245291780e+002	  1.0109113289273716e+003	
  1.1010000000000000e+004	 -2.1543842177744591e+002	  1.0406775171347879e+003	
  1.1040000000000000e+004	 -2.5710210129260747e+002	  1.0448853072766656e+003	
  1.1070000000000000e+004	 -2.7689296397536441e+002	  1.0517886517275522e+003	
  1.1100000000000000e+004	 -2.7131077734103093e+002	  1.0711609923254023e+003	
  1.1130000000000000e+004	 -2.6572859070669745e+002	  1.0905333329232526e+003	
  1.1160000000000000e+004	 -2.6014640407236396e+002	  1.1099056735211027e+003	
  1.1190000000000000e+004	 -2.5456421743803045e+002	  1.1292780141189530e+003	
  1.1220000000000000e+004	 -2.4898203080369697e+002	  1.1486503547168031e+003	
  1.1250000000000000e+004	 -2.4339984416936349e+002	  1.1680226953146534e+003	
  1.1280000000000000e+004	 -2.3836777657510567e+002	  1.1405289597039100e+003	
  1.1310000000000000e+004	 -2.2514620229451421e+002	  1.1053527544065969e+003	
  1.1340000000000000e+004	 -2.2026431312609969e+002	  1.0915893378516755e+003	
  1.1370000000000000e+004	 -2.1661115116270207e+002	  1.0812179443644766e+003	
  1.1400000000000000e+004	 -2.1295798919930448e+002	  1.0708465508772774e+003	
  1.1430000000000000e+004	 -2.0930482723590688e+002	  1.0604751573900783e+003	
  1.1460000000000000e+004	 -2.0565166527250929e+002	  1.0501037639028793e+003	
  1.1490000000000000e+004	 -2.0199850330911164e+002	  1.0397323704156800e+003	
  1.1520000000000000e+004	 -1.9834534134571402e+002	  1.0293609769284808e+003	
  1.1550000000000000e+004	 -1.9469217938231645e+002	  1.0189895834412816e+003	
  1.1580000000000000e+004	 -1.9103901741891883e+002	  1.0086181899540826e+003	
  1.1610000000000000e+004	 -2.0063025173799352e+002	  1.0296571285368677e+003	
  1.1640000000000000e+004	 -1.9749923731969781e+002	  1.0212534709051575e+003	
  1.1670000000000000e+004	 -1.9280271569225428e+002	  1.0086479844575925e+003	
  1.1700000000000000e+004	 -1.8810619406481069e+002	  9.9604249801002709e+002	
  1.1730000000000000e+004	 -1.8340967243736713e+002	  9.8343701156246198e+002	
  1.1760000000000000e+004	 -1.7871315080992358e+002	  9.7083152511489664e+002	
  1.1790000000000000e+004	 -1.7375682548901332e+002	  9.5518599108847718e+002	
  1.1820000000000000e+004	 -1.7391816856513830e+002	  9.5574257808073037e+002	
  1.1850000000000000e+004	 -1.7391816856513830e+002	  9.5574257808073037e+002	
  1.1880000000000000e+004	 -1.7391816856513830e+002	  9.5574257808073037e+002	
  1.1910000000000000e+004	 -1.7391816856513830e+002	  9.5574257808073037e+002	
  1.1940000000000000e+004	 -1.7391816856513830e+002	  9.5574257808073037e+002	
  1.1970000000000000e+004	 -1.7391816856513830e+002	  9.5574257808073037e+002	
  1.2000000000000000e+004	 -1.7391816856513830e+002	  9.5574257808073037e+002	
  1.2030000000000000e+004	 -1.7391816856513830e+002	  9.5574257808073037e+002	
  1.2060000000000000e+004	 -1.7391816856513830e+002	  9.5574257808073037e+002	
  1.2090000000000000e+004	 -1.7230044533429299e+002	  9.6136404435319560e+002	
  1.2120000000000000e+004	 -1.7060159242162746e+002	  9.8657740660375384e+002	
  1.2150000000000000e+004	 -1.6941836129582137e+002	  9.8321563146077801e+002	
  1.2180000000000000e+004	 -1.7042231227176654e+002	  9.8323789439564212e+002	
  1.2210000000000000e+004	 -1.7042231227176654e+002	  9.8323789439564212e+002	
  1.2240000000000000e+004	 -1.7042231227176654e+002	  9.8323789439564212e+002	
  1.2270000000000000e+004	 -1.7042231227176654e+002	  9.8323789439564212e+002	
  1.2300000000000000e+004	 -1.7042231227176654e+002	  9.8323789439564212e+002	
  1.2330000000000000e+004	 -1.7042231227176654e+002	  9.8323789439564212e+002	
  1.2360000000000000e+004	 -1.7042231227176654e+002	  9.8323789439564212e+002	
  1.2390000000000000e+004	 -1.7042231227176654e+002	  9.8323789439564212e+002	
  1.2420000000000000e+004	 -1.7042231227176654e+002	  9.8323789439564212e+002	
  1.2450000000000000e+004	 -1.7300519156000649e+002	  9.8152962015002640e+002	
  1.2480000000000000e+004	 -1.9632764942662462e+002	  9.7170544104467115e+002	
  1.2510000000000000e+004	 -1.9234770789256510e+002	  9.8241414694782486e+002	
  1.2540000000000000e+004	 -1.8347357256674201e+002	  9.7433253247915059e+002	
  1.2570000000000000e+004	 -1.8536019193651481e+002	  9.7488475310085664e+002	
  1.2600000000000000e+004	 -1.9184575484940487e+002	  9.8654030644650834e+002	
  1.2630000000000000e+004	 -1.9833131776229493e+002	  9.9819585979215981e+002	
  1.2660000000000000e+004	 -2.0481688067518499e+002	  1.0098514131378115e+003	
  1.2690000000000000e+004	 -2.0201066498280412e+002	  1.0243806939292451e+003	
  1.2720000000000000e+004	 -1.7623596552702088e+002	  9.9333064823663983e+002	
  1.2750000000000000e+004	 -1.5796263006783363e+002	  9.6442530433747538e+002	
  1.2780000000000000e+004	 -1.5778337898990750e+002	  9.6464793900617656e+002	
  1.2810000000000000e+004	 -1.6426120522069454e+002	  9.5832512716869724e+002	
  1.2840000000000000e+004	 -1.7073903145148157e+002	  9.5200231533121791e+002	
  1.2870000000000000e+004	 -1.7721685768226860e+002	  9.4567950349373871e+002	
  1.2900000000000000e+004	 -1.8369468391305563e+002	  9.3935669165625939e+002	
  1.2930000000000000e+004	 -1.9017251014384266e+002	  9.3303387981878029e+002	
  1.2960000000000000e+004	 -1.9665033637462969e+002	  9.2671106798130086e+002	
  1.2990000000000000e+004	 -2.0312816260541675e+002	  9.2038825614382165e+002	
  1.3020000000000000e+004	 -1.9592427926050865e+002	  9.4989842201233114e+002	
  1.3050000000000000e+004	 -1.9749292842766735e+002	  9.9748648693656833e+002	
  1.3080000000000000e+004	 -1.9422115162118155e+002	  1.0068927762381345e+003	
  1.3110000000000000e+004	 -1.9166647911788181e+002	  1.0006033636634154e+003	
  1.3140000000000000e+004	 -1.9462449921108967e+002	  1.0033862900486836e+003	
  1.3170000000000000e+004	 -1.9381916101645220e+002	  1.0022992096448716e+003	
  1.3200000000000000e+004	 -1.9285275518288719e+002	  1.0009947131602970e+003	
  1.3230000000000000e+004	 -1.9188634934932222e+002	  9.9969021667572258e+002	
  1.3260000000000000e+004	 -1.9091994351575718e+002	  9.9838572019114793e+002	
  1.3290000000000000e+004	 -1.8995353768219221e+002	  9.9708122370657338e+002	
  1.3320000000000000e+004	 -1.8898713184862723e+002	  9.9577672722199895e+002	
  1.3350000000000000e+004	 -1.7997772427989929e+002	  9.8616553348731179e+002	
  1.3380000000000000e+004	 -1.8210210468285896e+002	  9.8826942591917123e+002	
  1.3410000000000000e+004	 -2.1192463365531503e+002	  9.9824344383012908e+002	
  1.3440000000000000e+004	 -2.1002432500475817e+002	  1.0100430503780037e+003	
  1.3470000000000000e+004	 -2.2358652464501091e+002	  1.0155087218028672e+003	
  1.3500000000000000e+004	 -2.1645132363406938e+002	  1.0039428722745345e+003	
  1.3530000000000000e+004	 -2.3424446246129318e+002	  1.0160764438473414e+003	
  1.3560000000000000e+004	 -2.2075226280927532e+002	  1.0132244704505304e+003	
  1.3590000000000000e+004	 -2.0315374152403464e+002	  1.0095045051503421e+003	
  1.3620000000000000e+004	 -1.8392175784550983e+002	  1.0029410211635461e+003	
  1.3650000000000000e+004	 -1.9379986981607777e+002	  1.0073714412715792e+003	
  1.3680000000000000e+004	 -1.9630971125190007e+002	  1.0226664121139853e+003	
  1.3710000000000000e+004	 -2.0028963387783079e+002	  1.0537461455470698e+003	
  1.3740000000000000e+004	 -1.9335167052141952e+002	  1.0886106614318646e+003	
  1.3770000000000000e+004	 -1.8836781066559570e+002	  1.0797498172241608e+003	
  1.3800000000000000e+004	 -1.9611252767930583e+002	  1.0608036523957642e+003	
  1.3830000000000000e+004	 -1.8393966993655505e+002	  1.0513194350274437e+003	
  1.3860000000000000e+004	 -1.8763275350162030e+002	  1.0583101500672897e+003	
  1.3890000000000000e+004	 -1.9578979720214153e+002	  1.0520318590993970e+003	
  1.3920000000000000e+004	 -1.9378192467638704e+002	  1.0442174043209950e+003	
  1.3950000000000000e+004	 -1.9234773220145948e+002	  1.0547925258157472e+003	
  1.3980000000000000e+004	 -1.8831402589019996e+002	  1.0668593008431085e+003	
  1.4010000000000000e+004	 -1.9570018481310581e+002	  1.0685958486915447e+003	
  1.4040000000000000e+004	 -1.9971593753938052e+002	  1.0571747159720649e+003	
  1.4070000000000000e+004	 -2.0211824540129177e+002	  1.0653676517275373e+003	
  1.4100000000000000e+004	 -1.9550296725834860e+002	  1.0766329465399895e+003	
  1.4130000000000000e+004	 -1.9467830132352520e+002	  1.0809297800723439e+003	
  1.4160000000000000e+004	 -1.9973386710312107e+002	  1.0731598464984913e+003	
  1.4190000000000000e+004	 -2.0116809174847009e+002	  1.0731375863885592e+003	
  1.4220000000000000e+004	 -1.9293932277278455e+002	  1.0604251747359388e+003	
  1.4250000000000000e+004	 -1.9134376815150267e+002	  1.0477795490006690e+003	
  1.4280000000000000e+004	 -1.9634558202314841e+002	  1.0215755051904140e+003	
  1.4310000000000000e+004	 -1.9184572567658157e+002	  1.0401209272966585e+003	
  1.4340000000000000e+004	 -2.1249830236169092e+002	  1.0908815323540439e+003	
  1.4370000000000000e+004	 -2.0134736123992235e+002	  1.0721134659289851e+003	
  1.4400000000000000e+004	 -2.0869766990562735e+002	  1.0647220106407178e+003	
  1.4430000000000000e+004	 -2.0021792736026273e+002	  9.7277408873446325e+002	
  1.4460000000000000e+004	 -1.9356678760542155e+002	  9.7626944464881490e+002	
  1.4490000000000000e+004	 -2.1226524017893252e+002	  1.0374047971184359e+003	
  1.4520000000000000e+004	 -1.9327995119732770e+002	  9.6464794216687255e+002	
  1.4550000000000000e+004	 -1.9365518057125996e+002	  9.7103184735126956e+002	
  1.4580000000000000e+004	 -1.9646940087575186e+002	  1.0139018746398842e+003	
  1.4610000000000000e+004	 -1.9589736753339801e+002	  1.0348445019587655e+003	
  1.4640000000000000e+004	 -1.9406875839139022e+002	  1.0411561815601196e+003	
  1.4670000000000000e+004	 -1.9027707580115433e+002	  1.0347220492064678e+003	
  1.4700000000000000e+004	 -1.8722941790508861e+002	  1.0207628944041207e+003	
  1.4730000000000000e+004	 -1.8757001537634264e+002	  1.0072712603973014e+003	
  1.4760000000000000e+004	 -1.7597983711673675e+002	  9.8056628122262896e+002	
  1.4790000000000000e+004	 -1.7328053157751458e+002	  9.8845163730534455e+002	
  1.4820000000000000e+004	 -1.6591878919781777e+002	  1.0099571538945683e+003	
  1.4850000000000000e+004	 -1.5855704681812097e+002	  1.0314626704837924e+003	
  1.4880000000000000e+004	 -1.5119530443842413e+002	  1.0529681870730162e+003	
  1.4910000000000000e+004	 -1.4383356205872730e+002	  1.0744737036622400e+003	
  1.4940000000000000e+004	 -1.8781201687795385e+002	  1.0492489343514817e+003	
  1.4970000000000000e+004	 -2.1120751543832768e+002	  1.0533676755965244e+003	
  1.5000000000000000e+004	 -2.0589289157496771e+002	  1.0402994427450787e+003	
  1.5030000000000000e+004	 -1.9792095577992777e+002	  1.0206970934679106e+003	
  1.5060000000000000e+004	 -1.8994901998488783e+002	  1.0010947441907423e+003	
  1.5090000000000000e+004	 -1.8197708418984786e+002	  9.8149239491357400e+002	
  1.5120000000000000e+004	 -1.7400514839480795e+002	  9.6189004563640572e+002	
  1.5150000000000000e+004	 -1.6642443762949080e+002	  9.4433257157802291e+002	
  1.5180000000000000e+004	 -1.8112506262248900e+002	  1.0210411861408895e+003	
  1.5210000000000000e+004	 -1.7086153180955932e+002	  1.0480355794430020e+003	
  1.5240000000000000e+004	 -1.6202323604766363e+002	  1.0489038524058656e+003	
  1.5270000000000000e+004	 -1.6421937718808312e+002	  1.0178463824163809e+003	
  1.5300000000000000e+004	 -1.2685826835947782e+002	  9.6459227968671928e+002	
  1.5330000000000000e+004	 -3.0807017082857863e+002	  9.6727502436088400e+002	
  1.5360000000000000e+004	 -3.2143519952281315e+002	  9.6637335717749647e+002	
  1.5390000000000000e+004	 -3.2764708128862389e+002	  9.5028803366672082e+002	
  1.5420000000000000e+004	 -3.2764708128862389e+002	  9.5028803366672082e+002	
  1.5450000000000000e+004	 -3.2764708128862389e+002	  9.5028803366672082e+002	
  1.5480000000000000e+004	 -3.2764708128862389e+002	  9.5028803366672082e+002	
  1.5510000000000000e+004	 -3.2764708128862389e+002	  9.5028803366672082e+002	
  1.5540000000000000e+004	 -3.2764708128862389e+002	  9.5028803366672082e+002	
  1.5570000000000000e+004	 -3.2764708128862389e+002	  9.5028803366672082e+002	
  1.5600000000000000e+004	 -3.2764708128862389e+002	  9.5028803366672082e+002	
  1.5630000000000000e+004	 -3.2764708128862389e+002	  9.5028803366672082e+002	
  1.5660000000000000e+004	 -3.2764708128862389e+002	  9.5028803366672082e+002	
  1.5690000000000000e+004	 -3.2767446666012745e+002	  9.4842607963027842e+002	
  1.5720000000000000e+004	 -3.2826565895542791e+002	  9.0823042698388031e+002	
  1.5750000000000000e+004	 -2.8986473436101426e+002	  8.8700426348180429e+002	
  1.5780000000000000e+004	 -2.8713077960073747e+002	  8.7926772236764987e+002	
  1.5810000000000000e+004	 -2.9452589525055657e+002	  8.9134562779132102e+002	
  1.5840000000000000e+004	 -2.8910282353039230e+002	  8.8015825761075030e+002	
  1.5870000000000000e+004	 -2.9510855849774771e+002	  8.8806177891168704e+002	
  1.5900000000000000e+004	 -2.9730467617085912e+002	  8.9112299507876867e+002	
  1.5930000000000000e+004	 -2.9968008788131846e+002	  8.9590963271779128e+002	
  1.5960000000000000e+004	 -2.9878369952867968e+002	  8.9435118776577042e+002	
  1.5990000000000000e+004	 -3.0165211759497350e+002	  8.9635490171668937e+002	
  1.6020000000000000e+004	 -3.0662700897644578e+002	  9.0414710090383085e+002	
  1.6050000000000000e+004	 -3.0375860894664476e+002	  8.9757938854516431e+002	
  1.6080000000000000e+004	 -3.0241403619708700e+002	  8.9936045821028381e+002	
  1.6110000000000000e+004	 -3.0443088882274810e+002	  8.9023245752518346e+002	
  1.6140000000000000e+004	 -3.2392711599253397e+002	  8.8438831271153902e+002	
  1.6170000000000000e+004	 -3.3051550352744755e+002	  8.6323806137535246e+002	
  1.6200000000000000e+004	 -3.5391098743628731e+002	  8.5071488936805292e+002	
  1.6230000000000000e+004	 -3.8707698995170665e+002	  8.4637351921767254e+002	
  1.6260000000000000e+004	 -4.1849505225718542e+002	  8.4325664495892670e+002	
  1.6290000000000000e+004	 -4.4812036212772500e+002	  8.4526034835783867e+002	
  1.6320000000000000e+004	 -4.7729748865782938e+002	  8.4726406403351359e+002	
  1.6350000000000000e+004	 -5.1319744372753053e+002	  8.4542732630297724e+002	
  1.6380000000000000e+004	 -5.4690126808099365e+002	  8.4281137833953994e+002	
  1.6410000000000000e+004	 -5.8105329458469373e+002	  8.4693010700819718e+002	
  1.6440000000000000e+004	 -6.1372628717945372e+002	  8.6718982101926485e+002	
  1.6470000000000000e+004	 -6.3577720189388708e+002	  8.6596532855670796e+002	
  1.6500000000000000e+004	 -6.4021427106211479e+002	  8.6858128054639587e+002	
  1.6530000000000000e+004	 -6.4809053816432515e+002	  8.7261243315815068e+002	
  1.6560000000000000e+004	 -6.5754205868697773e+002	  8.7744981629225651e+002	
  1.6590000000000000e+004	 -6.6699357920963030e+002	  8.8228719942636235e+002	
  1.6620000000000000e+004	 -6.7644509973228287e+002	  8.8712458256046830e+002	
  1.6650000000000000e+004	 -6.8589662025493544e+002	  8.9196196569457413e+002	
  1.6680000000000000e+004	 -6.9534814077758801e+002	  8.9679934882868008e+002	
  1.6710000000000000e+004	 -7.0479966130024059e+002	  9.0163673196278592e+002	
  1.6740000000000000e+004	 -7.1425118182289305e+002	  9.0647411509689175e+002	
  1.6770000000000000e+004	 -7.2370270234554562e+002	  9.1131149823099759e+002	
  1.6800000000000000e+004	 -7.3693351480012757e+002	  9.1822871480980871e+002	
  1.6830000000000000e+004	 -7.3838147632385073e+002	  9.1772007231626230e+002	
  1.6860000000000000e+004	 -7.4172292599398111e+002	  9.1654628194654038e+002	
  1.6890000000000000e+004	 -7.4506437566411148e+002	  9.1537249157681822e+002	
  1.6920000000000000e+004	 -7.4840582533424208e+002	  9.1419870120709606e+002	
  1.6950000000000000e+004	 -7.5174727500437245e+002	  9.1302491083737402e+002	
  1.6980000000000000e+004	 -7.5508872467450283e+002	  9.1185112046765187e+002	
  1.7010000000000000e+004	 -7.5843017434463320e+002	  9.1067733009792971e+002	
  1.7040000000000000e+004	 -7.7571981452866407e+002	  9.0389106852774717e+002	
  1.7070000000000000e+004	 -7.6675602262715438e+002	  9.1651443198352422e+002	
  1.7100000000000000e+004	 -7.7246595783704686e+002	  9.1170553033966189e+002	
  1.7130000000000000e+004	 -8.0037021551645216e+002	  9.0885581255151226e+002	
  1.7160000000000000e+004	 -7.9725081609538495e+002	  9.1127138919524373e+002	
  1.7190000000000000e+004	 -7.3669148984845083e+002	  9.1099309609669092e+002	
  1.7220000000000000e+004	 -7.1473021592418047e+002	  9.1444392758030176e+002	
  1.7250000000000000e+004	 -7.0971048984513243e+002	  9.1556823257626343e+002	
  1.7280000000000000e+004	 -7.0238708561965086e+002	  9.1680385136175028e+002	
  1.7310000000000000e+004	 -7.3216477331720114e+002	  9.1879642655395890e+002	
  1.7340000000000000e+004	 -7.1497223858877976e+002	  9.2376117247463810e+002	
  1.7370000000000000e+004	 -7.0770260123364892e+002	  9.2046618681505299e+002	
  1.7400000000000000e+004	 -7.3110705616734890e+002	  9.3013963738319546e+002	
