  0.0000000000000000e+000	 -4.2363130188289438e+002	  1.0198278250506490e+003	
  3.0000000000000000e+001	 -3.8227339872967752e+002	  1.0309904568967579e+003	
  6.0000000000000000e+001	 -3.4091549557646056e+002	  1.0421530887428667e+003	
  9.0000000000000000e+001	 -2.9955759242324370e+002	  1.0533157205889754e+003	
  1.2000000000000000e+002	 -2.5819968927002685e+002	  1.0644783524350842e+003	
  1.5000000000000000e+002	 -2.1684178611681000e+002	  1.0756409842811929e+003	
  1.8000000000000000e+002	 -2.0165035353733978e+002	  1.0788058567406490e+003	
  2.1000000000000000e+002	 -1.9893520449009142e+002	  1.0765795097831333e+003	
  2.4000000000000000e+002	 -2.2015608839624232e+002	  1.0763646705725528e+003	
  2.7000000000000000e+002	 -2.3615014841036660e+002	  1.0785631849201470e+003	
  3.0000000000000000e+002	 -2.4362865132501020e+002	  1.0764693057413504e+003	
  3.3000000000000000e+002	 -2.4703937179935809e+002	  1.0746325728354245e+003	
  3.6000000000000000e+002	 -2.5006910956459365e+002	  1.0730997338048755e+003	
  3.9000000000000000e+002	 -2.4966394202153688e+002	  1.0764258931627999e+003	
  4.2000000000000000e+002	 -2.4537299980283629e+002	  1.0760741270010990e+003	
  4.5000000000000000e+002	 -2.5014981401305687e+002	  1.0725342457643594e+003	
  4.8000000000000000e+002	 -2.5279861100982376e+002	  1.0719075301354510e+003	
  5.1000000000000000e+002	 -2.5396298505126384e+002	  1.0717873114096442e+003	
  5.4000000000000000e+002	 -2.5443179142575451e+002	  1.0724529860096566e+003	
  5.7000000000000000e+002	 -2.5420053525156800e+002	  1.0730919476843815e+003	
  6.0000000000000000e+002	 -2.5402125001256121e+002	  1.0736496470738841e+003	
  6.3000000000000000e+002	 -2.6039809855379775e+002	  1.0724930597589123e+003	
  6.6000000000000000e+002	 -2.6064728981330023e+002	  1.0699049391482824e+003	
  6.9000000000000000e+002	 -2.5995975443688224e+002	  1.0708555847839773e+003	
  7.2000000000000000e+002	 -2.4973475218111290e+002	  1.0734281230417689e+003	
  7.5000000000000000e+002	 -2.5161269078275473e+002	  1.0719342509388455e+003	
  7.8000000000000000e+002	 -2.5425967413816360e+002	  1.0712017845268779e+003	
  8.1000000000000000e+002	 -2.5353899350901014e+002	  1.0727123553151037e+003	
  8.4000000000000000e+002	 -2.5361967310829544e+002	  1.0728425942374174e+003	
  8.7000000000000000e+002	 -2.5394416986523964e+002	  1.0731565128452403e+003	
  9.0000000000000000e+002	 -2.5407861463008558e+002	  1.0733713532614652e+003	
  9.3000000000000000e+002	 -2.4782278786944730e+002	  1.0760195848443025e+003	
  9.6000000000000000e+002	 -2.4418258607878346e+002	  1.0776470395031463e+003	
  9.9000000000000000e+002	 -2.5265247959806979e+002	  1.0726333186793574e+003	
  1.0200000000000000e+003	 -2.5861250468848584e+002	  1.0699939888706435e+003	
  1.0500000000000000e+003	 -2.6125590947320217e+002	  1.0681249735922029e+003	
  1.0800000000000000e+003	 -2.5695956714799888e+002	  1.0691947362581882e+003	
  1.1100000000000000e+003	 -2.6153827417844968e+002	  1.0667802647965689e+003	
  1.1400000000000000e+003	 -2.5517310559488655e+002	  1.0679791482969770e+003	
  1.1700000000000000e+003	 -2.5213346903251909e+002	  1.0705784046634312e+003	
  1.2000000000000000e+003	 -2.5103632026051483e+002	  1.0723995498610805e+003	
  1.2300000000000000e+003	 -2.5870663286075717e+002	  1.0710726552749702e+003	
  1.2600000000000000e+003	 -2.4676057932503326e+002	  1.0731609646008360e+003	
  1.2900000000000000e+003	 -2.4307287084044691e+002	  1.0743464933395301e+003	
  1.3200000000000000e+003	 -2.4077905744175646e+002	  1.0743153173556443e+003	
  1.3500000000000000e+003	 -2.4145940309191423e+002	  1.0731576245502774e+003	
  1.3800000000000000e+003	 -2.4171844150208759e+002	  1.0730006744400378e+003	
  1.4100000000000000e+003	 -2.4327906251224198e+002	  1.0734481550181699e+003	
  1.4400000000000000e+003	 -2.4565535866895826e+002	  1.0780277407257513e+003	
  1.4700000000000000e+003	 -2.4314638793222016e+002	  1.0750132814346703e+003	
  1.5000000000000000e+003	 -2.4430628866328888e+002	  1.0758848915603739e+003	
  1.5300000000000000e+003	 -2.2893070435076396e+002	  1.0733290527018601e+003	
  1.5600000000000000e+003	 -2.1344669946953235e+002	  1.0744466742770778e+003	
  1.5900000000000000e+003	 -2.2026809677046771e+002	  1.0422982952154264e+003	
  1.6200000000000000e+003	 -1.9605424326362845e+002	  1.0228500859574882e+003	
  1.6500000000000000e+003	 -1.1988898161871793e+002	  9.8988464081955283e+002	
  1.6800000000000000e+003	 -9.5799639323813111e+001	  9.6351584715560398e+002	
  1.7100000000000000e+003	 -1.9963529340868192e+002	  9.6151881458098705e+002	
  1.7400000000000000e+003	 -2.5795006836743909e+002	  8.9699051955738582e+002	
  1.7700000000000000e+003	 -1.7997141011710494e+002	  8.5061581825886663e+002	
  1.8000000000000000e+003	 -1.5836873836504250e+002	  8.2973829609271195e+002	
  1.8300000000000000e+003	 -1.6294920866046124e+002	  8.2957242820916088e+002	
  1.8600000000000000e+003	 -1.6072977381925270e+002	  8.2987521726700686e+002	
  1.8900000000000000e+003	 -1.1803796642177876e+002	  8.3359877555727871e+002	
  1.9200000000000000e+003	 -8.9614681799186968e+001	  8.3023031852804525e+002	
  1.9500000000000000e+003	 -8.1653901335512316e+001	  8.2678171398128177e+002	
  1.9800000000000000e+003	 -1.0438790657521854e+002	  8.9149925149178068e+002	
  2.0100000000000000e+003	 -9.7973379840949320e+001	  8.7256532167883176e+002	
  2.0400000000000000e+003	 -7.4966913564167029e+001	  8.6703397693433385e+002	
  2.0700000000000000e+003	 -7.4966913564167029e+001	  8.6703397693433374e+002	
  2.1000000000000000e+003	 -7.4966913564167029e+001	  8.6703397693433374e+002	
  2.1300000000000000e+003	 -7.4966913564167029e+001	  8.6703397693433374e+002	
  2.1600000000000000e+003	 -7.4966913564167029e+001	  8.6703397693433374e+002	
  2.1900000000000000e+003	 -7.4966913564167029e+001	  8.6703397693433374e+002	
  2.2200000000000000e+003	 -7.4966913564167029e+001	  8.6703397693433374e+002	
  2.2500000000000000e+003	 -7.4966913564167029e+001	  8.6703397693433374e+002	
  2.2800000000000000e+003	 -7.4966913564167029e+001	  8.6703397693433374e+002	
  2.3100000000000000e+003	 -7.4966913564167029e+001	  8.6703397693433374e+002	
  2.3400000000000000e+003	 -7.4966913564167029e+001	  8.6703397693433374e+002	
  2.3700000000000000e+003	 -7.4966913564167029e+001	  8.6703397693433374e+002	
  2.4000000000000000e+003	 -7.4966913564167029e+001	  8.6703397693433374e+002	
  2.4300000000000000e+003	 -7.4966913564167029e+001	  8.6703397693433374e+002	
  2.4600000000000000e+003	 -7.4966913564167029e+001	  8.6703397693433374e+002	
  2.4900000000000000e+003	 -7.4966913564167029e+001	  8.6703397693433374e+002	
  2.5200000000000000e+003	 -7.4966913564167029e+001	  8.6703397693433374e+002	
  2.5500000000000000e+003	 -7.4966913564167029e+001	  8.6703397693433374e+002	
  2.5800000000000000e+003	 -7.4966913564167029e+001	  8.6703397693433374e+002	
  2.6100000000000000e+003	 -7.4966913564167029e+001	  8.6703397693433374e+002	
  2.6400000000000000e+003	 -7.4966913564167029e+001	  8.6703397693433374e+002	
  2.6700000000000000e+003	 -7.4966913564167029e+001	  8.6703397693433374e+002	
  2.7000000000000000e+003	 -7.4966913564167029e+001	  8.6703397693433374e+002	
  2.7300000000000000e+003	 -7.4966913564167029e+001	  8.6703397693433374e+002	
  2.7600000000000000e+003	 -7.4966913564167029e+001	  8.6703397693433374e+002	
  2.7900000000000000e+003	 -7.4966913564167029e+001	  8.6703397693433374e+002	
  2.8200000000000000e+003	 -7.4966913564167029e+001	  8.6703397693433374e+002	
  2.8500000000000000e+003	 -7.4966913564167029e+001	  8.6703397693433374e+002	
  2.8800000000000000e+003	 -7.4966913564167029e+001	  8.6703397693433374e+002	
  2.9100000000000000e+003	 -7.4966913564167029e+001	  8.6703397693433374e+002	
  2.9400000000000000e+003	 -7.4966913564167029e+001	  8.6703397693433374e+002	
  2.9700000000000000e+003	 -7.4966913564167029e+001	  8.6703397693433374e+002	
  3.0000000000000000e+003	 -7.4966913564167029e+001	  8.6703397693433374e+002	
  3.0300000000000000e+003	 -7.4966913564167029e+001	  8.6703397693433374e+002	
  3.0600000000000000e+003	 -7.4966913564167029e+001	  8.6703397693433374e+002	
  3.0900000000000000e+003	 -7.4966913564167029e+001	  8.6703397693433374e+002	
  3.1200000000000000e+003	 -7.4966913564167029e+001	  8.6703397693433374e+002	
  3.1500000000000000e+003	 -7.4966913564167029e+001	  8.6703397693433374e+002	
  3.1800000000000000e+003	 -7.4966913564167029e+001	  8.6703397693433374e+002	
  3.2100000000000000e+003	 -7.4966913564167029e+001	  8.6703397693433374e+002	
  3.2400000000000000e+003	 -7.4966913564167029e+001	  8.6703397693433374e+002	
  3.2700000000000000e+003	 -7.4966913564167029e+001	  8.6703397693433374e+002	
  3.3000000000000000e+003	 -7.4966913564167029e+001	  8.6703397693433374e+002	
  3.3300000000000000e+003	 -7.4966913564167029e+001	  8.6703397693433374e+002	
  3.3600000000000000e+003	 -7.4966913564167029e+001	  8.6703397693433374e+002	
  3.3900000000000000e+003	 -7.4966913564167029e+001	  8.6703397693433374e+002	
  3.4200000000000000e+003	 -7.4966913564167029e+001	  8.6703397693433374e+002	
  3.4500000000000000e+003	 -7.4966913564167029e+001	  8.6703397693433374e+002	
  3.4800000000000000e+003	 -7.4966913564167029e+001	  8.6703397693433374e+002	
  3.5100000000000000e+003	 -7.4966913564167029e+001	  8.6703397693433374e+002	
  3.5400000000000000e+003	 -7.4966913564167029e+001	  8.6703397693433374e+002	
  3.5700000000000000e+003	 -7.4966913564167029e+001	  8.6703397693433374e+002	
  3.6000000000000000e+003	 -7.4966913564167029e+001	  8.6703397693433374e+002	
  3.6300000000000000e+003	 -7.4966913564167029e+001	  8.6703397693433374e+002	
  3.6600000000000000e+003	 -7.4966913564167029e+001	  8.6703397693433374e+002	
  3.6900000000000000e+003	 -7.4966913564167029e+001	  8.6703397693433374e+002	
  3.7200000000000000e+003	 -7.4966913564167029e+001	  8.6703397693433374e+002	
  3.7500000000000000e+003	 -7.4966913564167029e+001	  8.6703397693433374e+002	
  3.7800000000000000e+003	 -7.4966913564167029e+001	  8.6703397693433374e+002	
  3.8100000000000000e+003	 -7.4966913564167029e+001	  8.6703397693433374e+002	
  3.8400000000000000e+003	 -7.4966913564167029e+001	  8.6703397693433374e+002	
  3.8700000000000000e+003	 -7.4966913564167029e+001	  8.6703397693433374e+002	
  3.9000000000000000e+003	 -7.4966913564167029e+001	  8.6703397693433374e+002	
  3.9300000000000000e+003	 -7.4966913564167029e+001	  8.6703397693433374e+002	
  3.9600000000000000e+003	 -7.4966913564167029e+001	  8.6703397693433374e+002	
  3.9900000000000000e+003	 -7.4966913564167029e+001	  8.6703397693433374e+002	
  4.0200000000000000e+003	 -7.4966913564167029e+001	  8.6703397693433374e+002	
  4.0500000000000000e+003	 -7.4966913564167029e+001	  8.6703397693433374e+002	
  4.0800000000000000e+003	 -7.4966913564167029e+001	  8.6703397693433374e+002	
  4.1100000000000000e+003	 -7.4966913564167029e+001	  8.6703397693433374e+002	
  4.1400000000000000e+003	 -7.4966913564167029e+001	  8.6703397693433374e+002	
  4.1700000000000000e+003	 -7.4966913564167029e+001	  8.6703397693433374e+002	
  4.2000000000000000e+003	 -7.4966913564167029e+001	  8.6703397693433374e+002	
  4.2300000000000000e+003	 -7.4966913564167029e+001	  8.6703397693433374e+002	
  4.2600000000000000e+003	 -7.4966913564167029e+001	  8.6703397693433374e+002	
  4.2900000000000000e+003	 -7.4966913564167029e+001	  8.6703397693433374e+002	
  4.3200000000000000e+003	 -7.4966913564167029e+001	  8.6703397693433374e+002	
  4.3500000000000000e+003	 -7.4966913564167029e+001	  8.6703397693433374e+002	
  4.3800000000000000e+003	 -7.4966913564167029e+001	  8.6703397693433374e+002	
  4.4100000000000000e+003	 -7.4966913564167029e+001	  8.6703397693433374e+002	
  4.4400000000000000e+003	 -7.4966913564167029e+001	  8.6703397693433374e+002	
  4.4700000000000000e+003	 -7.4966913564167029e+001	  8.6703397693433374e+002	
  4.5000000000000000e+003	 -7.4966913564167029e+001	  8.6703397693433374e+002	
  4.5300000000000000e+003	 -7.4966913564167029e+001	  8.6703397693433374e+002	
  4.5600000000000000e+003	 -7.4966913564167029e+001	  8.6703397693433374e+002	
  4.5900000000000000e+003	 -7.4966913564167029e+001	  8.6703397693433374e+002	
  4.6200000000000000e+003	 -7.4966913564167029e+001	  8.6703397693433374e+002	
  4.6500000000000000e+003	 -7.4966913564167029e+001	  8.6703397693433374e+002	
  4.6800000000000000e+003	 -7.4966913564167029e+001	  8.6703397693433374e+002	
  4.7100000000000000e+003	 -7.4966913564167029e+001	  8.6703397693433374e+002	
  4.7400000000000000e+003	 -7.4966913564167029e+001	  8.6703397693433374e+002	
  4.7700000000000000e+003	 -7.4966913564167029e+001	  8.6703397693433374e+002	
  4.8000000000000000e+003	 -7.4966913564167029e+001	  8.6703397693433374e+002	
  4.8300000000000000e+003	 -7.4966913564167029e+001	  8.6703397693433374e+002	
  4.8600000000000000e+003	 -7.4966913564167029e+001	  8.6703397693433374e+002	
  4.8900000000000000e+003	 -7.4966913564167029e+001	  8.6703397693433374e+002	
  4.9200000000000000e+003	 -7.4966913564167029e+001	  8.6703397693433374e+002	
  4.9500000000000000e+003	 -7.4966913564167029e+001	  8.6703397693433374e+002	
  4.9800000000000000e+003	 -7.4966913564167029e+001	  8.6703397693433374e+002	
  5.0100000000000000e+003	 -7.4966913564167029e+001	  8.6703397693433374e+002	
  5.0400000000000000e+003	 -7.4966913564167029e+001	  8.6703397693433374e+002	
  5.0700000000000000e+003	 -7.4966913564167029e+001	  8.6703397693433374e+002	
  5.1000000000000000e+003	 -7.4966913564167029e+001	  8.6703397693433374e+002	
  5.1300000000000000e+003	 -7.4966913564167029e+001	  8.6703397693433374e+002	
  5.1600000000000000e+003	 -7.4966913564167029e+001	  8.6703397693433374e+002	
  5.1900000000000000e+003	 -7.4966913564167029e+001	  8.6703397693433374e+002	
  5.2200000000000000e+003	 -7.4966913564167029e+001	  8.6703397693433374e+002	
  5.2500000000000000e+003	 -7.4966913564167029e+001	  8.6703397693433374e+002	
  5.2800000000000000e+003	 -7.4966913564167029e+001	  8.6703397693433374e+002	
  5.3100000000000000e+003	 -7.4966913564167029e+001	  8.6703397693433374e+002	
  5.3400000000000000e+003	 -7.4966913564167029e+001	  8.6703397693433374e+002	
  5.3700000000000000e+003	 -7.4966913564167029e+001	  8.6703397693433374e+002	
  5.4000000000000000e+003	 -7.4966913564167029e+001	  8.6703397693433374e+002	
  5.4300000000000000e+003	 -7.4966913564167029e+001	  8.6703397693433374e+002	
  5.4600000000000000e+003	 -7.4966913564167029e+001	  8.6703397693433374e+002	
  5.4900000000000000e+003	 -7.4966913564167029e+001	  8.6703397693433374e+002	
  5.5200000000000000e+003	 -7.4966913564167029e+001	  8.6703397693433374e+002	
  5.5500000000000000e+003	 -7.4966913564167029e+001	  8.6703397693433374e+002	
  5.5800000000000000e+003	 -7.4966913564167029e+001	  8.6703397693433374e+002	
  5.6100000000000000e+003	 -7.4966913564167029e+001	  8.6703397693433374e+002	
  5.6400000000000000e+003	 -7.4966913564167029e+001	  8.6703397693433374e+002	
  5.6700000000000000e+003	 -7.4966913564167029e+001	  8.6703397693433374e+002	
  5.7000000000000000e+003	 -7.4966913564167029e+001	  8.6703397693433374e+002	
  5.7300000000000000e+003	 -7.4966913564167029e+001	  8.6703397693433374e+002	
  5.7600000000000000e+003	 -7.4966913564167029e+001	  8.6703397693433374e+002	
  5.7900000000000000e+003	 -7.4966913564167029e+001	  8.6703397693433374e+002	
  5.8200000000000000e+003	 -7.4966913564167029e+001	  8.6703397693433374e+002	
  5.8500000000000000e+003	 -7.4966913564167029e+001	  8.6703397693433374e+002	
  5.8800000000000000e+003	 -7.4966913564167029e+001	  8.6703397693433374e+002	
  5.9100000000000000e+003	 -7.4966913564167029e+001	  8.6703397693433374e+002	
  5.9400000000000000e+003	 -7.4966913564167029e+001	  8.6703397693433374e+002	
  5.9700000000000000e+003	 -7.4966913564167029e+001	  8.6703397693433374e+002	
  6.0000000000000000e+003	 -7.4966913564167029e+001	  8.6703397693433374e+002	
  6.0300000000000000e+003	 -7.4966913564167029e+001	  8.6703397693433374e+002	
  6.0600000000000000e+003	 -7.4966913564167029e+001	  8.6703397693433374e+002	
  6.0900000000000000e+003	 -7.4966913564167029e+001	  8.6703397693433374e+002	
  6.1200000000000000e+003	 -7.4966913564167029e+001	  8.6703397693433374e+002	
  6.1500000000000000e+003	 -7.4966913564167029e+001	  8.6703397693433374e+002	
  6.1800000000000000e+003	 -8.1107153675218655e+001	  8.5546378266408306e+002	
  6.2100000000000000e+003	 -8.7665076588951777e+001	  8.2214646913872934e+002	
  6.2400000000000000e+003	 -5.9240807962561647e+001	  8.2098208824464768e+002	
  6.2700000000000000e+003	 -4.5001027678328185e+001	  8.2775017653550492e+002	
  6.3000000000000000e+003	 -9.1659311885482907e+001	  8.1001290987622519e+002	
  6.3300000000000000e+003	 -1.0326561524604577e+002	  8.1512458347094037e+002	
  6.3600000000000000e+003	 -1.0834990047396283e+002	  8.0609676778153118e+002	
  6.3900000000000000e+003	 -7.9434497507903131e+001	  8.2486037305459865e+002	
  6.4200000000000000e+003	 -5.3267430051042808e+001	  8.4154458922576066e+002	
  6.4500000000000000e+003	 -8.3421606498721161e+001	  8.3086036844386240e+002	
  6.4800000000000000e+003	 -8.5158746335429470e+001	  7.9342888605437054e+002	
  6.5100000000000000e+003	 -5.2310087035762081e+001	  8.0399287588580592e+002	
  6.5400000000000000e+003	 -7.6711306208271822e+001	  8.0067339814998320e+002	
  6.5700000000000000e+003	 -9.5594433562131073e+001	  8.2477355063781397e+002	
  6.6000000000000000e+003	 -8.9115405001946144e+001	  8.2708226947414880e+002	
  6.6300000000000000e+003	 -9.9052610119340471e+001	  8.3108969171311071e+002	
  6.6600000000000000e+003	 -9.3314585396418920e+001	  8.2987287309142800e+002	
  6.6900000000000000e+003	 -8.6142054492767002e+001	  8.2835184981432462e+002	
  6.7200000000000000e+003	 -7.8969523589115084e+001	  8.2683082653722147e+002	
  6.7500000000000000e+003	 -7.1796992685463152e+001	  8.2530980326011831e+002	
  6.7800000000000000e+003	 -9.1411032964150237e+001	  8.2529006234182975e+002	
  6.8100000000000000e+003	 -8.7596927911942757e+001	  8.3888188229045716e+002	
  6.8400000000000000e+003	 -9.5891485142293647e+001	  8.3197389725558594e+002	
  6.8700000000000000e+003	 -1.1248059960299545e+002	  8.1815792718584339e+002	
  6.9000000000000000e+003	 -1.2906971406369721e+002	  8.0434195711610084e+002	
  6.9300000000000000e+003	 -1.4565882852439904e+002	  7.9052598704635818e+002	
  6.9600000000000000e+003	 -1.6224794298510085e+002	  7.7671001697661575e+002	
  6.9900000000000000e+003	 -1.7883705744580263e+002	  7.6289404690687320e+002	
  7.0200000000000000e+003	 -1.9542617190650441e+002	  7.4907807683713065e+002	
  7.0500000000000000e+003	 -2.1201528636720622e+002	  7.3526210676738810e+002	
  7.0800000000000000e+003	 -2.2860440082790802e+002	  7.2144613669764544e+002	
  7.1100000000000000e+003	 -3.4602286394344600e+002	  6.5025839040594360e+002	
  7.1400000000000000e+003	 -3.1023989309197708e+002	  6.8894987989437061e+002	
  7.1700000000000000e+003	 -1.6710581356056804e+002	  7.9599915926608446e+002	
  7.2000000000000000e+003	 -1.7437084991420056e+002	  8.3700618749882597e+002	
  7.2300000000000000e+003	 -1.7740506408209222e+002	  8.3142363988591319e+002	
  7.2600000000000000e+003	 -1.8609637266780828e+002	  8.3578949000132161e+002	
  7.2900000000000000e+003	 -1.8323692177979200e+002	  8.3129005668636853e+002	
  7.3200000000000000e+003	 -2.0651589418685936e+002	  8.6786217507820857e+002	
  7.3500000000000000e+003	 -2.2400423039106244e+002	  8.8359573748638854e+002	
  7.3800000000000000e+003	 -2.1853092607816339e+002	  8.5861840000905045e+002	
  7.4100000000000000e+003	 -2.2008525723521561e+002	  8.5363139940878716e+002	
  7.4400000000000000e+003	 -2.2512470444176523e+002	  9.5978783366722951e+002	
  7.4700000000000000e+003	  3.1554995739389586e+001	  9.4399639259055948e+002	
  7.5000000000000000e+003	  4.7992919594386812e+001	  7.6863633585832281e+002	
  7.5300000000000000e+003	 -2.0860803170594036e+002	  6.7740529150323277e+002	
  7.5600000000000000e+003	 -3.7355781530283474e+002	  5.5986111569974605e+002	
  7.5900000000000000e+003	 -2.2199635278246478e+002	  3.6216640800779157e+002	
  7.6200000000000000e+003	 -1.7738356954678738e+002	  2.2074249363985555e+002	
  7.6500000000000000e+003	 -2.5059976180620052e+002	  2.0572136323877015e+002	
  7.6800000000000000e+003	 -2.4820465091508618e+002	  1.9607458618356623e+002	
  7.7100000000000000e+003	 -2.2675788945895366e+002	  1.8679965671523536e+002	
  7.7400000000000000e+003	 -2.1633482063556102e+002	  1.6727243369733714e+002	
  7.7700000000000000e+003	 -2.3071342203823082e+002	  1.6729940118689456e+002	
  7.8000000000000000e+003	 -2.4611906639823414e+002	  1.6732829492570607e+002	
  7.8300000000000000e+003	 -2.6152471075823740e+002	  1.6735718866451759e+002	
  7.8600000000000000e+003	 -3.7657142917670120e+002	  1.3525094110928438e+002	
  7.8900000000000000e+003	 -3.4108918370715895e+002	  1.2140979364411537e+002	
  7.9200000000000000e+003	 -3.2677940264029831e+002	  1.0289769109562125e+002	
  7.9500000000000000e+003	 -3.3394097971833344e+002	  7.3446626442011308e+001	
  7.9800000000000000e+003	 -3.4403514975584795e+002	  1.0027171011797488e+002	
  8.0100000000000000e+003	 -3.5412931979336241e+002	  1.2709679379393845e+002	
  8.0400000000000000e+003	 -3.6422348983087693e+002	  1.5392187746990200e+002	
  8.0700000000000000e+003	 -3.1468814780107573e+002	  1.9407757406644816e+002	
  8.1000000000000000e+003	 -2.7587203471994547e+002	  1.7023112331362427e+002	
  8.1300000000000000e+003	 -2.3699060064431600e+002	  1.4421506432777028e+002	
  8.1600000000000000e+003	 -1.9810916656868656e+002	  1.1819900534191629e+002	
  8.1900000000000000e+003	 -1.5922773249305712e+002	  9.2182946356062274e+001	
  8.2200000000000000e+003	 -1.2034629841742766e+002	  6.6166887370208300e+001	
  8.2500000000000000e+003	 -8.1464864341798219e+001	  4.0150828384354298e+001	
  8.2800000000000000e+003	 -4.2583430266168769e+001	  1.4134769398500305e+001	
  8.3100000000000000e+003	 -5.3229798610601065e+001	  2.8861813010608820e+001	
  8.3400000000000000e+003	 -1.0798267317008576e+002	  5.4705407243005141e+001	
  8.3700000000000000e+003	 -1.8182165601567630e+002	  7.3720334173444414e+001	
  8.4000000000000000e+003	 -2.5566063886126682e+002	  9.2735261103883673e+001	
  8.4300000000000000e+003	 -3.2949962170685734e+002	  1.1175018803432293e+002	
  8.4600000000000000e+003	 -3.3725626120939774e+002	  1.2725388027891691e+002	
  8.4900000000000000e+003	 -2.9277078589479254e+002	  1.1300755046122254e+002	
  8.5200000000000000e+003	 -2.9593141881319099e+002	  1.1561909209935804e+002	
  8.5500000000000000e+003	 -2.9809887833466212e+002	  1.2862756104101140e+002	
  8.5800000000000000e+003	 -2.9556391497807067e+002	  1.0381941754998738e+002	
  8.6100000000000000e+003	 -3.0419424552993286e+002	  1.0240123030870532e+002	
  8.6400000000000000e+003	 -3.5376576414194722e+002	  1.0164208607280136e+002	
  8.6700000000000000e+003	 -3.5945956663499970e+002	  1.0171777845960970e+002	
  8.7000000000000000e+003	 -3.5945956663499970e+002	  1.0171777845960970e+002	
  8.7300000000000000e+003	 -3.5945956663499970e+002	  1.0171777845960970e+002	
  8.7600000000000000e+003	 -3.5945956663499970e+002	  1.0171777845960970e+002	
  8.7900000000000000e+003	 -3.5945956663499970e+002	  1.0171777845960970e+002	
  8.8200000000000000e+003	 -3.5945956663499970e+002	  1.0171777845960970e+002	
  8.8500000000000000e+003	 -3.5945956663499970e+002	  1.0171777845960970e+002	
  8.8800000000000000e+003	 -3.5945956663499970e+002	  1.0171777845960970e+002	
  8.9100000000000000e+003	 -3.5945956663499970e+002	  1.0171777845960970e+002	
  8.9400000000000000e+003	 -3.5945956663499970e+002	  1.0171777845960970e+002	
  8.9700000000000000e+003	 -3.5945956663499970e+002	  1.0171777845960970e+002	
  9.0000000000000000e+003	 -3.5945956663499970e+002	  1.0171777845960970e+002	
  9.0300000000000000e+003	 -3.5945956663499970e+002	  1.0171777845960970e+002	
  9.0600000000000000e+003	 -3.5945956663499970e+002	  1.0171777845960970e+002	
  9.0900000000000000e+003	 -3.5945956663499970e+002	  1.0171777845960970e+002	
  9.1200000000000000e+003	 -3.5945956663499970e+002	  1.0171777845960970e+002	
  9.1500000000000000e+003	 -3.5945956663499970e+002	  1.0171777845960970e+002	
  9.1800000000000000e+003	 -3.5945956663499970e+002	  1.0171777845960970e+002	
  9.2100000000000000e+003	 -3.5945956663499970e+002	  1.0171777845960970e+002	
  9.2400000000000000e+003	 -3.5945956663499970e+002	  1.0171777845960970e+002	
  9.2700000000000000e+003	 -3.2997265368301936e+002	  1.1344959853228515e+002	
  9.3000000000000000e+003	 -2.9262045918740529e+002	  1.2831074136726929e+002	
  9.3300000000000000e+003	 -2.5526826469179116e+002	  1.4317188420225341e+002	
  9.3600000000000000e+003	 -2.1791607019617703e+002	  1.5803302703723756e+002	
  9.3900000000000000e+003	 -2.3068045351283973e+002	  1.9175330892187534e+002	
  9.4200000000000000e+003	 -2.4790346755690425e+002	  2.0453248221018345e+002	
  9.4500000000000000e+003	 -2.4643161228814233e+002	  2.1200629675137915e+002	
  9.4800000000000000e+003	 -2.4577008654917648e+002	  2.0520261975008052e+002	
  9.5100000000000000e+003	 -2.3572168890004809e+002	  1.9666235062527159e+002	
  9.5400000000000000e+003	 -1.6366898024051733e+002	  2.4922405444728756e+002	
  9.5700000000000000e+003	 -2.6170052280414961e+002	  4.3128318812660746e+002	
  9.6000000000000000e+003	 -3.1978047772215302e+002	  5.9679167711571154e+002	
  9.6300000000000000e+003	 -1.2041869523111242e+002	  7.2217480759553655e+002	
  9.6600000000000000e+003	  1.0270422305736670e+002	  8.1614647374115953e+002	
  9.6900000000000000e+003	  6.8925102299775489e+001	  9.2231181723246050e+002	
  9.7200000000000000e+003	 -1.0374963469756169e+002	  9.6768466601734940e+002	
  9.7500000000000000e+003	 -2.6053163673519248e+002	  9.0327437181418134e+002	
  9.7800000000000000e+003	 -2.2266323433505744e+002	  8.6287962125786657e+002	
  9.8100000000000000e+003	 -2.2574140517799211e+002	  8.5817981214389943e+002	
  9.8400000000000000e+003	 -2.4263635374321788e+002	  8.5894122350439466e+002	
  9.8700000000000000e+003	 -2.7522507750386831e+002	  8.6810707086584591e+002	
  9.9000000000000000e+003	 -3.0767936024109412e+002	  8.7077645836957186e+002	
  9.9300000000000000e+003	 -3.1912253506173232e+002	  8.9259460419994389e+002	
  9.9600000000000000e+003	 -3.4323331818850858e+002	  9.0110591402520640e+002	
  9.9900000000000000e+003	 -3.5275645695438993e+002	  9.1711776893748242e+002	
  1.0020000000000000e+004	 -3.2923546825754784e+002	  9.2035931732493884e+002	
  1.0050000000000000e+004	 -3.6430450159195436e+002	  9.3241607447491992e+002	
  1.0080000000000000e+004	 -3.6660369761697376e+002	  9.5110064288311673e+002	
  1.0110000000000000e+004	 -3.5202321870987123e+002	  9.2330699379427858e+002	
  1.0140000000000000e+004	 -3.5013453933699128e+002	  9.0489180467234655e+002	
  1.0170000000000000e+004	 -3.3217290499058311e+002	  8.7423173560907742e+002	
  1.0200000000000000e+004	 -2.9324677950950138e+002	  8.8437941044823435e+002	
  1.0230000000000000e+004	 -2.7022688089874043e+002	  8.7168480468127166e+002	
  1.0260000000000000e+004	 -2.4724283389246330e+002	  8.5525773951526321e+002	
  1.0290000000000000e+004	 -2.1778247045362940e+002	  8.5808741795194476e+002	
  1.0320000000000000e+004	 -2.1875413344812623e+002	  8.7147552616589269e+002	
  1.0350000000000000e+004	 -2.1985309989700559e+002	  8.8134935195183118e+002	
  1.0380000000000000e+004	 -2.0953308059127903e+002	  8.8418905346036195e+002	
  1.0410000000000000e+004	 -2.0708327420673862e+002	  8.8714563178119624e+002	
  1.0440000000000000e+004	 -1.8718009849933821e+002	  8.7196308858365012e+002	
  1.0470000000000000e+004	 -1.9972938748103883e+002	  8.6174084730149548e+002	
  1.0500000000000000e+004	 -1.9192283026309141e+002	  8.7540056490993243e+002	
  1.0530000000000000e+004	 -1.8747500000123964e+002	  8.7617421631814136e+002	
  1.0560000000000000e+004	 -1.8325934475322890e+002	  8.7357719189219483e+002	
  1.0590000000000000e+004	 -1.8532905271156270e+002	  8.7524695578612830e+002	
  1.0620000000000000e+004	 -1.8160103409006393e+002	  8.7424621229311106e+002	
  1.0650000000000000e+004	 -1.8554332748692252e+002	  8.8126140970993583e+002	
  1.0680000000000000e+004	 -1.8720790083880919e+002	  8.8230334353994692e+002	
  1.0710000000000000e+004	 -1.8628102247113219e+002	  8.8061466216826739e+002	
  1.0740000000000000e+004	 -1.8703756610382590e+002	  8.8350890804140249e+002	
  1.0770000000000000e+004	 -1.8330593939980884e+002	  8.8503060920323810e+002	
  1.0800000000000000e+004	 -1.7852648853426012e+002	  8.7595492813548572e+002	
  1.0830000000000000e+004	 -1.8138323192696348e+002	  8.7642356912119828e+002	
  1.0860000000000000e+004	 -1.8296175642652480e+002	  8.7459686195452491e+002	
  1.0890000000000000e+004	 -1.9282011956588536e+002	  8.7839611117471179e+002	
  1.0920000000000000e+004	 -1.9757630549594043e+002	  8.7781280643976572e+002	
  1.0950000000000000e+004	 -2.0096280475073200e+002	  8.7995232440813948e+002	
  1.0980000000000000e+004	 -1.9388950527990079e+002	  8.7642913601689611e+002	
  1.1010000000000000e+004	 -1.9288912549479954e+002	  8.7766142052564987e+002	
  1.1040000000000000e+004	 -1.8891278908780254e+002	  8.8068812605481469e+002	
  1.1070000000000000e+004	 -1.8513456966264692e+002	  8.7455789243703839e+002	
  1.1100000000000000e+004	 -1.8488894960424960e+002	  8.7471707741032480e+002	
  1.1130000000000000e+004	 -1.8313920815230009e+002	  8.7588702587622140e+002	
  1.1160000000000000e+004	 -1.8107218614211419e+002	  8.7395233455056041e+002	
  1.1190000000000000e+004	 -1.8250011113684340e+002	  8.7723952754585423e+002	
  1.1220000000000000e+004	 -1.8292500221203642e+002	  8.7917421872456180e+002	
  1.1250000000000000e+004	 -1.8482351453627211e+002	  8.8102653037463574e+002	
  1.1280000000000000e+004	 -1.8829430912829508e+002	  8.7437311348692606e+002	
  1.1310000000000000e+004	 -1.8116985500738357e+002	  8.8124916554191827e+002	
  1.1340000000000000e+004	 -1.8546892198781774e+002	  8.8054564390439771e+002	
  1.1370000000000000e+004	 -1.8871828290630310e+002	  8.7543062302720830e+002	
  1.1400000000000000e+004	 -1.8514801599757465e+002	  8.7406476198647010e+002	
  1.1430000000000000e+004	 -1.7933860165383629e+002	  8.7275345148262318e+002	
  1.1460000000000000e+004	 -1.8833015657297963e+002	  8.7174602772625349e+002	
  1.1490000000000000e+004	 -1.9166827053228215e+002	  8.7401801010289614e+002	
  1.1520000000000000e+004	 -1.8705639021436647e+002	  8.7643247791338513e+002	
  1.1550000000000000e+004	 -1.8586332230136151e+002	  8.7710260380912155e+002	
  1.1580000000000000e+004	 -1.8694436052316888e+002	  8.7579240820460836e+002	
  1.1610000000000000e+004	 -1.8581760726133470e+002	  8.7584695368944517e+002	
  1.1640000000000000e+004	 -1.8537659542246189e+002	  8.7524138766534020e+002	
  1.1670000000000000e+004	 -1.8791423630690414e+002	  8.7622653860656430e+002	
  1.1700000000000000e+004	 -1.8557557741836015e+002	  8.7721837677153383e+002	
  1.1730000000000000e+004	 -1.9067866717133060e+002	  8.7384101565025719e+002	
  1.1760000000000000e+004	 -1.8534519935389227e+002	  8.7651040205564368e+002	
  1.1790000000000000e+004	 -1.8905264438803960e+002	  8.7528591385422567e+002	
  1.1820000000000000e+004	 -1.8314550915084436e+002	  8.7756012041108443e+002	
  1.1850000000000000e+004	 -1.8597895021765095e+002	  8.7430409299350345e+002	
  1.1880000000000000e+004	 -1.9035148400355322e+002	  8.7539834284043843e+002	
  1.1910000000000000e+004	 -1.9017580022005654e+002	  8.7694342023727279e+002	
  1.1940000000000000e+004	 -1.9157505578718997e+002	  8.7670520031327010e+002	
  1.1970000000000000e+004	 -1.9553343303574630e+002	  8.7480836146370439e+002	
  1.2000000000000000e+004	 -1.9676327853258840e+002	  8.7469370373735489e+002	
  1.2030000000000000e+004	 -1.9768834163136353e+002	  8.7398461353586026e+002	
  1.2060000000000000e+004	 -1.9138681137486688e+002	  8.7170929369759165e+002	
  1.2090000000000000e+004	 -1.7551730605740929e+002	  8.8421910830619890e+002	
  1.2120000000000000e+004	 -1.8001533441571874e+002	  8.7896160605124328e+002	
  1.2150000000000000e+004	 -1.8329428250640456e+002	  8.7598387415975594e+002	
  1.2180000000000000e+004	 -1.8499204793337250e+002	  8.7338572905269939e+002	
  1.2210000000000000e+004	 -1.8993198048142932e+002	  8.7576346590101389e+002	
  1.2240000000000000e+004	 -1.8580148656562773e+002	  8.7779722432278754e+002	
  1.2270000000000000e+004	 -1.7861789116863542e+002	  8.7722616700726996e+002	
  1.2300000000000000e+004	 -1.8788196206901688e+002	  8.7970297213752997e+002	
  1.2330000000000000e+004	 -1.9194347502061595e+002	  8.8070037489542631e+002	
  1.2360000000000000e+004	 -1.8422831924840369e+002	  8.7652375718900817e+002	
  1.2390000000000000e+004	 -1.8591621489283983e+002	  8.7824471828610490e+002	
  1.2420000000000000e+004	 -1.7849688561906126e+002	  8.7981206850375236e+002	
  1.2450000000000000e+004	 -1.8407772523056911e+002	  8.7683544445767109e+002	
  1.2480000000000000e+004	 -1.8263008097909633e+002	  8.7766141886374862e+002	
  1.2510000000000000e+004	 -1.9542500873039575e+002	  8.6814603145140552e+002	
  1.2540000000000000e+004	 -2.0064100913975352e+002	  8.6735678971168579e+002	
  1.2570000000000000e+004	 -1.9282998830838147e+002	  8.6697386115531049e+002	
  1.2600000000000000e+004	 -1.9125950575810711e+002	  8.7273007218994553e+002	
  1.2630000000000000e+004	 -1.8706806406086588e+002	  8.7740872809952907e+002	
  1.2660000000000000e+004	 -1.8333284226990040e+002	  8.7757125129949577e+002	
  1.2690000000000000e+004	 -1.8261933402668433e+002	  8.7066291158115223e+002	
  1.2720000000000000e+004	 -1.7504763933518583e+002	  8.8387514053548841e+002	
  1.2750000000000000e+004	 -1.8108919903196016e+002	  8.8114230168032623e+002	
  1.2780000000000000e+004	 -1.8294557987986758e+002	  8.7871670406137218e+002	
  1.2810000000000000e+004	 -1.8325846267105800e+002	  8.8593673545006163e+002	
  1.2840000000000000e+004	 -1.8128281554722432e+002	  8.8655119894369670e+002	
  1.2870000000000000e+004	 -1.8282909927144436e+002	  8.8056902157815205e+002	
  1.2900000000000000e+004	 -1.8079788099858678e+002	  8.7976308805080475e+002	
  1.2930000000000000e+004	 -1.8766773868779279e+002	  8.7746549939651027e+002	
  1.2960000000000000e+004	 -1.8750997329439323e+002	  8.7913748457234851e+002	
  1.2990000000000000e+004	 -1.7731365784166402e+002	  8.8178794113754452e+002	
  1.3020000000000000e+004	 -1.8260589387073770e+002	  8.7887143524937380e+002	
  1.3050000000000000e+004	 -1.8060784591523731e+002	  8.8198720088871028e+002	
  1.3080000000000000e+004	 -1.8672115726066841e+002	  8.7766920866374710e+002	
  1.3110000000000000e+004	 -1.8258079703191828e+002	  8.8207625536019418e+002	
  1.3140000000000000e+004	 -1.8700979175459221e+002	  8.7656494103084674e+002	
  1.3170000000000000e+004	 -1.8712272589563239e+002	  8.7870780074210120e+002	
  1.3200000000000000e+004	 -1.8524032535473103e+002	  8.7967069144657341e+002	
  1.3230000000000000e+004	 -1.8339109389957656e+002	  8.8003693182557322e+002	
  1.3260000000000000e+004	 -1.8341350125801463e+002	  8.8180686678141888e+002	
  1.3290000000000000e+004	 -1.8498397481865987e+002	  8.7986438556550422e+002	
  1.3320000000000000e+004	 -1.8381507697308834e+002	  8.8061465608753440e+002	
  1.3350000000000000e+004	 -1.8264711359633083e+002	  8.8142282113417821e+002	
  1.3380000000000000e+004	 -1.8343411044964097e+002	  8.7946809351794695e+002	
  1.3410000000000000e+004	 -1.8424444608949435e+002	  8.7902505297910977e+002	
  1.3440000000000000e+004	 -1.8352556818693307e+002	  8.7907959895718125e+002	
  1.3470000000000000e+004	 -1.8350853386898504e+002	  8.7996679699377091e+002	
  1.3500000000000000e+004	 -1.8599058894930323e+002	  8.7832041487730896e+002	
  1.3530000000000000e+004	 -1.9202413249096134e+002	  8.7509110997161224e+002	
  1.3560000000000000e+004	 -1.7048686550741050e+002	  8.8274415672828582e+002	
  1.3590000000000000e+004	 -1.8233429056561528e+002	  8.8024842793623577e+002	
  1.3620000000000000e+004	 -2.2895312624248376e+002	  8.6184993816629390e+002	
  1.3650000000000000e+004	 -1.9372366084752650e+002	  8.7010966103257192e+002	
  1.3680000000000000e+004	 -2.0294291662249691e+002	  8.7515233160803564e+002	
  1.3710000000000000e+004	 -2.0858381225138746e+002	  8.6840317384346395e+002	
  1.3740000000000000e+004	 -2.1657056307717511e+002	  8.6138017813986630e+002	
  1.3770000000000000e+004	 -2.0300925191194543e+002	  8.5994196315420811e+002	
  1.3800000000000000e+004	 -1.8201337764764611e+002	  8.6498239533080027e+002	
  1.3830000000000000e+004	 -1.8245259519899486e+002	  8.6437460670798464e+002	
  1.3860000000000000e+004	 -1.8224375255220912e+002	  8.7037683040431841e+002	
  1.3890000000000000e+004	 -1.8081311368886657e+002	  8.7216347227389758e+002	
  1.3920000000000000e+004	 -1.8218903909879435e+002	  8.7563767256545975e+002	
  1.3950000000000000e+004	 -1.8110264601176922e+002	  8.7436086768643941e+002	
  1.3980000000000000e+004	 -1.8256016016306313e+002	  8.7378980620761536e+002	
  1.4010000000000000e+004	 -1.8539184300751728e+002	  8.7073527367992642e+002	
  1.4040000000000000e+004	 -1.8403829702067688e+002	  8.7213786423554666e+002	
  1.4070000000000000e+004	 -1.8341082232691375e+002	  8.7232376283378994e+002	
  1.4100000000000000e+004	 -1.8436635620600114e+002	  8.7636568802901184e+002	
  1.4130000000000000e+004	 -1.8075752929384294e+002	  8.8011262090155685e+002	
  1.4160000000000000e+004	 -1.7641817534810326e+002	  8.7342580228717486e+002	
  1.4190000000000000e+004	 -1.7513458146663311e+002	  8.7113601212334856e+002	
  1.4220000000000000e+004	 -1.7634021979138228e+002	  8.7434305620860937e+002	
  1.4250000000000000e+004	 -1.7887692809091419e+002	  8.7579351953966182e+002	
  1.4280000000000000e+004	 -1.8093143500202609e+002	  8.8110778974671962e+002	
  1.4310000000000000e+004	 -1.8564819882954089e+002	  8.8253154421667534e+002	
  1.4340000000000000e+004	 -1.9389755216439031e+002	  8.7774602066833779e+002	
  1.4370000000000000e+004	 -1.8893881898806796e+002	  8.7904063708082322e+002	
  1.4400000000000000e+004	 -1.8514800709746120e+002	  8.7423173880988031e+002	
  1.4430000000000000e+004	 -1.8816523343332867e+002	  8.7189964951592322e+002	
  1.4460000000000000e+004	 -1.8927494327822112e+002	  8.8133488642379393e+002	
  1.4490000000000000e+004	 -1.9671308096859434e+002	  8.7450557903634729e+002	
  1.4520000000000000e+004	 -1.8678568697316035e+002	  8.7831930384314251e+002	
  1.4550000000000000e+004	 -1.8292589877238959e+002	  8.8480909131905662e+002	
  1.4580000000000000e+004	 -1.8653291416217792e+002	  8.7904174889880926e+002	
  1.4610000000000000e+004	 -1.8444702346677883e+002	  8.7720056379597122e+002	
  1.4640000000000000e+004	 -1.8412611926474796e+002	  8.7800204704150588e+002	
  1.4670000000000000e+004	 -1.8450890418399200e+002	  8.7834601603976921e+002	
  1.4700000000000000e+004	 -1.8439952428968473e+002	  8.7884026735477005e+002	
  1.4730000000000000e+004	 -1.8370124630565311e+002	  8.7943803991071877e+002	
  1.4760000000000000e+004	 -1.8468278945396978e+002	  8.7926772615574714e+002	
  1.4790000000000000e+004	 -1.8511305773849264e+002	  8.7928331137003556e+002	
  1.4820000000000000e+004	 -1.8501801962752359e+002	  8.7941355305339221e+002	
  1.4850000000000000e+004	 -1.8317330101196873e+002	  8.8146623286612373e+002	
  1.4880000000000000e+004	 -1.8205728939630910e+002	  8.8167328554288929e+002	
  1.4910000000000000e+004	 -1.8569389869076161e+002	  8.7684434505374975e+002	
  1.4940000000000000e+004	 -1.8727957234297529e+002	  8.7196309639164724e+002	
  1.4970000000000000e+004	 -1.8057556796076059e+002	  8.8698199713930330e+002	
  1.5000000000000000e+004	 -1.8184484876489225e+002	  8.8436160060329894e+002	
  1.5030000000000000e+004	 -1.8078445296343847e+002	  8.8631187387296302e+002	
  1.5060000000000000e+004	 -1.8143788241292665e+002	  8.8629628989175069e+002	
  1.5090000000000000e+004	 -1.7650062099936332e+002	  8.7623655927197774e+002	
  1.5120000000000000e+004	 -1.8003060325864087e+002	  8.7576791181567603e+002	
  1.5150000000000000e+004	 -1.8084807159522026e+002	  8.7560761479759367e+002	
  1.5180000000000000e+004	 -1.8176687735734123e+002	  8.7438535733243805e+002	
  1.5210000000000000e+004	 -1.8157415689501175e+002	  8.7367515327141223e+002	
  1.5240000000000000e+004	 -1.8429014993938864e+002	  8.7373526308225735e+002	
  1.5270000000000000e+004	 -1.8305764858779722e+002	  8.7691670879278286e+002	
  1.5300000000000000e+004	 -1.8135811142165505e+002	  8.7476049302897684e+002	
  1.5330000000000000e+004	 -1.8163510676682586e+002	  8.7584360803892628e+002	
  1.5360000000000000e+004	 -1.8115645652793810e+002	  8.7625770754684868e+002	
  1.5390000000000000e+004	 -1.8144953835443101e+002	  8.7815009875444832e+002	
  1.5420000000000000e+004	 -1.8403919165651212e+002	  8.7340799141466812e+002	
  1.5450000000000000e+004	 -1.8388322289922598e+002	  8.7439426397639977e+002	
  1.5480000000000000e+004	 -1.9018386936411252e+002	  8.8176456882753223e+002	
  1.5510000000000000e+004	 -1.7850137280644458e+002	  8.8471558684743854e+002	
  1.5540000000000000e+004	 -1.7795726487889573e+002	  8.7425622491210288e+002	
  1.5570000000000000e+004	 -1.7172742383550516e+002	  8.5191377502394243e+002	
  1.5600000000000000e+004	 -1.7923099824424364e+002	  8.6955308397985755e+002	
  1.5630000000000000e+004	 -1.8331669855034821e+002	  8.7775158544601834e+002	
  1.5660000000000000e+004	 -1.8326292715990658e+002	  8.7698127191656681e+002	
  1.5690000000000000e+004	 -1.8398361764813143e+002	  8.7587255437919282e+002	
  1.5720000000000000e+004	 -1.8512290550492895e+002	  8.7735307350211519e+002	
  1.5750000000000000e+004	 -1.8362594354388716e+002	  8.7287812478542253e+002	
  1.5780000000000000e+004	 -1.7702683528099345e+002	  8.6538982229816179e+002	
  1.5810000000000000e+004	 -1.8719892226039394e+002	  8.7597384962624858e+002	
  1.5840000000000000e+004	 -1.9131777284905928e+002	  8.7809332925841886e+002	
  1.5870000000000000e+004	 -1.9369139668061135e+002	  8.7385437663994674e+002	
  1.5900000000000000e+004	 -1.9335794256584037e+002	  8.7237274060904633e+002	
  1.5930000000000000e+004	 -1.9758794757997583e+002	  8.6959538176595231e+002	
  1.5960000000000000e+004	 -1.9849777665191229e+002	  8.5996311142087109e+002	
  1.5990000000000000e+004	 -1.9446943588803325e+002	  8.6934936726428600e+002	
  1.6020000000000000e+004	 -1.8721953076553808e+002	  8.7314862645817050e+002	
  1.6050000000000000e+004	 -1.8818942308053630e+002	  8.7136086848682066e+002	
  1.6080000000000000e+004	 -1.8792678557076911e+002	  8.7236161437799024e+002	
  1.6110000000000000e+004	 -1.8840183404684731e+002	  8.6867701786256134e+002	
  1.6140000000000000e+004	 -1.8747950854789019e+002	  8.6895308224874884e+002	
  1.6170000000000000e+004	 -1.8824947329807833e+002	  8.7126848101006033e+002	
  1.6200000000000000e+004	 -1.9312219829908480e+002	  8.6834974433965976e+002	
  1.6230000000000000e+004	 -1.9227959033306257e+002	  8.7288925311467790e+002	
  1.6260000000000000e+004	 -1.9193360645218110e+002	  8.7349815764565062e+002	
  1.6290000000000000e+004	 -1.9203578283068208e+002	  8.7094566132732257e+002	
  1.6320000000000000e+004	 -1.8886437915614437e+002	  8.7283248472548587e+002	
  1.6350000000000000e+004	 -1.8761035812332253e+002	  8.7607180798496120e+002	
  1.6380000000000000e+004	 -1.8745348462165339e+002	  8.7749110441292726e+002	
  1.6410000000000000e+004	 -1.8900603084494418e+002	  8.7798201518589883e+002	
  1.6440000000000000e+004	 -1.8528603256805314e+002	  8.7877570514902345e+002	
  1.6470000000000000e+004	 -1.8601750288390105e+002	  8.7962727805920838e+002	
  1.6500000000000000e+004	 -1.8511126984650136e+002	  8.7927662649824742e+002	
  1.6530000000000000e+004	 -1.8379804402396454e+002	  8.7884917220493992e+002	
  1.6560000000000000e+004	 -1.8198292667165191e+002	  8.7676531557555859e+002	
  1.6590000000000000e+004	 -1.8313832143885998e+002	  8.7570446482183729e+002	
  1.6620000000000000e+004	 -1.8601927527504387e+002	  8.7898386443961931e+002	
  1.6650000000000000e+004	 -1.8318584242523602e+002	  8.7763247602082561e+002	
  1.6680000000000000e+004	 -1.8487104680374182e+002	  8.7709481258981577e+002	
  1.6710000000000000e+004	 -1.8591260789966219e+002	  8.7696679919211715e+002	
  1.6740000000000000e+004	 -1.8591083451308361e+002	  8.7642468589263331e+002	
  1.6770000000000000e+004	 -1.8650513643391938e+002	  8.7958831702469683e+002	
  1.6800000000000000e+004	 -1.8689415855685024e+002	  8.8006920818445360e+002	
  1.6830000000000000e+004	 -1.8736297902830785e+002	  8.8010594240311616e+002	
  1.6860000000000000e+004	 -1.8881060421729666e+002	  8.8176790838708200e+002	
  1.6890000000000000e+004	 -1.8491495133897288e+002	  8.8135492146356978e+002	
  1.6920000000000000e+004	 -1.8661446440462390e+002	  8.8105881851385618e+002	
  1.6950000000000000e+004	 -1.8482532158780759e+002	  8.7924657150969051e+002	
  1.6980000000000000e+004	 -1.8310963703582482e+002	  8.7723173418546799e+002	
  1.7010000000000000e+004	 -1.7803255867019661e+002	  8.7269445060250052e+002	
  1.7040000000000000e+004	 -1.7869407488405329e+002	  8.7870891287432573e+002	
  1.7070000000000000e+004	 -1.7800119552796770e+002	  8.8703320628510096e+002	
  1.7100000000000000e+004	 -1.7610443048521557e+002	  8.8875194316658849e+002	
  1.7130000000000000e+004	 -1.8744634118670356e+002	  8.8266845925888867e+002	
  1.7160000000000000e+004	 -1.8927583986596113e+002	  8.7521801189828727e+002	
  1.7190000000000000e+004	 -1.9150512277364544e+002	  8.7803989482855070e+002	
  1.7220000000000000e+004	 -1.9426865005838732e+002	  8.8073154491209311e+002	
  1.7250000000000000e+004	 -1.9403472768633119e+002	  8.8037533076837030e+002	
  1.7280000000000000e+004	 -1.9291154460998246e+002	  8.8042542298564933e+002	
  1.7310000000000000e+004	 -1.9097176321401852e+002	  8.7998015651922890e+002	
  1.7340000000000000e+004	 -1.8990687287743219e+002	  8.8264174533415712e+002	
  1.7370000000000000e+004	 -1.7711015984695771e+002	  8.7208888496139775e+002	
  1.7400000000000000e+004	 -1.8616988101133310e+002	  8.7617644763005899e+002	
  1.7430000000000000e+004	 -1.8923639929344770e+002	  8.7632671998314470e+002	
  1.7460000000000000e+004	 -1.7777797349461841e+002	  8.7404250120708252e+002	
  1.7490000000000000e+004	 -1.8404906372324226e+002	  8.7769481452387549e+002	
  1.7520000000000000e+004	 -1.8785330266979895e+002	  8.7721058504209543e+002	
  1.7550000000000000e+004	 -1.9502430499092929e+002	  8.8237124706120380e+002	
  1.7580000000000000e+004	 -1.9559799257447020e+002	  8.8256382084385655e+002	
  1.7610000000000000e+004	 -1.8397821798468698e+002	  8.7398795372042366e+002	
  1.7640000000000000e+004	 -1.7941834703212788e+002	  8.7100132045716293e+002	
  1.7670000000000000e+004	 -1.8455189950042285e+002	  8.7438535600631053e+002	
  1.7700000000000000e+004	 -1.8204383503452044e+002	  8.7297162800631281e+002	
  1.7730000000000000e+004	 -1.8389754784019382e+002	  8.7289593488543233e+002	
  1.7760000000000000e+004	 -1.8445871856388163e+002	  8.7313304163749274e+002	
  1.7790000000000000e+004	 -1.8233247759058531e+002	  8.7257199940677151e+002	
  1.7820000000000000e+004	 -1.8194701325699063e+002	  8.7343025220816412e+002	
  1.7850000000000000e+004	 -1.8094040771969100e+002	  8.6842321691831171e+002	
  1.7880000000000000e+004	 -1.8544919798500527e+002	  8.7333674837201556e+002	
  1.7910000000000000e+004	 -1.8505028017258948e+002	  8.7177274628746420e+002	
  1.7940000000000000e+004	 -2.0457252220445929e+002	  8.7027441639766221e+002	
  1.7970000000000000e+004	 -1.9994540658242502e+002	  8.7576791361122923e+002	
  1.8000000000000000e+004	 -1.9657950765627950e+002	  8.7327775464249282e+002	
  1.8030000000000000e+004	 -1.8538377297987250e+002	  8.6978239304346539e+002	
  1.8060000000000000e+004	 -1.8468637307108685e+002	  8.7034231648243690e+002	
  1.8090000000000000e+004	 -1.8542319241054287e+002	  8.7254973556366258e+002	
  1.8120000000000000e+004	 -1.8599327673197891e+002	  8.7467144263709724e+002	
  1.8150000000000000e+004	 -1.8301284651311639e+002	  8.7381652651273032e+002	
  1.8180000000000000e+004	 -1.8729663215106984e+002	  8.7478387004090541e+002	
  1.8210000000000000e+004	 -1.8736566067780743e+002	  8.7878460449804220e+002	
  1.8240000000000000e+004	 -1.9054060853333482e+002	  8.7756679756538267e+002	
  1.8270000000000000e+004	 -1.8857305789964008e+002	  8.7468925517304979e+002	
  1.8300000000000000e+004	 -1.8912256733229611e+002	  8.7632783525680657e+002	
  1.8330000000000000e+004	 -1.8657683360815406e+002	  8.7382877417394263e+002	
  1.8360000000000000e+004	 -1.8640920690599901e+002	  8.7555195955818817e+002	
  1.8390000000000000e+004	 -1.8502787960765863e+002	  8.7919981833135319e+002	
  1.8420000000000000e+004	 -1.8311322697343462e+002	  8.7822691177738091e+002	
  1.8450000000000000e+004	 -1.8448827308399206e+002	  8.7510001547651461e+002	
  1.8480000000000000e+004	 -1.9035418249596631e+002	  8.7427849446366054e+002	
  1.8510000000000000e+004	 -1.8673818125550767e+002	  8.7397014165183896e+002	
  1.8540000000000000e+004	 -1.8660195951485045e+002	  8.7112710749515429e+002	
  1.8570000000000000e+004	 -1.8675699989402170e+002	  8.7153897410937429e+002	
  1.8600000000000000e+004	 -1.8680181873732835e+002	  8.7173935330774589e+002	
  1.8630000000000000e+004	 -1.8663600520587642e+002	  8.7236940570560091e+002	
  1.8660000000000000e+004	 -1.8649615317842753e+002	  8.7285586014311480e+002	
  1.8690000000000000e+004	 -1.8699992008322542e+002	  8.7339575196482383e+002	
  1.8720000000000000e+004	 -1.8757002436735073e+002	  8.7378313166622195e+002	
  1.8750000000000000e+004	 -1.8456626820979062e+002	  8.8457644046696964e+002	
  1.8780000000000000e+004	 -1.8609907040279376e+002	  8.8234675496863042e+002	
  1.8810000000000000e+004	 -1.8439685352105266e+002	  8.8575974134568082e+002	
  1.8840000000000000e+004	 -1.8609459246424029e+002	  8.7946364549189150e+002	
  1.8870000000000000e+004	 -1.8607665872280057e+002	  8.7527366997608840e+002	
  1.8900000000000000e+004	 -1.8696317400540482e+002	  8.7486068105492154e+002	
  1.8930000000000000e+004	 -1.8899705861493953e+002	  8.7756123114725347e+002	
  1.8960000000000000e+004	 -1.8445152018158555e+002	  8.7298610024321135e+002	
  1.8990000000000000e+004	 -1.8514712002461039e+002	  8.7359389222013010e+002	
  1.9020000000000000e+004	 -1.8374520278062494e+002	  8.7223137182558071e+002	
  1.9050000000000000e+004	 -1.8680003394183049e+002	  8.7400465193768650e+002	
  1.9080000000000000e+004	 -1.8963976045427634e+002	  8.7623099597186467e+002	
  1.9110000000000000e+004	 -1.8939594306813197e+002	  8.7677755961228047e+002	
  1.9140000000000000e+004	 -1.8969084829512423e+002	  8.7813006684048526e+002	
  1.9170000000000000e+004	 -1.8956447718560790e+002	  8.7705251443224074e+002	
  1.9200000000000000e+004	 -2.0407595441353118e+002	  8.8889888385137692e+002	
  1.9230000000000000e+004	 -2.2210749120590089e+002	  8.8026179057022762e+002	
  1.9260000000000000e+004	 -2.2609010323563493e+002	  8.5972044022358568e+002	
  1.9290000000000000e+004	 -2.1969444274449748e+002	  8.5999205549905344e+002	
  1.9320000000000000e+004	 -2.0048503902577841e+002	  8.5825105801952338e+002	
  1.9350000000000000e+004	 -2.0748846200425470e+002	  8.5641766382356946e+002	
  1.9380000000000000e+004	 -2.6143159576299649e+002	  8.9298310740886916e+002	
  1.9410000000000000e+004	 -3.5761661469577194e+002	  9.6242605052775980e+002	
  1.9440000000000000e+004	 -4.5827185287381451e+002	  8.8962021303575364e+002	
  1.9470000000000000e+004	 -5.7925246212804745e+002	  8.5286553565737540e+002	
  1.9500000000000000e+004	 -6.3084711915587081e+002	  8.6083139153225352e+002	
  1.9530000000000000e+004	 -6.4192814393006620e+002	  8.6398722869761446e+002	
  1.9560000000000000e+004	 -6.4556565254624161e+002	  8.6345736060081288e+002	
  1.9590000000000000e+004	 -6.4269365702614471e+002	  8.5206628139354893e+002	
  1.9620000000000000e+004	 -6.5095288379174531e+002	  8.8787253435164234e+002	
  1.9650000000000000e+004	 -6.5095288379174519e+002	  8.8787253435164234e+002	
  1.9680000000000000e+004	 -6.5095288379174519e+002	  8.8787253435164234e+002	
  1.9710000000000000e+004	 -6.5095288379174519e+002	  8.8787253435164234e+002	
  1.9740000000000000e+004	 -6.5095288379174519e+002	  8.8787253435164234e+002	
  1.9770000000000000e+004	 -6.5095288379174519e+002	  8.8787253435164234e+002	
  1.9800000000000000e+004	 -6.5095288379174519e+002	  8.8787253435164234e+002	
  1.9830000000000000e+004	 -6.5095288379174519e+002	  8.8787253435164234e+002	
  1.9860000000000000e+004	 -6.5095288379174519e+002	  8.8787253435164234e+002	
  1.9890000000000000e+004	 -6.5095288379174519e+002	  8.8787253435164234e+002	
  1.9920000000000000e+004	 -6.4617622761631685e+002	  9.0660419523441726e+002	
  1.9950000000000000e+004	 -6.3624293136320705e+002	  9.4555762416625782e+002	
  1.9980000000000000e+004	 -6.1994266896859824e+002	  9.8703714516990351e+002	
  2.0010000000000000e+004	 -6.0599950764697053e+002	  1.0124252399609775e+003	
  2.0040000000000000e+004	 -6.0599950764697053e+002	  1.0124252399609775e+003	
  2.0070000000000000e+004	 -6.0599950764697053e+002	  1.0124252399609775e+003	
  2.0100000000000000e+004	 -6.0599950764697053e+002	  1.0124252399609775e+003	
  2.0130000000000000e+004	 -6.0599950764697053e+002	  1.0124252399609775e+003	
  2.0160000000000000e+004	 -6.0599950764697053e+002	  1.0124252399609775e+003	
  2.0190000000000000e+004	 -6.0599950764697053e+002	  1.0124252399609775e+003	
  2.0220000000000000e+004	 -6.0599950764697053e+002	  1.0124252399609775e+003	
  2.0250000000000000e+004	 -6.0599950764697053e+002	  1.0124252399609775e+003	
  2.0280000000000000e+004	 -6.0599950764697053e+002	  1.0124252399609775e+003	
  2.0310000000000000e+004	 -6.0599950764697053e+002	  1.0124252399609775e+003	
  2.0340000000000000e+004	 -6.0436895014881304e+002	  9.8118285413267745e+002	
  2.0370000000000000e+004	 -6.0227374136453602e+002	  9.4103749200764173e+002	
  2.0400000000000000e+004	 -6.0017853258025889e+002	  9.0089212988260624e+002	
  2.0430000000000000e+004	 -5.9808332379598198e+002	  8.6074676775757052e+002	
  2.0460000000000000e+004	 -6.4283169511867061e+002	  8.4101916852077215e+002	
  2.0490000000000000e+004	 -6.4283169511867061e+002	  8.4101916852077204e+002	
  2.0520000000000000e+004	 -6.4283169511867061e+002	  8.4101916852077204e+002	
  2.0550000000000000e+004	 -6.4283169511867061e+002	  8.4101916852077204e+002	
  2.0580000000000000e+004	 -6.4283169511867061e+002	  8.4101916852077204e+002	
  2.0610000000000000e+004	 -6.4283169511867061e+002	  8.4101916852077204e+002	
  2.0640000000000000e+004	 -6.4283169511867061e+002	  8.4101916852077204e+002	
  2.0670000000000000e+004	 -6.4283169511867061e+002	  8.4101916852077204e+002	
  2.0700000000000000e+004	 -6.4283169511867061e+002	  8.4101916852077204e+002	
  2.0730000000000000e+004	 -6.4283169511867061e+002	  8.4101916852077204e+002	
  2.0760000000000000e+004	 -6.4283169511867061e+002	  8.4101916852077204e+002	
  2.0790000000000000e+004	 -6.4283169511867061e+002	  8.4101916852077204e+002	
  2.0820000000000000e+004	 -6.4283169511867061e+002	  8.4101916852077204e+002	
  2.0850000000000000e+004	 -6.4283169511867061e+002	  8.4101916852077204e+002	
  2.0880000000000000e+004	 -6.4283169511867061e+002	  8.4101916852077204e+002	
  2.0910000000000000e+004	 -6.4283169511867061e+002	  8.4101916852077204e+002	
  2.0940000000000000e+004	 -6.4283169511867061e+002	  8.4101916852077204e+002	
  2.0970000000000000e+004	 -6.4283169511867061e+002	  8.4101916852077204e+002	
  2.1000000000000000e+004	 -6.4283169511867061e+002	  8.4101916852077204e+002	
  2.1030000000000000e+004	 -6.4283169511867061e+002	  8.4101916852077204e+002	
  2.1060000000000000e+004	 -6.4283169511867061e+002	  8.4101916852077204e+002	
  2.1090000000000000e+004	 -6.4283169511867061e+002	  8.4101916852077204e+002	
  2.1120000000000000e+004	 -6.4283169511867061e+002	  8.4101916852077204e+002	
  2.1150000000000000e+004	 -6.4283169511867061e+002	  8.4101916852077204e+002	
  2.1180000000000000e+004	 -6.4283169511867061e+002	  8.4101916852077204e+002	
  2.1210000000000000e+004	 -6.4283169511867061e+002	  8.4101916852077204e+002	
  2.1240000000000000e+004	 -6.4283169511867061e+002	  8.4101916852077204e+002	
  2.1270000000000000e+004	 -6.4283169511867061e+002	  8.4101916852077204e+002	
  2.1300000000000000e+004	 -6.4283169511867061e+002	  8.4101916852077204e+002	
  2.1330000000000000e+004	 -6.4283169511867061e+002	  8.4101916852077204e+002	
  2.1360000000000000e+004	 -6.4283169511867061e+002	  8.4101916852077204e+002	
  2.1390000000000000e+004	 -6.4283169511867061e+002	  8.4101916852077204e+002	
  2.1420000000000000e+004	 -6.4283169511867061e+002	  8.4101916852077204e+002	
  2.1450000000000000e+004	 -6.4283169511867061e+002	  8.4101916852077204e+002	
  2.1480000000000000e+004	 -6.4283169511867061e+002	  8.4101916852077204e+002	
  2.1510000000000000e+004	 -6.4283169511867061e+002	  8.4101916852077204e+002	
  2.1540000000000000e+004	 -6.4283169511867061e+002	  8.4101916852077204e+002	
  2.1570000000000000e+004	 -6.4283169511867061e+002	  8.4101916852077204e+002	
  2.1600000000000000e+004	 -6.4283169511867061e+002	  8.4101916852077204e+002	
  2.1630000000000000e+004	 -6.4283169511867061e+002	  8.4101916852077204e+002	
  2.1660000000000000e+004	 -6.4283169511867061e+002	  8.4101916852077204e+002	
  2.1690000000000000e+004	 -6.4283169511867061e+002	  8.4101916852077204e+002	
  2.1720000000000000e+004	 -6.4283169511867061e+002	  8.4101916852077204e+002	
  2.1750000000000000e+004	 -6.4283169511867061e+002	  8.4101916852077204e+002	
  2.1780000000000000e+004	 -6.4283169511867061e+002	  8.4101916852077204e+002	
  2.1810000000000000e+004	 -6.4283169511867061e+002	  8.4101916852077204e+002	
  2.1840000000000000e+004	 -6.4283169511867061e+002	  8.4101916852077204e+002	
  2.1870000000000000e+004	 -6.4283169511867061e+002	  8.4101916852077204e+002	
  2.1900000000000000e+004	 -6.4283169511867061e+002	  8.4101916852077204e+002	
  2.1930000000000000e+004	 -6.4283169511867061e+002	  8.4101916852077204e+002	
  2.1960000000000000e+004	 -6.6365496871512960e+002	  8.4321766243129184e+002	
  2.1990000000000000e+004	 -6.9669866654877217e+002	  8.4886035087173582e+002	
  2.2020000000000000e+004	 -6.8822429846488308e+002	  8.6463843344038776e+002	
  2.2050000000000000e+004	 -6.9589729830138845e+002	  8.7745325531764570e+002	
  2.2080000000000000e+004	 -6.9589729830138845e+002	  8.7745325531764570e+002	
  2.2110000000000000e+004	 -6.9589729830138845e+002	  8.7745325531764570e+002	
  2.2140000000000000e+004	 -6.9589729830138845e+002	  8.7745325531764570e+002	
  2.2170000000000000e+004	 -6.9589729830138845e+002	  8.7745325531764570e+002	
  2.2200000000000000e+004	 -6.9589729830138845e+002	  8.7745325531764570e+002	
  2.2230000000000000e+004	 -6.9589729830138845e+002	  8.7745325531764570e+002	
  2.2260000000000000e+004	 -6.9589729830138845e+002	  8.7745325531764570e+002	
  2.2290000000000000e+004	 -6.9589729830138845e+002	  8.7745325531764570e+002	
  2.2320000000000000e+004	 -6.9589729830138845e+002	  8.7745325531764570e+002	
  2.2350000000000000e+004	 -6.9589729830138845e+002	  8.7745325531764570e+002	
  2.2380000000000000e+004	 -6.9589729830138845e+002	  8.7745325531764570e+002	
  2.2410000000000000e+004	 -6.9589729830138845e+002	  8.7745325531764570e+002	
  2.2440000000000000e+004	 -6.9589729830138845e+002	  8.7745325531764570e+002	
  2.2470000000000000e+004	 -6.9589729830138845e+002	  8.7745325531764570e+002	
  2.2500000000000000e+004	 -6.9589729830138845e+002	  8.7745325531764570e+002	
  2.2530000000000000e+004	 -6.9589729830138845e+002	  8.7745325531764570e+002	
  2.2560000000000000e+004	 -6.9589729830138845e+002	  8.7745325531764570e+002	
  2.2590000000000000e+004	 -6.9589729830138845e+002	  8.7745325531764570e+002	
  2.2620000000000000e+004	 -6.9589729830138845e+002	  8.7745325531764570e+002	
  2.2650000000000000e+004	 -6.9589729830138845e+002	  8.7745325531764570e+002	
  2.2680000000000000e+004	 -6.9589729830138845e+002	  8.7745325531764570e+002	
  2.2710000000000000e+004	 -6.9589729830138845e+002	  8.7745325531764570e+002	
  2.2740000000000000e+004	 -6.9589729830138845e+002	  8.7745325531764570e+002	
  2.2770000000000000e+004	 -6.9589729830138845e+002	  8.7745325531764570e+002	
  2.2800000000000000e+004	 -6.9589729830138845e+002	  8.7745325531764570e+002	
  2.2830000000000000e+004	 -6.9589729830138845e+002	  8.7745325531764570e+002	
  2.2860000000000000e+004	 -6.9589729830138845e+002	  8.7745325531764570e+002	
  2.2890000000000000e+004	 -6.9589729830138845e+002	  8.7745325531764570e+002	
  2.2920000000000000e+004	 -6.9589729830138845e+002	  8.7745325531764570e+002	
  2.2950000000000000e+004	 -6.9589729830138845e+002	  8.7745325531764570e+002	
  2.2980000000000000e+004	 -6.9589729830138845e+002	  8.7745325531764570e+002	
  2.3010000000000000e+004	 -6.9589729830138845e+002	  8.7745325531764570e+002	
  2.3040000000000000e+004	 -6.9589729830138845e+002	  8.7745325531764570e+002	
  2.3070000000000000e+004	 -6.9589729830138845e+002	  8.7745325531764570e+002	
  2.3100000000000000e+004	 -6.9589729830138845e+002	  8.7745325531764570e+002	
  2.3130000000000000e+004	 -6.9589729830138845e+002	  8.7745325531764570e+002	
  2.3160000000000000e+004	 -6.9589729830138845e+002	  8.7745325531764570e+002	
  2.3190000000000000e+004	 -6.9589729830138845e+002	  8.7745325531764570e+002	
  2.3220000000000000e+004	 -6.9589729830138845e+002	  8.7745325531764570e+002	
  2.3250000000000000e+004	 -6.9589729830138845e+002	  8.7745325531764570e+002	
  2.3280000000000000e+004	 -6.9589729830138845e+002	  8.7745325531764570e+002	
  2.3310000000000000e+004	 -6.9589729830138845e+002	  8.7745325531764570e+002	
  2.3340000000000000e+004	 -6.9589729830138845e+002	  8.7745325531764570e+002	
  2.3370000000000000e+004	 -6.9589729830138845e+002	  8.7745325531764570e+002	
  2.3400000000000000e+004	 -6.9589729830138845e+002	  8.7745325531764570e+002	
  2.3430000000000000e+004	 -6.9589729830138845e+002	  8.7745325531764570e+002	
  2.3460000000000000e+004	 -6.9589729830138845e+002	  8.7745325531764570e+002	
  2.3490000000000000e+004	 -6.9589729830138845e+002	  8.7745325531764570e+002	
  2.3520000000000000e+004	 -6.9589729830138845e+002	  8.7745325531764570e+002	
  2.3550000000000000e+004	 -6.9589729830138845e+002	  8.7745325531764570e+002	
  2.3580000000000000e+004	 -6.9589729830138845e+002	  8.7745325531764570e+002	
  2.3610000000000000e+004	 -6.9589729830138845e+002	  8.7745325531764570e+002	
  2.3640000000000000e+004	 -6.9589729830138845e+002	  8.7745325531764570e+002	
  2.3670000000000000e+004	 -6.9589729830138845e+002	  8.7745325531764570e+002	
  2.3700000000000000e+004	 -6.9589729830138845e+002	  8.7745325531764570e+002	
  2.3730000000000000e+004	 -6.9589729830138845e+002	  8.7745325531764570e+002	
  2.3760000000000000e+004	 -6.9589729830138845e+002	  8.7745325531764570e+002	
  2.3790000000000000e+004	 -6.9589729830138845e+002	  8.7745325531764570e+002	
  2.3820000000000000e+004	 -6.9589729830138845e+002	  8.7745325531764570e+002	
  2.3850000000000000e+004	 -6.9589729830138845e+002	  8.7745325531764570e+002	
  2.3880000000000000e+004	 -6.9589729830138845e+002	  8.7745325531764570e+002	
  2.3910000000000000e+004	 -6.9589729830138845e+002	  8.7745325531764570e+002	
  2.3940000000000000e+004	 -6.9589729830138845e+002	  8.7745325531764570e+002	
  2.3970000000000000e+004	 -6.9589729830138845e+002	  8.7745325531764570e+002	
  2.4000000000000000e+004	 -6.9589729830138845e+002	  8.7745325531764570e+002	
  2.4030000000000000e+004	 -6.9589729830138845e+002	  8.7745325531764570e+002	
  2.4060000000000000e+004	 -6.9589729830138845e+002	  8.7745325531764570e+002	
  2.4090000000000000e+004	 -6.9589729830138845e+002	  8.7745325531764570e+002	
  2.4120000000000000e+004	 -6.9589729830138845e+002	  8.7745325531764570e+002	
  2.4150000000000000e+004	 -6.9589729830138845e+002	  8.7745325531764570e+002	
  2.4180000000000000e+004	 -6.9589729830138845e+002	  8.7745325531764570e+002	
  2.4210000000000000e+004	 -6.9589729830138845e+002	  8.7745325531764570e+002	
  2.4240000000000000e+004	 -6.9589729830138845e+002	  8.7745325531764570e+002	
  2.4270000000000000e+004	 -6.9589729830138845e+002	  8.7745325531764570e+002	
  2.4300000000000000e+004	 -6.9589729830138845e+002	  8.7745325531764570e+002	
  2.4330000000000000e+004	 -6.9589729830138845e+002	  8.7745325531764570e+002	
  2.4360000000000000e+004	 -6.9589729830138845e+002	  8.7745325531764570e+002	
  2.4390000000000000e+004	 -6.9589729830138845e+002	  8.7745325531764570e+002	
  2.4420000000000000e+004	 -6.9589729830138845e+002	  8.7745325531764570e+002	
  2.4450000000000000e+004	 -6.9589729830138845e+002	  8.7745325531764570e+002	
  2.4480000000000000e+004	 -6.9589729830138845e+002	  8.7745325531764570e+002	
  2.4510000000000000e+004	 -6.9589729830138845e+002	  8.7745325531764570e+002	
  2.4540000000000000e+004	 -6.9589729830138845e+002	  8.7745325531764570e+002	
  2.4570000000000000e+004	 -6.9589729830138845e+002	  8.7745325531764570e+002	
  2.4600000000000000e+004	 -6.9589729830138845e+002	  8.7745325531764570e+002	
  2.4630000000000000e+004	 -6.9589729830138845e+002	  8.7745325531764570e+002	
  2.4660000000000000e+004	 -6.9589729830138845e+002	  8.7745325531764570e+002	
  2.4690000000000000e+004	 -6.9589729830138845e+002	  8.7745325531764570e+002	
  2.4720000000000000e+004	 -6.9589729830138845e+002	  8.7745325531764570e+002	
  2.4750000000000000e+004	 -6.9589729830138845e+002	  8.7745325531764570e+002	
  2.4780000000000000e+004	 -6.9589729830138845e+002	  8.7745325531764570e+002	
  2.4810000000000000e+004	 -6.9589729830138845e+002	  8.7745325531764570e+002	
  2.4840000000000000e+004	 -6.9589729830138845e+002	  8.7745325531764570e+002	
  2.4870000000000000e+004	 -6.9589729830138845e+002	  8.7745325531764570e+002	
  2.4900000000000000e+004	 -6.9589729830138845e+002	  8.7745325531764570e+002	
  2.4930000000000000e+004	 -6.9589729830138845e+002	  8.7745325531764570e+002	
  2.4960000000000000e+004	 -6.9589729830138845e+002	  8.7745325531764570e+002	
  2.4990000000000000e+004	 -6.9589729830138845e+002	  8.7745325531764570e+002	
  2.5020000000000000e+004	 -6.9589729830138845e+002	  8.7745325531764570e+002	
  2.5050000000000000e+004	 -6.9589729830138845e+002	  8.7745325531764570e+002	
  2.5080000000000000e+004	 -6.9589729830138845e+002	  8.7745325531764570e+002	
  2.5110000000000000e+004	 -6.9589729830138845e+002	  8.7745325531764570e+002	
  2.5140000000000000e+004	 -6.9589729830138845e+002	  8.7745325531764570e+002	
  2.5170000000000000e+004	 -6.9589729830138845e+002	  8.7745325531764570e+002	
  2.5200000000000000e+004	 -6.9589729830138845e+002	  8.7745325531764570e+002	
  2.5230000000000000e+004	 -6.9589729830138845e+002	  8.7745325531764570e+002	
  2.5260000000000000e+004	 -6.9589729830138845e+002	  8.7745325531764570e+002	
  2.5290000000000000e+004	 -6.9589729830138845e+002	  8.7745325531764570e+002	
  2.5320000000000000e+004	 -6.9589729830138845e+002	  8.7745325531764570e+002	
  2.5350000000000000e+004	 -6.9589729830138845e+002	  8.7745325531764570e+002	
  2.5380000000000000e+004	 -6.9589729830138845e+002	  8.7745325531764570e+002	
  2.5410000000000000e+004	 -6.9589729830138845e+002	  8.7745325531764570e+002	
  2.5440000000000000e+004	 -6.9589729830138845e+002	  8.7745325531764570e+002	
  2.5470000000000000e+004	 -6.9589729830138845e+002	  8.7745325531764570e+002	
  2.5500000000000000e+004	 -6.9589729830138845e+002	  8.7745325531764570e+002	
  2.5530000000000000e+004	 -6.9589729830138845e+002	  8.7745325531764570e+002	
  2.5560000000000000e+004	 -6.9589729830138845e+002	  8.7745325531764570e+002	
  2.5590000000000000e+004	 -6.9589729830138845e+002	  8.7745325531764570e+002	
  2.5620000000000000e+004	 -6.9589729830138845e+002	  8.7745325531764570e+002	
  2.5650000000000000e+004	 -6.9589729830138845e+002	  8.7745325531764570e+002	
  2.5680000000000000e+004	 -6.9589729830138845e+002	  8.7745325531764570e+002	
  2.5710000000000000e+004	 -6.9589729830138845e+002	  8.7745325531764570e+002	
  2.5740000000000000e+004	 -6.9589729830138845e+002	  8.7745325531764570e+002	
  2.5770000000000000e+004	 -6.9589729830138845e+002	  8.7745325531764570e+002	
  2.5800000000000000e+004	 -6.9589729830138845e+002	  8.7745325531764570e+002	
  2.5830000000000000e+004	 -6.9589729830138845e+002	  8.7745325531764570e+002	
  2.5860000000000000e+004	 -6.9589729830138845e+002	  8.7745325531764570e+002	
  2.5890000000000000e+004	 -6.9589729830138845e+002	  8.7745325531764570e+002	
  2.5920000000000000e+004	 -6.9589729830138845e+002	  8.7745325531764570e+002	
  2.5950000000000000e+004	 -6.9589729830138845e+002	  8.7745325531764570e+002	
  2.5980000000000000e+004	 -6.9589729830138845e+002	  8.7745325531764570e+002	
  2.6010000000000000e+004	 -6.9589729830138845e+002	  8.7745325531764570e+002	
  2.6040000000000000e+004	 -6.9589729830138845e+002	  8.7745325531764570e+002	
  2.6070000000000000e+004	 -6.9589729830138845e+002	  8.7745325531764570e+002	
  2.6100000000000000e+004	 -6.9589729830138845e+002	  8.7745325531764570e+002	
  2.6130000000000000e+004	 -6.9589729830138845e+002	  8.7745325531764570e+002	
  2.6160000000000000e+004	 -6.9589729830138845e+002	  8.7745325531764570e+002	
  2.6190000000000000e+004	 -6.9589729830138845e+002	  8.7745325531764570e+002	
  2.6220000000000000e+004	 -6.9589729830138845e+002	  8.7745325531764570e+002	
  2.6250000000000000e+004	 -6.9589729830138845e+002	  8.7745325531764570e+002	
  2.6280000000000000e+004	 -6.9589729830138845e+002	  8.7745325531764570e+002	
  2.6310000000000000e+004	 -6.9589729830138845e+002	  8.7745325531764570e+002	
  2.6340000000000000e+004	 -6.9589729830138845e+002	  8.7745325531764570e+002	
  2.6370000000000000e+004	 -6.9589729830138845e+002	  8.7745325531764570e+002	
  2.6400000000000000e+004	 -6.9589729830138845e+002	  8.7745325531764570e+002	
  2.6430000000000000e+004	 -6.9589729830138845e+002	  8.7745325531764570e+002	
  2.6460000000000000e+004	 -6.9589729830138845e+002	  8.7745325531764570e+002	
  2.6490000000000000e+004	 -6.9589729830138845e+002	  8.7745325531764570e+002	
  2.6520000000000000e+004	 -6.9589729830138845e+002	  8.7745325531764570e+002	
  2.6550000000000000e+004	 -6.9589729830138845e+002	  8.7745325531764570e+002	
  2.6580000000000000e+004	 -6.9589729830138845e+002	  8.7745325531764570e+002	
  2.6610000000000000e+004	 -6.9589729830138845e+002	  8.7745325531764570e+002	
  2.6640000000000000e+004	 -6.9589729830138845e+002	  8.7745325531764570e+002	
  2.6670000000000000e+004	 -6.9589729830138845e+002	  8.7745325531764570e+002	
  2.6700000000000000e+004	 -6.9589729830138845e+002	  8.7745325531764570e+002	
  2.6730000000000000e+004	 -6.9589729830138845e+002	  8.7745325531764570e+002	
  2.6760000000000000e+004	 -6.9589729830138845e+002	  8.7745325531764570e+002	
  2.6790000000000000e+004	 -6.9589729830138845e+002	  8.7745325531764570e+002	
  2.6820000000000000e+004	 -6.9589729830138845e+002	  8.7745325531764570e+002	
  2.6850000000000000e+004	 -6.9589729830138845e+002	  8.7745325531764570e+002	
  2.6880000000000000e+004	 -6.9589729830138845e+002	  8.7745325531764570e+002	
  2.6910000000000000e+004	 -6.9589729830138845e+002	  8.7745325531764570e+002	
  2.6940000000000000e+004	 -6.9589729830138845e+002	  8.7745325531764570e+002	
  2.6970000000000000e+004	 -6.9589729830138845e+002	  8.7745325531764570e+002	
  2.7000000000000000e+004	 -6.9589729830138845e+002	  8.7745325531764570e+002	
  2.7030000000000000e+004	 -6.9589729830138845e+002	  8.7745325531764570e+002	
  2.7060000000000000e+004	 -6.9589729830138845e+002	  8.7745325531764570e+002	
  2.7090000000000000e+004	 -6.9589729830138845e+002	  8.7745325531764570e+002	
  2.7120000000000000e+004	 -6.9589729830138845e+002	  8.7745325531764570e+002	
  2.7150000000000000e+004	 -6.9589729830138845e+002	  8.7745325531764570e+002	
  2.7180000000000000e+004	 -6.9589729830138845e+002	  8.7745325531764570e+002	
  2.7210000000000000e+004	 -6.9589729830138845e+002	  8.7745325531764570e+002	
  2.7240000000000000e+004	 -6.9589729830138845e+002	  8.7745325531764570e+002	
  2.7270000000000000e+004	 -6.9589729830138845e+002	  8.7745325531764570e+002	
  2.7300000000000000e+004	 -6.9589729830138845e+002	  8.7745325531764570e+002	
  2.7330000000000000e+004	 -6.9589729830138845e+002	  8.7745325531764570e+002	
  2.7360000000000000e+004	 -6.9589729830138845e+002	  8.7745325531764570e+002	
  2.7390000000000000e+004	 -6.9589729830138845e+002	  8.7745325531764570e+002	
  2.7420000000000000e+004	 -6.9589729830138845e+002	  8.7745325531764570e+002	
  2.7450000000000000e+004	 -6.9589729830138845e+002	  8.7745325531764570e+002	
  2.7480000000000000e+004	 -6.9589729830138845e+002	  8.7745325531764570e+002	
  2.7510000000000000e+004	 -6.9589729830138845e+002	  8.7745325531764570e+002	
  2.7540000000000000e+004	 -6.9589729830138845e+002	  8.7745325531764570e+002	
  2.7570000000000000e+004	 -6.9589729830138845e+002	  8.7745325531764570e+002	
  2.7600000000000000e+004	 -6.9589729830138845e+002	  8.7745325531764570e+002	
  2.7630000000000000e+004	 -6.9589729830138845e+002	  8.7745325531764570e+002	
  2.7660000000000000e+004	 -6.9589729830138845e+002	  8.7745325531764570e+002	
  2.7690000000000000e+004	 -6.9589729830138845e+002	  8.7745325531764570e+002	
  2.7720000000000000e+004	 -6.9589729830138845e+002	  8.7745325531764570e+002	
  2.7750000000000000e+004	 -6.9589729830138845e+002	  8.7745325531764570e+002	
  2.7780000000000000e+004	 -6.9589729830138845e+002	  8.7745325531764570e+002	
  2.7810000000000000e+004	 -6.9589729830138845e+002	  8.7745325531764570e+002	
  2.7840000000000000e+004	 -6.9589729830138845e+002	  8.7745325531764570e+002	
  2.7870000000000000e+004	 -6.9589729830138845e+002	  8.7745325531764570e+002	
  2.7900000000000000e+004	 -6.9589729830138845e+002	  8.7745325531764570e+002	
  2.7930000000000000e+004	 -6.9589729830138845e+002	  8.7745325531764570e+002	
  2.7960000000000000e+004	 -6.9589729830138845e+002	  8.7745325531764570e+002	
  2.7990000000000000e+004	 -6.9589729830138845e+002	  8.7745325531764570e+002	
  2.8020000000000000e+004	 -6.9589729830138845e+002	  8.7745325531764570e+002	
  2.8050000000000000e+004	 -6.9589729830138845e+002	  8.7745325531764570e+002	
  2.8080000000000000e+004	 -6.9589729830138845e+002	  8.7745325531764570e+002	
  2.8110000000000000e+004	 -6.9589729830138845e+002	  8.7745325531764570e+002	
  2.8140000000000000e+004	 -6.9589729830138845e+002	  8.7745325531764570e+002	
  2.8170000000000000e+004	 -6.9589729830138845e+002	  8.7745325531764570e+002	
  2.8200000000000000e+004	 -6.9589729830138845e+002	  8.7745325531764570e+002	
  2.8230000000000000e+004	 -6.9589729830138845e+002	  8.7745325531764570e+002	
  2.8260000000000000e+004	 -6.9589729830138845e+002	  8.7745325531764570e+002	
  2.8290000000000000e+004	 -6.9589729830138845e+002	  8.7745325531764570e+002	
  2.8320000000000000e+004	 -6.9589729830138845e+002	  8.7745325531764570e+002	
  2.8350000000000000e+004	 -6.9589729830138845e+002	  8.7745325531764570e+002	
  2.8380000000000000e+004	 -6.9589729830138845e+002	  8.7745325531764570e+002	
  2.8410000000000000e+004	 -6.9589729830138845e+002	  8.7745325531764570e+002	
  2.8440000000000000e+004	 -6.9589729830138845e+002	  8.7745325531764570e+002	
  2.8470000000000000e+004	 -6.9589729830138845e+002	  8.7745325531764570e+002	
  2.8500000000000000e+004	 -6.9589729830138845e+002	  8.7745325531764570e+002	
  2.8530000000000000e+004	 -6.9589729830138845e+002	  8.7745325531764570e+002	
  2.8560000000000000e+004	 -6.9589729830138845e+002	  8.7745325531764570e+002	
  2.8590000000000000e+004	 -6.9589729830138845e+002	  8.7745325531764570e+002	
  2.8620000000000000e+004	 -6.9589729830138845e+002	  8.7745325531764570e+002	
  2.8650000000000000e+004	 -6.9589729830138845e+002	  8.7745325531764570e+002	
  2.8680000000000000e+004	 -6.9589729830138845e+002	  8.7745325531764570e+002	
  2.8710000000000000e+004	 -6.9589729830138845e+002	  8.7745325531764570e+002	
  2.8740000000000000e+004	 -6.9589729830138845e+002	  8.7745325531764570e+002	
  2.8770000000000000e+004	 -6.9589729830138845e+002	  8.7745325531764570e+002	
  2.8800000000000000e+004	 -6.9589729830138845e+002	  8.7745325531764570e+002	
  2.8830000000000000e+004	 -6.9589729830138845e+002	  8.7745325531764570e+002	
  2.8860000000000000e+004	 -6.9589729830138845e+002	  8.7745325531764570e+002	
  2.8890000000000000e+004	 -6.9589729830138845e+002	  8.7745325531764570e+002	
  2.8920000000000000e+004	 -6.9589729830138845e+002	  8.7745325531764570e+002	
  2.8950000000000000e+004	 -6.9589729830138845e+002	  8.7745325531764570e+002	
  2.8980000000000000e+004	 -6.9589729830138845e+002	  8.7745325531764570e+002	
  2.9010000000000000e+004	 -6.9589729830138845e+002	  8.7745325531764570e+002	
  2.9040000000000000e+004	 -6.9589729830138845e+002	  8.7745325531764570e+002	
  2.9070000000000000e+004	 -6.9589729830138845e+002	  8.7745325531764570e+002	
  2.9100000000000000e+004	 -6.9589729830138845e+002	  8.7745325531764570e+002	
  2.9130000000000000e+004	 -6.9589729830138845e+002	  8.7745325531764570e+002	
  2.9160000000000000e+004	 -6.9589729830138845e+002	  8.7745325531764570e+002	
  2.9190000000000000e+004	 -6.9589729830138845e+002	  8.7745325531764570e+002	
  2.9220000000000000e+004	 -6.9589729830138845e+002	  8.7745325531764570e+002	
  2.9250000000000000e+004	 -6.9589729830138845e+002	  8.7745325531764570e+002	
  2.9280000000000000e+004	 -6.9589729830138845e+002	  8.7745325531764570e+002	
  2.9310000000000000e+004	 -6.9589729830138845e+002	  8.7745325531764570e+002	
  2.9340000000000000e+004	 -6.9589729830138845e+002	  8.7745325531764570e+002	
  2.9370000000000000e+004	 -6.9589729830138845e+002	  8.7745325531764570e+002	
  2.9400000000000000e+004	 -6.9589729830138845e+002	  8.7745325531764570e+002	
  2.9430000000000000e+004	 -6.9589729830138845e+002	  8.7745325531764570e+002	
  2.9460000000000000e+004	 -6.9589729830138845e+002	  8.7745325531764570e+002	
  2.9490000000000000e+004	 -6.9589729830138845e+002	  8.7745325531764570e+002	
  2.9520000000000000e+004	 -6.9589729830138845e+002	  8.7745325531764570e+002	
  2.9550000000000000e+004	 -6.9589729830138845e+002	  8.7745325531764570e+002	
  2.9580000000000000e+004	 -6.9589729830138845e+002	  8.7745325531764570e+002	
  2.9610000000000000e+004	 -6.9589729830138845e+002	  8.7745325531764570e+002	
  2.9640000000000000e+004	 -6.9589729830138845e+002	  8.7745325531764570e+002	
  2.9670000000000000e+004	 -6.9589729830138845e+002	  8.7745325531764570e+002	
  2.9700000000000000e+004	 -6.9589729830138845e+002	  8.7745325531764570e+002	
  2.9730000000000000e+004	 -6.9589729830138845e+002	  8.7745325531764570e+002	
  2.9760000000000000e+004	 -6.9589729830138845e+002	  8.7745325531764570e+002	
  2.9790000000000000e+004	 -6.9589729830138845e+002	  8.7745325531764570e+002	
  2.9820000000000000e+004	 -6.9589729830138845e+002	  8.7745325531764570e+002	
  2.9850000000000000e+004	 -6.9589729830138845e+002	  8.7745325531764570e+002	
  2.9880000000000000e+004	 -6.9589729830138845e+002	  8.7745325531764570e+002	
  2.9910000000000000e+004	 -6.9589729830138845e+002	  8.7745325531764570e+002	
  2.9940000000000000e+004	 -6.9589729830138845e+002	  8.7745325531764570e+002	
  2.9970000000000000e+004	 -6.9589729830138845e+002	  8.7745325531764570e+002	
  3.0000000000000000e+004	 -6.9589729830138845e+002	  8.7745325531764570e+002	
  3.0030000000000000e+004	 -6.9589729830138845e+002	  8.7745325531764570e+002	
  3.0060000000000000e+004	 -6.9589729830138845e+002	  8.7745325531764570e+002	
  3.0090000000000000e+004	 -6.9589729830138845e+002	  8.7745325531764570e+002	
  3.0120000000000000e+004	 -6.9589729830138845e+002	  8.7745325531764570e+002	
  3.0150000000000000e+004	 -6.9589729830138845e+002	  8.7745325531764570e+002	
  3.0180000000000000e+004	 -6.9589729830138845e+002	  8.7745325531764570e+002	
  3.0210000000000000e+004	 -6.9589729830138845e+002	  8.7745325531764570e+002	
  3.0240000000000000e+004	 -6.9589729830138845e+002	  8.7745325531764570e+002	
  3.0270000000000000e+004	 -6.9589729830138845e+002	  8.7745325531764570e+002	
  3.0300000000000000e+004	 -6.9589729830138845e+002	  8.7745325531764570e+002	
  3.0330000000000000e+004	 -6.9589729830138845e+002	  8.7745325531764570e+002	
  3.0360000000000000e+004	 -6.9589729830138845e+002	  8.7745325531764570e+002	
  3.0390000000000000e+004	 -6.9589729830138845e+002	  8.7745325531764570e+002	
  3.0420000000000000e+004	 -6.9589729830138845e+002	  8.7745325531764570e+002	
  3.0450000000000000e+004	 -6.9589729830138845e+002	  8.7745325531764570e+002	
  3.0480000000000000e+004	 -6.9589729830138845e+002	  8.7745325531764570e+002	
  3.0510000000000000e+004	 -6.9589729830138845e+002	  8.7745325531764570e+002	
  3.0540000000000000e+004	 -6.9589729830138845e+002	  8.7745325531764570e+002	
  3.0570000000000000e+004	 -6.9589729830138845e+002	  8.7745325531764570e+002	
  3.0600000000000000e+004	 -6.9589729830138845e+002	  8.7745325531764570e+002	
  3.0630000000000000e+004	 -6.9589729830138845e+002	  8.7745325531764570e+002	
  3.0660000000000000e+004	 -6.9589729830138845e+002	  8.7745325531764570e+002	
  3.0690000000000000e+004	 -6.9589729830138845e+002	  8.7745325531764570e+002	
  3.0720000000000000e+004	 -6.9589729830138845e+002	  8.7745325531764570e+002	
  3.0750000000000000e+004	 -6.9589729830138845e+002	  8.7745325531764570e+002	
  3.0780000000000000e+004	 -6.9589729830138845e+002	  8.7745325531764570e+002	
  3.0810000000000000e+004	 -6.9589729830138845e+002	  8.7745325531764570e+002	
  3.0840000000000000e+004	 -6.9589729830138845e+002	  8.7745325531764570e+002	
  3.0870000000000000e+004	 -6.9589729830138845e+002	  8.7745325531764570e+002	
  3.0900000000000000e+004	 -6.9589729830138845e+002	  8.7745325531764570e+002	
  3.0930000000000000e+004	 -6.9589729830138845e+002	  8.7745325531764570e+002	
  3.0960000000000000e+004	 -6.9589729830138845e+002	  8.7745325531764570e+002	
  3.0990000000000000e+004	 -6.9589729830138845e+002	  8.7745325531764570e+002	
  3.1020000000000000e+004	 -6.9589729830138845e+002	  8.7745325531764570e+002	
  3.1050000000000000e+004	 -6.9589729830138845e+002	  8.7745325531764570e+002	
  3.1080000000000000e+004	 -6.9589729830138845e+002	  8.7745325531764570e+002	
  3.1110000000000000e+004	 -6.9589729830138845e+002	  8.7745325531764570e+002	
  3.1140000000000000e+004	 -6.9589729830138845e+002	  8.7745325531764570e+002	
  3.1170000000000000e+004	 -6.9589729830138845e+002	  8.7745325531764570e+002	
  3.1200000000000000e+004	 -6.9589729830138845e+002	  8.7745325531764570e+002	
  3.1230000000000000e+004	 -6.9589729830138845e+002	  8.7745325531764570e+002	
  3.1260000000000000e+004	 -6.9589729830138845e+002	  8.7745325531764570e+002	
  3.1290000000000000e+004	 -6.9589729830138845e+002	  8.7745325531764570e+002	
  3.1320000000000000e+004	 -6.9589729830138845e+002	  8.7745325531764570e+002	
  3.1350000000000000e+004	 -6.9589729830138845e+002	  8.7745325531764570e+002	
  3.1380000000000000e+004	 -6.9589729830138845e+002	  8.7745325531764570e+002	
  3.1410000000000000e+004	 -6.9589729830138845e+002	  8.7745325531764570e+002	
  3.1440000000000000e+004	 -6.9589729830138845e+002	  8.7745325531764570e+002	
  3.1470000000000000e+004	 -6.9589729830138845e+002	  8.7745325531764570e+002	
  3.1500000000000000e+004	 -6.9589729830138845e+002	  8.7745325531764570e+002	
  3.1530000000000000e+004	 -6.9589729830138845e+002	  8.7745325531764570e+002	
  3.1560000000000000e+004	 -6.9589729830138845e+002	  8.7745325531764570e+002	
  3.1590000000000000e+004	 -6.9589729830138845e+002	  8.7745325531764570e+002	
  3.1620000000000000e+004	 -6.9589729830138845e+002	  8.7745325531764570e+002	
  3.1650000000000000e+004	 -6.9589729830138845e+002	  8.7745325531764570e+002	
  3.1680000000000000e+004	 -6.9589729830138845e+002	  8.7745325531764570e+002	
  3.1710000000000000e+004	 -6.9589729830138845e+002	  8.7745325531764570e+002	
  3.1740000000000000e+004	 -6.9589729830138845e+002	  8.7745325531764570e+002	
  3.1770000000000000e+004	 -6.9589729830138845e+002	  8.7745325531764570e+002	
  3.1800000000000000e+004	 -6.9589729830138845e+002	  8.7745325531764570e+002	
  3.1830000000000000e+004	 -6.9589729830138845e+002	  8.7745325531764570e+002	
  3.1860000000000000e+004	 -6.9589729830138845e+002	  8.7745325531764570e+002	
  3.1890000000000000e+004	 -6.9589729830138845e+002	  8.7745325531764570e+002	
  3.1920000000000000e+004	 -6.9589729830138845e+002	  8.7745325531764570e+002	
  3.1950000000000000e+004	 -6.9589729830138845e+002	  8.7745325531764570e+002	
  3.1980000000000000e+004	 -6.9589729830138845e+002	  8.7745325531764570e+002	
  3.2010000000000000e+004	 -6.9589729830138845e+002	  8.7745325531764570e+002	
  3.2040000000000000e+004	 -6.9589729830138845e+002	  8.7745325531764570e+002	
  3.2070000000000000e+004	 -6.9589729830138845e+002	  8.7745325531764570e+002	
  3.2100000000000000e+004	 -6.9589729830138845e+002	  8.7745325531764570e+002	
  3.2130000000000000e+004	 -6.9589729830138845e+002	  8.7745325531764570e+002	
  3.2160000000000000e+004	 -6.9589729830138845e+002	  8.7745325531764570e+002	
  3.2190000000000000e+004	 -6.9589729830138845e+002	  8.7745325531764570e+002	
  3.2220000000000000e+004	 -6.9589729830138845e+002	  8.7745325531764570e+002	
  3.2250000000000000e+004	 -6.9589729830138845e+002	  8.7745325531764570e+002	
  3.2280000000000000e+004	 -6.9589729830138845e+002	  8.7745325531764570e+002	
  3.2310000000000000e+004	 -6.9589729830138845e+002	  8.7745325531764570e+002	
  3.2340000000000000e+004	 -6.9589729830138845e+002	  8.7745325531764570e+002	
  3.2370000000000000e+004	 -6.9589729830138845e+002	  8.7745325531764570e+002	
  3.2400000000000000e+004	 -6.9589729830138845e+002	  8.7745325531764570e+002	
  3.2430000000000000e+004	 -6.9589729830138845e+002	  8.7745325531764570e+002	
  3.2460000000000000e+004	 -6.9589729830138845e+002	  8.7745325531764570e+002	
  3.2490000000000000e+004	 -6.9589729830138845e+002	  8.7745325531764570e+002	
  3.2520000000000000e+004	 -6.9589729830138845e+002	  8.7745325531764570e+002	
  3.2550000000000000e+004	 -6.9589729830138845e+002	  8.7745325531764570e+002	
  3.2580000000000000e+004	 -6.9589729830138845e+002	  8.7745325531764570e+002	
  3.2610000000000000e+004	 -6.9589729830138845e+002	  8.7745325531764570e+002	
  3.2640000000000000e+004	 -6.9589729830138845e+002	  8.7745325531764570e+002	
  3.2670000000000000e+004	 -6.9589729830138845e+002	  8.7745325531764570e+002	
  3.2700000000000000e+004	 -6.9589729830138845e+002	  8.7745325531764570e+002	
  3.2730000000000000e+004	 -6.9589729830138845e+002	  8.7745325531764570e+002	
  3.2760000000000000e+004	 -6.9589729830138845e+002	  8.7745325531764570e+002	
  3.2790000000000000e+004	 -6.9589729830138845e+002	  8.7745325531764570e+002	
  3.2820000000000000e+004	 -6.9589729830138845e+002	  8.7745325531764570e+002	
  3.2850000000000000e+004	 -6.9589729830138845e+002	  8.7745325531764570e+002	
  3.2880000000000000e+004	 -6.9589729830138845e+002	  8.7745325531764570e+002	
  3.2910000000000000e+004	 -6.9589729830138845e+002	  8.7745325531764570e+002	
  3.2940000000000000e+004	 -6.9589729830138845e+002	  8.7745325531764570e+002	
  3.2970000000000000e+004	 -6.9589729830138845e+002	  8.7745325531764570e+002	
  3.3000000000000000e+004	 -6.9589729830138845e+002	  8.7745325531764570e+002	
  3.3030000000000000e+004	 -6.9589729830138845e+002	  8.7745325531764570e+002	
  3.3060000000000000e+004	 -6.9589729830138845e+002	  8.7745325531764570e+002	
  3.3090000000000000e+004	 -6.9589729830138845e+002	  8.7745325531764570e+002	
  3.3120000000000000e+004	 -6.9589729830138845e+002	  8.7745325531764570e+002	
  3.3150000000000000e+004	 -6.9589729830138845e+002	  8.7745325531764570e+002	
  3.3180000000000000e+004	 -6.9589729830138845e+002	  8.7745325531764570e+002	
  3.3210000000000000e+004	 -6.9589729830138845e+002	  8.7745325531764570e+002	
  3.3240000000000000e+004	 -6.9589729830138845e+002	  8.7745325531764570e+002	
  3.3270000000000000e+004	 -6.9589729830138845e+002	  8.7745325531764570e+002	
  3.3300000000000000e+004	 -6.9589729830138845e+002	  8.7745325531764570e+002	
  3.3330000000000000e+004	 -6.9589729830138845e+002	  8.7745325531764570e+002	
  3.3360000000000000e+004	 -6.9589729830138845e+002	  8.7745325531764570e+002	
  3.3390000000000000e+004	 -6.9589729830138845e+002	  8.7745325531764570e+002	
  3.3420000000000000e+004	 -6.9589729830138845e+002	  8.7745325531764570e+002	
  3.3450000000000000e+004	 -6.9589729830138845e+002	  8.7745325531764570e+002	
  3.3480000000000000e+004	 -6.9589729830138845e+002	  8.7745325531764570e+002	
  3.3510000000000000e+004	 -6.9589729830138845e+002	  8.7745325531764570e+002	
  3.3540000000000000e+004	 -6.9589729830138845e+002	  8.7745325531764570e+002	
  3.3570000000000000e+004	 -6.9589729830138845e+002	  8.7745325531764570e+002	
  3.3600000000000000e+004	 -6.9589729830138845e+002	  8.7745325531764570e+002	
  3.3630000000000000e+004	 -6.9589729830138845e+002	  8.7745325531764570e+002	
  3.3660000000000000e+004	 -6.9589729830138845e+002	  8.7745325531764570e+002	
  3.3690000000000000e+004	 -6.9589729830138845e+002	  8.7745325531764570e+002	
  3.3720000000000000e+004	 -6.9589729830138845e+002	  8.7745325531764570e+002	
  3.3750000000000000e+004	 -6.9589729830138845e+002	  8.7745325531764570e+002	
  3.3780000000000000e+004	 -6.9589729830138845e+002	  8.7745325531764570e+002	
  3.3810000000000000e+004	 -6.9589729830138845e+002	  8.7745325531764570e+002	
  3.3840000000000000e+004	 -6.9589729830138845e+002	  8.7745325531764570e+002	
  3.3870000000000000e+004	 -6.9589729830138845e+002	  8.7745325531764570e+002	
  3.3900000000000000e+004	 -6.9589729830138845e+002	  8.7745325531764570e+002	
  3.3930000000000000e+004	 -6.9589729830138845e+002	  8.7745325531764570e+002	
  3.3960000000000000e+004	 -6.9589729830138845e+002	  8.7745325531764570e+002	
  3.3990000000000000e+004	 -6.9589729830138845e+002	  8.7745325531764570e+002	
  3.4020000000000000e+004	 -6.9589729830138845e+002	  8.7745325531764570e+002	
  3.4050000000000000e+004	 -6.9589729830138845e+002	  8.7745325531764570e+002	
  3.4080000000000000e+004	 -6.9589729830138845e+002	  8.7745325531764570e+002	
  3.4110000000000000e+004	 -6.9589729830138845e+002	  8.7745325531764570e+002	
  3.4140000000000000e+004	 -6.9589729830138845e+002	  8.7745325531764570e+002	
  3.4170000000000000e+004	 -6.9589729830138845e+002	  8.7745325531764570e+002	
  3.4200000000000000e+004	 -6.9589729830138845e+002	  8.7745325531764570e+002	
  3.4230000000000000e+004	 -6.9589729830138845e+002	  8.7745325531764570e+002	
  3.4260000000000000e+004	 -6.9589729830138845e+002	  8.7745325531764570e+002	
  3.4290000000000000e+004	 -6.9589729830138845e+002	  8.7745325531764570e+002	
  3.4320000000000000e+004	 -6.9589729830138845e+002	  8.7745325531764570e+002	
  3.4350000000000000e+004	 -6.9589729830138845e+002	  8.7745325531764570e+002	
  3.4380000000000000e+004	 -6.9589729830138845e+002	  8.7745325531764570e+002	
  3.4410000000000000e+004	 -6.9589729830138845e+002	  8.7745325531764570e+002	
  3.4440000000000000e+004	 -6.9589729830138845e+002	  8.7745325531764570e+002	
  3.4470000000000000e+004	 -6.9589729830138845e+002	  8.7745325531764570e+002	
  3.4500000000000000e+004	 -6.9589729830138845e+002	  8.7745325531764570e+002	
  3.4530000000000000e+004	 -6.9589729830138845e+002	  8.7745325531764570e+002	
  3.4560000000000000e+004	 -6.9589729830138845e+002	  8.7745325531764570e+002	
  3.4590000000000000e+004	 -6.9589729830138845e+002	  8.7745325531764570e+002	
  3.4620000000000000e+004	 -6.9589729830138845e+002	  8.7745325531764570e+002	
  3.4650000000000000e+004	 -6.9589729830138845e+002	  8.7745325531764570e+002	
  3.4680000000000000e+004	 -6.9589729830138845e+002	  8.7745325531764570e+002	
  3.4710000000000000e+004	 -6.9589729830138845e+002	  8.7745325531764570e+002	
  3.4740000000000000e+004	 -6.9589729830138845e+002	  8.7745325531764570e+002	
  3.4770000000000000e+004	 -6.9589729830138845e+002	  8.7745325531764570e+002	
  3.4800000000000000e+004	 -6.9589729830138845e+002	  8.7745325531764570e+002	
  3.4830000000000000e+004	 -6.9589729830138845e+002	  8.7745325531764570e+002	
  3.4860000000000000e+004	 -6.9589729830138845e+002	  8.7745325531764570e+002	
  3.4890000000000000e+004	 -6.9589729830138845e+002	  8.7745325531764570e+002	
  3.4920000000000000e+004	 -6.9589729830138845e+002	  8.7745325531764570e+002	
  3.4950000000000000e+004	 -6.9589729830138845e+002	  8.7745325531764570e+002	
  3.4980000000000000e+004	 -6.9589729830138845e+002	  8.7745325531764570e+002	
  3.5010000000000000e+004	 -6.9589729830138845e+002	  8.7745325531764570e+002	
  3.5040000000000000e+004	 -6.9589729830138845e+002	  8.7745325531764570e+002	
  3.5070000000000000e+004	 -6.9589729830138845e+002	  8.7745325531764570e+002	
  3.5100000000000000e+004	 -6.9589729830138845e+002	  8.7745325531764570e+002	
  3.5130000000000000e+004	 -6.9589729830138845e+002	  8.7745325531764570e+002	
  3.5160000000000000e+004	 -6.9589729830138845e+002	  8.7745325531764570e+002	
  3.5190000000000000e+004	 -6.9589729830138845e+002	  8.7745325531764570e+002	
  3.5220000000000000e+004	 -6.9589729830138845e+002	  8.7745325531764570e+002	
  3.5250000000000000e+004	 -6.9589729830138845e+002	  8.7745325531764570e+002	
  3.5280000000000000e+004	 -6.9589729830138845e+002	  8.7745325531764570e+002	
  3.5310000000000000e+004	 -6.9589729830138845e+002	  8.7745325531764570e+002	
  3.5340000000000000e+004	 -6.9589729830138845e+002	  8.7745325531764570e+002	
  3.5370000000000000e+004	 -6.9589729830138845e+002	  8.7745325531764570e+002	
  3.5400000000000000e+004	 -6.9589729830138845e+002	  8.7745325531764570e+002	
  3.5430000000000000e+004	 -6.9589729830138845e+002	  8.7745325531764570e+002	
  3.5460000000000000e+004	 -6.9589729830138845e+002	  8.7745325531764570e+002	
  3.5490000000000000e+004	 -6.9589729830138845e+002	  8.7745325531764570e+002	
  3.5520000000000000e+004	 -6.9589729830138845e+002	  8.7745325531764570e+002	
  3.5550000000000000e+004	 -6.9589729830138845e+002	  8.7745325531764570e+002	
  3.5580000000000000e+004	 -6.9589729830138845e+002	  8.7745325531764570e+002	
  3.5610000000000000e+004	 -6.9589729830138845e+002	  8.7745325531764570e+002	
  3.5640000000000000e+004	 -6.9589729830138845e+002	  8.7745325531764570e+002	
  3.5670000000000000e+004	 -6.9589729830138845e+002	  8.7745325531764570e+002	
  3.5700000000000000e+004	 -6.9589729830138845e+002	  8.7745325531764570e+002	
  3.5730000000000000e+004	 -6.9589729830138845e+002	  8.7745325531764570e+002	
  3.5760000000000000e+004	 -6.9589729830138845e+002	  8.7745325531764570e+002	
  3.5790000000000000e+004	 -6.9589729830138845e+002	  8.7745325531764570e+002	
  3.5820000000000000e+004	 -6.9589729830138845e+002	  8.7745325531764570e+002	
  3.5850000000000000e+004	 -6.9589729830138845e+002	  8.7745325531764570e+002	
  3.5880000000000000e+004	 -6.5684053863767986e+002	  8.8656882544893529e+002	
  3.5910000000000000e+004	 -6.4015062651545691e+002	  8.8479573385963556e+002	
  3.5940000000000000e+004	 -6.4819203389711697e+002	  9.2803575311511338e+002	
