  0.0000000000000000e+000	 -2.4935741242498545e+002	  1.0796830309186180e+003	
  3.0000000000000000e+001	 -2.4997588127686365e+002	  1.0774900910002464e+003	
  6.0000000000000000e+001	 -2.5074679515884250e+002	  1.0762210688753376e+003	
  9.0000000000000000e+001	 -2.4724195048081614e+002	  1.0728258965424918e+003	
  1.2000000000000000e+002	 -2.4939323460983061e+002	  1.0714900925513530e+003	
  1.5000000000000000e+002	 -2.5296979586704529e+002	  1.0692971475437096e+003	
  1.8000000000000000e+002	 -2.5633120867749085e+002	  1.0676719158874673e+003	
  2.1000000000000000e+002	 -2.5898451351990775e+002	  1.0678054997213801e+003	
  2.4000000000000000e+002	 -2.6515157600592102e+002	  1.0662470589942723e+003	
  2.7000000000000000e+002	 -2.5039720524398206e+002	  1.0707331343686765e+003	
  3.0000000000000000e+002	 -2.4693714921377943e+002	  1.0722470470627688e+003	
  3.3000000000000000e+002	 -2.4535059216473857e+002	  1.0720021524971760e+003	
  3.6000000000000000e+002	 -2.4303792242829329e+002	  1.0725253457931824e+003	
  3.9000000000000000e+002	 -2.4280485988379519e+002	  1.0725921280912628e+003	
  4.2000000000000000e+002	 -2.4591530676543167e+002	  1.0716236724424884e+003	
  4.5000000000000000e+002	 -2.5039720524398206e+002	  1.0708110533303720e+003	
  4.8000000000000000e+002	 -2.5201962569633406e+002	  1.0715012241425131e+003	
  5.1000000000000000e+002	 -2.5361517888031756e+002	  1.0732822939294790e+003	
  5.4000000000000000e+002	 -2.6876400755302984e+002	  1.0646329602770904e+003	
  5.7000000000000000e+002	 -2.6137782033580214e+002	  1.0677609708138825e+003	
  6.0000000000000000e+002	 -2.5201962569633406e+002	  1.0699539154650377e+003	
  6.3000000000000000e+002	 -2.4405978397961528e+002	  1.0727145823805592e+003	
  6.6000000000000000e+002	 -2.5898451351990775e+002	  1.0656793416992375e+003	
  6.9000000000000000e+002	 -2.5751443839374673e+002	  1.0666255415075636e+003	
  7.2000000000000000e+002	 -2.4322616504835645e+002	  1.0732934279722188e+003	
  7.5000000000000000e+002	 -2.5303255914011052e+002	  1.0686848993182341e+003	
  7.8000000000000000e+002	 -2.5239613634745422e+002	  1.0676941782004803e+003	
  8.1000000000000000e+002	 -2.4823690161087069e+002	  1.0748184662849533e+003	
  8.4000000000000000e+002	 -2.5149078084127029e+002	  1.0721691313662470e+003	
  8.7000000000000000e+002	 -2.5906517078100615e+002	  1.0755865652946259e+003	
  9.0000000000000000e+002	 -2.5841976705248106e+002	  1.0714344370759457e+003	
  9.3000000000000000e+002	 -2.5313113530864629e+002	  1.0666366645883334e+003	
  9.6000000000000000e+002	 -2.5695869391823732e+002	  1.0684956633719905e+003	
  9.9000000000000000e+002	 -2.5754134013250979e+002	  1.0686737679737980e+003	
  1.0200000000000000e+003	 -2.6588661092371410e+002	  1.0617498473639996e+003	
  1.0500000000000000e+003	 -2.6690847579203552e+002	  1.0633639435996811e+003	
  1.0800000000000000e+003	 -2.7940399599987103e+002	  1.0530225820785961e+003	
  1.1100000000000000e+003	 -2.6890740674835632e+002	  1.0603138591871329e+003	
  1.1400000000000000e+003	 -2.7536134585112273e+002	  1.0560170161971748e+003	
  1.1700000000000000e+003	 -2.6520536000962431e+002	  1.0598351902250060e+003	
  1.2000000000000000e+003	 -2.5499560243490058e+002	  1.0645884301808244e+003	
  1.2300000000000000e+003	 -2.4818315260590933e+002	  1.0667479821578886e+003	
  1.2600000000000000e+003	 -2.5452947963512256e+002	  1.0632637571677369e+003	
  1.2900000000000000e+003	 -2.5154457715926151e+002	  1.0637201601400448e+003	
  1.3200000000000000e+003	 -2.5184932545511330e+002	  1.0628964167696881e+003	
  1.3500000000000000e+003	 -2.4986832456526844e+002	  1.0640763720274424e+003	
  1.3800000000000000e+003	 -2.5282636010971586e+002	  1.0630188663440117e+003	
  1.4100000000000000e+003	 -2.5200170477477212e+002	  1.0623175687294045e+003	
  1.4400000000000000e+003	 -2.5341797270044995e+002	  1.0629075448831143e+003	
  1.4700000000000000e+003	 -2.6211285852120039e+002	  1.0642210887016674e+003	
  1.5000000000000000e+003	 -2.5075576460121812e+002	  1.0650336982462509e+003	
  1.5300000000000000e+003	 -2.5417990403862854e+002	  1.0768333144063579e+003	
  1.5600000000000000e+003	 -2.4753772859024730e+002	  1.0743843365153134e+003	
  1.5900000000000000e+003	 -2.4686544544964440e+002	  1.0702767344122026e+003	
  1.6200000000000000e+003	 -2.4784252014619739e+002	  1.0722359190024849e+003	
  1.6500000000000000e+003	 -2.4889129113737917e+002	  1.0690188575741095e+003	
  1.6800000000000000e+003	 -2.5222580383214211e+002	  1.0651561522803288e+003	
  1.7100000000000000e+003	 -2.5340004373661159e+002	  1.0683398159833371e+003	
  1.7400000000000000e+003	 -2.5875143223959776e+002	  1.0686737679737980e+003	
  1.7700000000000000e+003	 -2.5599058600983574e+002	  1.0720912057945213e+003	
  1.8000000000000000e+003	 -2.5247678759366516e+002	  1.0741839624692068e+003	
  1.8300000000000000e+003	 -2.5897555005136013e+002	  1.0693639371717363e+003	
  1.8600000000000000e+003	 -2.5470876856422259e+002	  1.0674381483770512e+003	
  1.8900000000000000e+003	 -2.5260229323226730e+002	  1.0662470589942723e+003	
  1.9200000000000000e+003	 -2.5916378749359427e+002	  1.0615383456152729e+003	
  1.9500000000000000e+003	 -2.6882674571324208e+002	  1.0636088441405864e+003	
  1.9800000000000000e+003	 -2.6918528535490560e+002	  1.0544919701008316e+003	
  2.0100000000000000e+003	 -2.6917632600644606e+002	  1.0691635684431303e+003	
  2.0400000000000000e+003	 -2.7040436505941875e+002	  1.0693750655553331e+003	
  2.0700000000000000e+003	 -2.7368512316252617e+002	  1.0664029030666197e+003	
  2.1000000000000000e+003	 -2.6904186640404828e+002	  1.0673602286002858e+003	
  2.1300000000000000e+003	 -2.6485575632683310e+002	  1.0667702468180314e+003	
  2.1600000000000000e+003	 -2.6352016699137738e+002	  1.0679168138669697e+003	
  2.1900000000000000e+003	 -2.6300026360464022e+002	  1.0683843503556291e+003	
  2.2200000000000000e+003	 -2.5970159727809244e+002	  1.0692303537436594e+003	
  2.2500000000000000e+003	 -2.6917632600644606e+002	  1.0695977018055823e+003	
  2.2800000000000000e+003	 -2.4031293908293262e+002	  1.0742730198793040e+003	
  2.3100000000000000e+003	 -2.4124515594949156e+002	  1.0702878659639493e+003	
  2.3400000000000000e+003	 -2.1815446748565577e+002	  1.0654789667358439e+003	
  2.3700000000000000e+003	 -2.3721146981771852e+002	  1.0659910332461022e+003	
  2.4000000000000000e+003	 -2.1975898602366186e+002	  1.0771895251379260e+003	
  2.4300000000000000e+003	 -2.1032009299091973e+002	  8.9338273209188526e+002	
  2.4600000000000000e+003	 -2.0332834721853533e+002	  1.0061692247857565e+003	
  2.4900000000000000e+003	 -2.0988984363402952e+002	  1.0383843877254817e+003	
  2.5200000000000000e+003	 -2.1165569931717653e+002	  1.0432600732971705e+003	
  2.5500000000000000e+003	 -2.1104618276824428e+002	  1.0461765849891513e+003	
  2.5800000000000000e+003	 -2.1030218350844052e+002	  1.0498611818920429e+003	
  2.6100000000000000e+003	 -5.8303215847794888e+001	  9.7203939907583901e+002	
  2.6400000000000000e+003	  1.1381031520329951e+002	  8.3299321274456941e+002	
  2.6700000000000000e+003	 -1.6299134507323294e+002	  7.0347575610969784e+002	
  2.7000000000000000e+003	 -7.0117590927926372e+001	  5.3903814578102572e+002	
  2.7300000000000000e+003	  3.5457798297809376e+001	  3.3773229013278518e+002	
  2.7600000000000000e+003	  1.2786553866378368e+002	  2.3673431107758159e+002	
  2.7900000000000000e+003	  1.5334957779039911e+002	  2.2153950311005300e+002	
  2.8200000000000000e+003	  1.6329043446431947e+002	  2.3221482274980559e+002	
  2.8500000000000000e+003	  9.9486177688972262e+001	  2.5317582456091694e+002	
  2.8800000000000000e+003	  9.9486177688972262e+001	  2.5317582456091694e+002	
  2.9100000000000000e+003	  9.9486177688972262e+001	  2.5317582456091694e+002	
  2.9400000000000000e+003	  9.9486177688972262e+001	  2.5317582456091694e+002	
  2.9700000000000000e+003	  9.9486177688972262e+001	  2.5317582456091694e+002	
  3.0000000000000000e+003	  9.9486177688972262e+001	  2.5317582456091694e+002	
  3.0300000000000000e+003	  9.9486177688972262e+001	  2.5317582456091694e+002	
  3.0600000000000000e+003	  9.9486177688972262e+001	  2.5317582456091694e+002	
  3.0900000000000000e+003	  9.9486177688972262e+001	  2.5317582456091694e+002	
  3.1200000000000000e+003	  9.9486177688972262e+001	  2.5317582456091694e+002	
  3.1500000000000000e+003	  9.9486177688972262e+001	  2.5317582456091694e+002	
  3.1800000000000000e+003	  9.9486177688972262e+001	  2.5317582456091694e+002	
  3.2100000000000000e+003	  9.9486177688972262e+001	  2.5317582456091694e+002	
  3.2400000000000000e+003	  9.9486177688972262e+001	  2.5317582456091694e+002	
  3.2700000000000000e+003	  9.9486177688972262e+001	  2.5317582456091694e+002	
  3.3000000000000000e+003	  9.9486177688972262e+001	  2.5317582456091694e+002	
  3.3300000000000000e+003	  9.9486177688972262e+001	  2.5317582456091694e+002	
  3.3600000000000000e+003	  9.9486177688972262e+001	  2.5317582456091694e+002	
  3.3900000000000000e+003	  9.9486177688972262e+001	  2.5317582456091694e+002	
  3.4200000000000000e+003	  9.9486177688972262e+001	  2.5317582456091694e+002	
  3.4500000000000000e+003	  9.9486177688972262e+001	  2.5317582456091694e+002	
  3.4800000000000000e+003	  9.9486177688972262e+001	  2.5317582456091694e+002	
  3.5100000000000000e+003	  1.1073113036995559e+002	  2.4429663086565597e+002	
  3.5400000000000000e+003	  1.4228123485698868e+002	  2.1938416597642254e+002	
  3.5700000000000000e+003	  1.8298387230938596e+002	  1.5688208697222043e+002	
  3.6000000000000000e+003	  1.6964932009597823e+002	  2.5703852342705579e+002	
  3.6300000000000000e+003	  1.7161779338115377e+002	  2.5947636604854404e+002	
  3.6600000000000000e+003	  1.7151023322474717e+002	  2.8034834493885990e+002	
  3.6900000000000000e+003	  1.6865972934669452e+002	  2.5247676489421966e+002	
  3.7200000000000000e+003	  1.5603694683731300e+002	  2.3179403677802043e+002	
  3.7500000000000000e+003	  6.9382259189349085e+001	  2.5236766047248358e+002	
  3.7800000000000000e+003	  5.5805644177119326e+001	  2.8520174361870829e+002	
  3.8100000000000000e+003	  1.1856367389107167e+001	  2.5559586814853628e+002	
  3.8400000000000000e+003	 -9.5113946024481493e+001	  1.6252362898355361e+002	
  3.8700000000000000e+003	 -6.5874057246062875e+001	  2.0449686347302837e+001	
  3.9000000000000000e+003	 -1.8438071462354725e+002	 -9.0030360231761875e+001	
  3.9300000000000000e+003	 -3.1426596149237946e+002	 -1.7315752372291570e+002	
  3.9600000000000000e+003	 -4.2120927765309654e+002	 -1.9536308728472051e+002	
  3.9900000000000000e+003	 -4.4277974029545175e+002	 -1.8501057108704177e+002	
  4.0200000000000000e+003	 -4.6423186979539787e+002	 -1.9209033891202506e+002	
  4.0500000000000000e+003	 -4.8482168684377228e+002	 -2.0639458830009841e+002	
  4.0800000000000000e+003	 -4.7562303586757628e+002	 -2.4666465638523090e+002	
  4.1100000000000000e+003	 -4.6663057646042114e+002	 -2.5662531790302512e+002	
  4.1400000000000000e+003	 -4.6646205397169422e+002	 -2.5958189931344475e+002	
  4.1700000000000000e+003	 -4.7053340713773213e+002	 -2.5978003342323615e+002	
  4.2000000000000000e+003	 -4.8304506214883202e+002	 -2.6187279457236843e+002	
  4.2300000000000000e+003	 -4.7921752150478750e+002	 -2.5984682051179158e+002	
  4.2600000000000000e+003	 -4.7326019559014219e+002	 -2.5577929613125025e+002	
  4.2900000000000000e+003	 -4.7026987195381128e+002	 -2.5280490466304937e+002	
  4.3200000000000000e+003	 -4.7400957046182413e+002	 -2.5440788231194679e+002	
  4.3500000000000000e+003	 -4.7181882011250781e+002	 -2.5816371823310965e+002	
  4.3800000000000000e+003	 -4.7326019444313863e+002	 -2.5145129629594953e+002	
  4.4100000000000000e+003	 -4.6936990495717237e+002	 -2.5560786740254866e+002	
  4.4400000000000000e+003	 -4.6567503442643522e+002	 -2.6165016658764523e+002	
  4.4700000000000000e+003	 -4.6917090951101437e+002	 -2.6340451873711407e+002	
  4.5000000000000000e+003	 -4.7207159787108105e+002	 -2.5705722825821738e+002	
  4.5300000000000000e+003	 -4.7206442046667746e+002	 -2.5457708879372609e+002	
  4.5600000000000000e+003	 -4.7275284258167829e+002	 -2.5569470182116260e+002	
  4.5900000000000000e+003	 -4.7356854978315289e+002	 -2.5428986589109385e+002	
  4.6200000000000000e+003	 -4.7509956154367836e+002	 -2.5291178823089643e+002	
  4.6500000000000000e+003	 -4.7716482057431512e+002	 -2.4954552520600510e+002	
  4.6800000000000000e+003	 -4.7475534758535503e+002	 -2.4469213359382974e+002	
  4.7100000000000000e+003	 -4.7278152476036951e+002	 -2.4716558825445162e+002	
  4.7400000000000000e+003	 -4.7036846769214588e+002	 -2.4952329202654664e+002	
  4.7700000000000000e+003	 -4.6769009774839287e+002	 -2.5459935373182884e+002	
  4.8000000000000000e+003	 -4.5807196058820574e+002	 -2.6081528459370003e+002	
  4.8300000000000000e+003	 -4.6902211717422904e+002	 -2.6955814775070183e+002	
  4.8600000000000000e+003	 -4.7223473807699872e+002	 -2.5659193519922894e+002	
  4.8900000000000000e+003	 -4.7694430266936416e+002	 -2.6198857535435604e+002	
  4.9200000000000000e+003	 -4.7597263177231417e+002	 -2.5664979655577235e+002	
  4.9500000000000000e+003	 -4.7783889287467474e+002	 -2.6260526309082911e+002	
  4.9800000000000000e+003	 -4.7758432642760243e+002	 -2.5963087666460473e+002	
  5.0100000000000000e+003	 -4.7740683787063909e+002	 -2.5856890374104205e+002	
  5.0400000000000000e+003	 -4.8027525546562174e+002	 -2.6998558803577970e+002	
  5.0700000000000000e+003	 -4.8045990382963066e+002	 -2.6662827670389527e+002	
  5.1000000000000000e+003	 -4.7571805692351575e+002	 -2.5651845463376020e+002	
  5.1300000000000000e+003	 -4.6993104436408191e+002	 -2.5417633470233213e+002	
  5.1600000000000000e+003	 -4.6668076530816853e+002	 -2.5506910570507711e+002	
  5.1900000000000000e+003	 -4.7210924154688308e+002	 -2.5826167990680744e+002	
  5.2200000000000000e+003	 -4.8122720221807521e+002	 -2.6486500803247986e+002	
  5.2500000000000000e+003	 -4.7134732346824501e+002	 -2.5010881996254389e+002	
  5.2800000000000000e+003	 -4.6804865233566971e+002	 -2.4765538532260288e+002	
  5.3100000000000000e+003	 -4.6694430639776022e+002	 -2.4711214604930819e+002	
  5.3400000000000000e+003	 -4.6793212028751429e+002	 -2.4829880412156382e+002	
  5.3700000000000000e+003	 -4.6945057610994581e+002	 -2.5106836333259565e+002	
  5.4000000000000000e+003	 -4.7051907446243206e+002	 -2.5390028112191308e+002	
  5.4300000000000000e+003	 -4.7136344957526745e+002	 -2.5102829162022641e+002	
  5.4600000000000000e+003	 -4.7045810944483821e+002	 -2.5022681385549748e+002	
  5.4900000000000000e+003	 -4.6687976525556962e+002	 -2.5192328024659463e+002	
  5.5200000000000000e+003	 -4.6105330965835935e+002	 -2.5557670170974697e+002	
  5.5500000000000000e+003	 -4.6277256437909665e+002	 -2.6547279449276147e+002	
  5.5800000000000000e+003	 -4.6478762066396655e+002	 -2.6196630773393116e+002	
  5.6100000000000000e+003	 -4.8336776327965407e+002	 -2.4176447588714763e+002	
  5.6400000000000000e+003	 -4.8690664980150376e+002	 -2.1872184706967545e+002	
  5.6700000000000000e+003	 -4.7040791617031101e+002	 -1.9850442946896473e+002	
  5.7000000000000000e+003	 -4.5643158852305498e+002	 -1.8459423393494450e+002	
  5.7300000000000000e+003	 -4.4060153919944230e+002	 -1.9551890583954463e+002	
  5.7600000000000000e+003	 -4.2704112400098455e+002	 -2.0128735929909652e+002	
  5.7900000000000000e+003	 -4.2447569731361671e+002	 -1.9955303914836728e+002	
  5.8200000000000000e+003	 -2.6016053622524043e+002	 -1.4577126069949719e+002	
  5.8500000000000000e+003	 -5.3215436611541179e+001	  2.4125406457460507e+001	
  5.8800000000000000e+003	  1.3778128820323275e+002	  1.3466764534415046e+002	
  5.9100000000000000e+003	  1.5753566679663831e+002	  2.3504449361015730e+002	
  5.9400000000000000e+003	  1.4825100800218016e+002	  2.3020444975151275e+002	
  5.9700000000000000e+003	  1.3288277793254684e+002	  2.1211005765511644e+002	
  6.0000000000000000e+003	  1.2342852206051479e+002	  1.6949764164548361e+002	
  6.0300000000000000e+003	  1.2733579113434766e+002	  1.9146607645153892e+002	
  6.0600000000000000e+003	  1.3845714230367258e+002	  1.9366125062056227e+002	
  6.0900000000000000e+003	  1.3478915638076828e+002	  1.6421120089291722e+002	
  6.1200000000000000e+003	  1.1930510862637672e+002	  1.9429799652926377e+002	
  6.1500000000000000e+003	  1.1561207722297652e+002	  2.0117960831215254e+002	
  6.1800000000000000e+003	  1.2672355099706010e+002	  2.2446271189667632e+002	
  6.2100000000000000e+003	  1.4041215398507302e+002	  2.0881038860150755e+002	
  6.2400000000000000e+003	  1.5316133071946973e+002	  2.0319445557533734e+002	
  6.2700000000000000e+003	  1.5316133071946970e+002	  2.0319445557533734e+002	
  6.3000000000000000e+003	  1.5316133071946970e+002	  2.0319445557533734e+002	
  6.3300000000000000e+003	  1.5316133071946970e+002	  2.0319445557533734e+002	
  6.3600000000000000e+003	  1.5316133071946970e+002	  2.0319445557533734e+002	
  6.3900000000000000e+003	  1.5316133071946970e+002	  2.0319445557533734e+002	
  6.4200000000000000e+003	  1.5316133071946970e+002	  2.0319445557533734e+002	
  6.4500000000000000e+003	  1.5316133071946970e+002	  2.0319445557533734e+002	
  6.4800000000000000e+003	  1.5316133071946970e+002	  2.0319445557533734e+002	
  6.5100000000000000e+003	  1.5316133071946970e+002	  2.0319445557533734e+002	
  6.5400000000000000e+003	  1.5316133071946970e+002	  2.0319445557533734e+002	
  6.5700000000000000e+003	  1.5316133071946970e+002	  2.0319445557533734e+002	
  6.6000000000000000e+003	  1.5316133071946970e+002	  2.0319445557533734e+002	
  6.6300000000000000e+003	  1.5316133071946970e+002	  2.0319445557533734e+002	
  6.6600000000000000e+003	  1.5316133071946970e+002	  2.0319445557533734e+002	
  6.6900000000000000e+003	  1.5316133071946970e+002	  2.0319445557533734e+002	
  6.7200000000000000e+003	  1.5316133071946970e+002	  2.0319445557533734e+002	
  6.7500000000000000e+003	  1.5316133071946970e+002	  2.0319445557533734e+002	
  6.7800000000000000e+003	  1.5316133071946970e+002	  2.0319445557533734e+002	
  6.8100000000000000e+003	  1.5316133071946970e+002	  2.0319445557533734e+002	
  6.8400000000000000e+003	  1.5316133071946970e+002	  2.0319445557533734e+002	
  6.8700000000000000e+003	  1.5316133071946970e+002	  2.0319445557533734e+002	
  6.9000000000000000e+003	  1.5316133071946970e+002	  2.0319445557533734e+002	
  6.9300000000000000e+003	  1.5316133071946970e+002	  2.0319445557533734e+002	
  6.9600000000000000e+003	  1.5316133071946970e+002	  2.0319445557533734e+002	
  6.9900000000000000e+003	  1.5316133071946970e+002	  2.0319445557533734e+002	
  7.0200000000000000e+003	  1.5316133071946970e+002	  2.0319445557533734e+002	
  7.0500000000000000e+003	  1.5316133071946970e+002	  2.0319445557533734e+002	
  7.0800000000000000e+003	  1.5316133071946970e+002	  2.0319445557533734e+002	
  7.1100000000000000e+003	  1.5316133071946970e+002	  2.0319445557533734e+002	
  7.1400000000000000e+003	  1.5316133071946970e+002	  2.0319445557533734e+002	
  7.1700000000000000e+003	  1.5316133071946970e+002	  2.0319445557533734e+002	
  7.2000000000000000e+003	  1.5316133071946970e+002	  2.0319445557533734e+002	
  7.2300000000000000e+003	  1.5316133071946970e+002	  2.0319445557533734e+002	
  7.2600000000000000e+003	  1.5316133071946970e+002	  2.0319445557533734e+002	
  7.2900000000000000e+003	  1.5316133071946970e+002	  2.0319445557533734e+002	
  7.3200000000000000e+003	  1.5316133071946970e+002	  2.0319445557533734e+002	
  7.3500000000000000e+003	  1.5316133071946970e+002	  2.0319445557533734e+002	
  7.3800000000000000e+003	  1.5316133071946970e+002	  2.0319445557533734e+002	
  7.4100000000000000e+003	  1.5316133071946970e+002	  2.0319445557533734e+002	
  7.4400000000000000e+003	  1.5316133071946970e+002	  2.0319445557533734e+002	
  7.4700000000000000e+003	  1.5316133071946970e+002	  2.0319445557533734e+002	
  7.5000000000000000e+003	  1.5316133071946970e+002	  2.0319445557533734e+002	
  7.5300000000000000e+003	  1.5316133071946970e+002	  2.0319445557533734e+002	
  7.5600000000000000e+003	  1.5316133071946970e+002	  2.0319445557533734e+002	
  7.5900000000000000e+003	  1.5316133071946970e+002	  2.0319445557533734e+002	
  7.6200000000000000e+003	  1.5316133071946970e+002	  2.0319445557533734e+002	
  7.6500000000000000e+003	  1.5316133071946970e+002	  2.0319445557533734e+002	
  7.6800000000000000e+003	  1.5316133071946970e+002	  2.0319445557533734e+002	
  7.7100000000000000e+003	  1.5316133071946970e+002	  2.0319445557533734e+002	
  7.7400000000000000e+003	  1.5316133071946970e+002	  2.0319445557533734e+002	
  7.7700000000000000e+003	  1.5316133071946970e+002	  2.0319445557533734e+002	
  7.8000000000000000e+003	  1.5316133071946970e+002	  2.0319445557533734e+002	
  7.8300000000000000e+003	  1.5316133071946970e+002	  2.0319445557533734e+002	
  7.8600000000000000e+003	  1.5316133071946970e+002	  2.0319445557533734e+002	
  7.8900000000000000e+003	  1.5316133071946970e+002	  2.0319445557533734e+002	
  7.9200000000000000e+003	  1.5316133071946970e+002	  2.0319445557533734e+002	
  7.9500000000000000e+003	  1.5316133071946970e+002	  2.0319445557533734e+002	
  7.9800000000000000e+003	  1.5316133071946970e+002	  2.0319445557533734e+002	
  8.0100000000000000e+003	  1.5316133071946970e+002	  2.0319445557533734e+002	
  8.0400000000000000e+003	  1.5316133071946970e+002	  2.0319445557533734e+002	
  8.0700000000000000e+003	  1.5316133071946970e+002	  2.0319445557533734e+002	
  8.1000000000000000e+003	  1.5316133071946970e+002	  2.0319445557533734e+002	
  8.1300000000000000e+003	  1.5316133071946970e+002	  2.0319445557533734e+002	
  8.1600000000000000e+003	  1.5316133071946970e+002	  2.0319445557533734e+002	
  8.1900000000000000e+003	  1.5316133071946970e+002	  2.0319445557533734e+002	
  8.2200000000000000e+003	  1.5316133071946970e+002	  2.0319445557533734e+002	
  8.2500000000000000e+003	  1.5316133071946970e+002	  2.0319445557533734e+002	
  8.2800000000000000e+003	  1.5316133071946970e+002	  2.0319445557533734e+002	
  8.3100000000000000e+003	  1.5316133071946970e+002	  2.0319445557533734e+002	
  8.3400000000000000e+003	  1.5316133071946970e+002	  2.0319445557533734e+002	
  8.3700000000000000e+003	  1.5316133071946970e+002	  2.0319445557533734e+002	
  8.4000000000000000e+003	  1.5316133071946970e+002	  2.0319445557533734e+002	
  8.4300000000000000e+003	  1.5316133071946970e+002	  2.0319445557533734e+002	
  8.4600000000000000e+003	  1.5316133071946970e+002	  2.0319445557533734e+002	
  8.4900000000000000e+003	  1.5316133071946970e+002	  2.0319445557533734e+002	
  8.5200000000000000e+003	  1.5316133071946970e+002	  2.0319445557533734e+002	
  8.5500000000000000e+003	  1.5316133071946970e+002	  2.0319445557533734e+002	
  8.5800000000000000e+003	  1.5316133071946970e+002	  2.0319445557533734e+002	
  8.6100000000000000e+003	  1.5316133071946970e+002	  2.0319445557533734e+002	
  8.6400000000000000e+003	  1.5316133071946970e+002	  2.0319445557533734e+002	
  8.6700000000000000e+003	  1.5316133071946970e+002	  2.0319445557533734e+002	
  8.7000000000000000e+003	  1.5316133071946970e+002	  2.0319445557533734e+002	
  8.7300000000000000e+003	  1.5316133071946970e+002	  2.0319445557533734e+002	
  8.7600000000000000e+003	  1.5316133071946970e+002	  2.0319445557533734e+002	
  8.7900000000000000e+003	  1.5316133071946970e+002	  2.0319445557533734e+002	
  8.8200000000000000e+003	  1.5316133071946970e+002	  2.0319445557533734e+002	
  8.8500000000000000e+003	  1.5316133071946970e+002	  2.0319445557533734e+002	
  8.8800000000000000e+003	  1.5316133071946970e+002	  2.0319445557533734e+002	
  8.9100000000000000e+003	  1.5316133071946970e+002	  2.0319445557533734e+002	
  8.9400000000000000e+003	  1.5316133071946970e+002	  2.0319445557533734e+002	
  8.9700000000000000e+003	  1.5316133071946970e+002	  2.0319445557533734e+002	
  9.0000000000000000e+003	  1.5316133071946970e+002	  2.0319445557533734e+002	
  9.0300000000000000e+003	  1.5316133071946970e+002	  2.0319445557533734e+002	
  9.0600000000000000e+003	  1.5316133071946970e+002	  2.0319445557533734e+002	
  9.0900000000000000e+003	  1.5316133071946970e+002	  2.0319445557533734e+002	
  9.1200000000000000e+003	  1.5316133071946970e+002	  2.0319445557533734e+002	
  9.1500000000000000e+003	  1.5316133071946970e+002	  2.0319445557533734e+002	
  9.1800000000000000e+003	  1.5316133071946970e+002	  2.0319445557533734e+002	
  9.2100000000000000e+003	  1.5316133071946970e+002	  2.0319445557533734e+002	
  9.2400000000000000e+003	  1.5316133071946970e+002	  2.0319445557533734e+002	
  9.2700000000000000e+003	  1.5316133071946970e+002	  2.0319445557533734e+002	
  9.3000000000000000e+003	  1.5316133071946970e+002	  2.0319445557533734e+002	
  9.3300000000000000e+003	  1.5316133071946970e+002	  2.0319445557533734e+002	
  9.3600000000000000e+003	  1.5316133071946970e+002	  2.0319445557533734e+002	
  9.3900000000000000e+003	  1.5316133071946970e+002	  2.0319445557533734e+002	
  9.4200000000000000e+003	  1.5316133071946970e+002	  2.0319445557533734e+002	
  9.4500000000000000e+003	  1.5316133071946970e+002	  2.0319445557533734e+002	
  9.4800000000000000e+003	  1.5316133071946970e+002	  2.0319445557533734e+002	
  9.5100000000000000e+003	  1.5316133071946970e+002	  2.0319445557533734e+002	
  9.5400000000000000e+003	  1.5316133071946970e+002	  2.0319445557533734e+002	
  9.5700000000000000e+003	  1.5316133071946970e+002	  2.0319445557533734e+002	
  9.6000000000000000e+003	  1.5316133071946970e+002	  2.0319445557533734e+002	
  9.6300000000000000e+003	  1.5316133071946970e+002	  2.0319445557533734e+002	
  9.6600000000000000e+003	  1.5316133071946970e+002	  2.0319445557533734e+002	
  9.6900000000000000e+003	  1.5316133071946970e+002	  2.0319445557533734e+002	
  9.7200000000000000e+003	  1.5316133071946970e+002	  2.0319445557533734e+002	
  9.7500000000000000e+003	  1.5316133071946970e+002	  2.0319445557533734e+002	
  9.7800000000000000e+003	  1.5316133071946970e+002	  2.0319445557533734e+002	
  9.8100000000000000e+003	  1.5316133071946970e+002	  2.0319445557533734e+002	
  9.8400000000000000e+003	  1.5316133071946970e+002	  2.0319445557533734e+002	
  9.8700000000000000e+003	  1.5316133071946970e+002	  2.0319445557533734e+002	
  9.9000000000000000e+003	  1.5316133071946970e+002	  2.0319445557533734e+002	
  9.9300000000000000e+003	  1.5316133071946970e+002	  2.0319445557533734e+002	
  9.9600000000000000e+003	  1.5316133071946970e+002	  2.0319445557533734e+002	
  9.9900000000000000e+003	  1.5316133071946970e+002	  2.0319445557533734e+002	
  1.0020000000000000e+004	  1.5316133071946970e+002	  2.0319445557533734e+002	
  1.0050000000000000e+004	  1.5316133071946970e+002	  2.0319445557533734e+002	
  1.0080000000000000e+004	  1.5316133071946970e+002	  2.0319445557533734e+002	
  1.0110000000000000e+004	  1.5316133071946970e+002	  2.0319445557533734e+002	
  1.0140000000000000e+004	  1.5316133071946970e+002	  2.0319445557533734e+002	
  1.0170000000000000e+004	  1.5316133071946970e+002	  2.0319445557533734e+002	
  1.0200000000000000e+004	  1.5316133071946970e+002	  2.0319445557533734e+002	
  1.0230000000000000e+004	  1.5316133071946970e+002	  2.0319445557533734e+002	
  1.0260000000000000e+004	  1.5316133071946970e+002	  2.0319445557533734e+002	
  1.0290000000000000e+004	  1.4120077877754946e+002	  2.1582931767555195e+002	
  1.0320000000000000e+004	  1.1356479184077190e+002	  2.4502336203446615e+002	
  1.0350000000000000e+004	  8.5928804903994319e+001	  2.7421740639338032e+002	
  1.0380000000000000e+004	  5.9735429553978655e+001	  3.0094422077102001e+002	
  1.0410000000000000e+004	  7.8743970037257071e+001	  3.0934644308002908e+002	
  1.0440000000000000e+004	  7.8059979151243795e+001	  3.0880111980170943e+002	
  1.0470000000000000e+004	  6.7800115861044475e+001	  3.0062127062691462e+002	
  1.0500000000000000e+004	  5.7540252570845162e+001	  2.9244142145211987e+002	
  1.0530000000000000e+004	  3.8386311183037527e+001	  2.8403515298527714e+002	
  1.0560000000000000e+004	 -1.5522692222713465e+001	  2.5348751126339488e+002	
  1.0590000000000000e+004	  1.1723921535757299e+001	  2.6230048525376162e+002	
  1.0620000000000000e+004	  2.1182281596111757e+001	  2.8983811245494945e+002	
  1.0650000000000000e+004	  3.0924908365590646e+001	  2.9829710692393166e+002	
  1.0680000000000000e+004	  3.7589504595148085e+001	  2.9497985356552016e+002	
  1.0710000000000000e+004	  2.5855827929450083e+001	  2.9255424947740386e+002	
  1.0740000000000000e+004	  5.8892782334513164e+001	  3.0043884739616897e+002	
  1.0770000000000000e+004	  5.9219963914890513e+001	  2.9543514311086767e+002	
  1.0800000000000000e+004	  5.3520823262425608e+001	  2.9918540797491630e+002	
  1.0830000000000000e+004	  4.7204095491247728e+001	  3.0696982618313285e+002	
  1.0860000000000000e+004	  3.2610991437339145e+001	  2.8963885258942247e+002	
  1.0890000000000000e+004	  4.3474218286598315e+001	  2.8038616851978588e+002	
  1.0920000000000000e+004	  4.9522110179162539e+001	  2.7735388887750770e+002	
  1.0950000000000000e+004	  4.9522110179162539e+001	  2.7735388887750770e+002	
  1.0980000000000000e+004	  4.9522110179162539e+001	  2.7735388887750770e+002	
  1.1010000000000000e+004	  4.9522110179162539e+001	  2.7735388887750770e+002	
  1.1040000000000000e+004	  4.9522110179162539e+001	  2.7735388887750770e+002	
  1.1070000000000000e+004	  4.9522110179162539e+001	  2.7735388887750770e+002	
  1.1100000000000000e+004	  4.9522110179162539e+001	  2.7735388887750770e+002	
  1.1130000000000000e+004	  4.9522110179162539e+001	  2.7735388887750770e+002	
  1.1160000000000000e+004	  4.9522110179162539e+001	  2.7735388887750770e+002	
  1.1190000000000000e+004	  4.9522110179162539e+001	  2.7735388887750770e+002	
  1.1220000000000000e+004	  4.9522110179162539e+001	  2.7735388887750770e+002	
  1.1250000000000000e+004	  4.9522110179162539e+001	  2.7735388887750770e+002	
  1.1280000000000000e+004	  4.9522110179162539e+001	  2.7735388887750770e+002	
  1.1310000000000000e+004	  4.9522110179162539e+001	  2.7735388887750770e+002	
  1.1340000000000000e+004	  4.9522110179162539e+001	  2.7735388887750770e+002	
  1.1370000000000000e+004	  4.9522110179162539e+001	  2.7735388887750770e+002	
  1.1400000000000000e+004	  4.9522110179162539e+001	  2.7735388887750770e+002	
  1.1430000000000000e+004	  4.9522110179162539e+001	  2.7735388887750770e+002	
  1.1460000000000000e+004	  4.9522110179162539e+001	  2.7735388887750770e+002	
  1.1490000000000000e+004	  4.9522110179162539e+001	  2.7735388887750770e+002	
  1.1520000000000000e+004	  4.9522110179162539e+001	  2.7735388887750770e+002	
  1.1550000000000000e+004	  4.9522110179162539e+001	  2.7735388887750770e+002	
  1.1580000000000000e+004	  4.9522110179162539e+001	  2.7735388887750770e+002	
  1.1610000000000000e+004	  3.5916029169220458e+001	  2.6318750772297022e+002	
  1.1640000000000000e+004	  8.0694818505064791e+000	  2.3419423604786309e+002	
  1.1670000000000000e+004	  1.1111914342374098e+001	  2.4447083525527279e+002	
  1.1700000000000000e+004	  5.1051474683185205e+001	  2.4267469185081987e+002	
  1.1730000000000000e+004	  1.1411393837920275e+002	  2.3983867594905217e+002	
  1.1760000000000000e+004	  1.6924240399246929e+002	  2.5054873727206547e+002	
  1.1790000000000000e+004	  1.6685264037245895e+002	  2.2623486846895753e+002	
  1.1820000000000000e+004	  1.6884796440746177e+002	  2.4336880099863691e+002	
  1.1850000000000000e+004	  1.6884796440746177e+002	  2.4336880099863694e+002	
  1.1880000000000000e+004	  1.6884796440746177e+002	  2.4336880099863694e+002	
  1.1910000000000000e+004	  1.6884796440746177e+002	  2.4336880099863694e+002	
  1.1940000000000000e+004	  1.6884796440746177e+002	  2.4336880099863694e+002	
  1.1970000000000000e+004	  1.6884796440746177e+002	  2.4336880099863694e+002	
  1.2000000000000000e+004	  1.6884796440746177e+002	  2.4336880099863694e+002	
  1.2030000000000000e+004	  1.6884796440746177e+002	  2.4336880099863694e+002	
  1.2060000000000000e+004	  1.6884796440746177e+002	  2.4336880099863694e+002	
  1.2090000000000000e+004	  1.6884796440746177e+002	  2.4336880099863694e+002	
  1.2120000000000000e+004	  1.6884796440746177e+002	  2.4336880099863694e+002	
  1.2150000000000000e+004	  1.6884796440746177e+002	  2.4336880099863694e+002	
  1.2180000000000000e+004	  1.6884796440746177e+002	  2.4336880099863694e+002	
  1.2210000000000000e+004	  1.6884796440746177e+002	  2.4336880099863694e+002	
  1.2240000000000000e+004	  1.6884796440746177e+002	  2.4336880099863694e+002	
  1.2270000000000000e+004	  1.6884796440746177e+002	  2.4336880099863694e+002	
  1.2300000000000000e+004	  1.6884796440746177e+002	  2.4336880099863694e+002	
  1.2330000000000000e+004	  1.6884796440746177e+002	  2.4336880099863694e+002	
  1.2360000000000000e+004	  1.6884796440746177e+002	  2.4336880099863694e+002	
  1.2390000000000000e+004	  1.6884796440746177e+002	  2.4336880099863694e+002	
  1.2420000000000000e+004	  1.6884796440746177e+002	  2.4336880099863694e+002	
  1.2450000000000000e+004	  1.6884796440746177e+002	  2.4336880099863694e+002	
  1.2480000000000000e+004	  1.6884796440746177e+002	  2.4336880099863694e+002	
  1.2510000000000000e+004	  1.6884796440746177e+002	  2.4336880099863694e+002	
  1.2540000000000000e+004	  1.6884796440746177e+002	  2.4336880099863694e+002	
  1.2570000000000000e+004	  1.6884796440746177e+002	  2.4336880099863694e+002	
  1.2600000000000000e+004	  1.6884796440746177e+002	  2.4336880099863694e+002	
  1.2630000000000000e+004	  1.6884796440746177e+002	  2.4336880099863694e+002	
  1.2660000000000000e+004	  1.6884796440746177e+002	  2.4336880099863694e+002	
  1.2690000000000000e+004	  1.6884796440746177e+002	  2.4336880099863694e+002	
  1.2720000000000000e+004	  1.6884796440746177e+002	  2.4336880099863694e+002	
  1.2750000000000000e+004	  1.6884796440746177e+002	  2.4336880099863694e+002	
  1.2780000000000000e+004	  1.6884796440746177e+002	  2.4336880099863694e+002	
  1.2810000000000000e+004	  1.6884796440746177e+002	  2.4336880099863694e+002	
  1.2840000000000000e+004	  1.6884796440746177e+002	  2.4336880099863694e+002	
  1.2870000000000000e+004	  1.6884796440746177e+002	  2.4336880099863694e+002	
  1.2900000000000000e+004	  1.6884796440746177e+002	  2.4336880099863694e+002	
  1.2930000000000000e+004	  1.6884796440746177e+002	  2.4336880099863694e+002	
  1.2960000000000000e+004	  1.6884796440746177e+002	  2.4336880099863694e+002	
  1.2990000000000000e+004	  1.6884796440746177e+002	  2.4336880099863694e+002	
  1.3020000000000000e+004	  1.6884796440746177e+002	  2.4336880099863694e+002	
  1.3050000000000000e+004	  1.6884796440746177e+002	  2.4336880099863694e+002	
  1.3080000000000000e+004	  1.6884796440746177e+002	  2.4336880099863694e+002	
  1.3110000000000000e+004	  1.6884796440746177e+002	  2.4336880099863694e+002	
  1.3140000000000000e+004	  1.6884796440746177e+002	  2.4336880099863694e+002	
  1.3170000000000000e+004	  1.6884796440746177e+002	  2.4336880099863694e+002	
  1.3200000000000000e+004	  1.6884796440746177e+002	  2.4336880099863694e+002	
  1.3230000000000000e+004	  1.6884796440746177e+002	  2.4336880099863694e+002	
  1.3260000000000000e+004	  1.6884796440746177e+002	  2.4336880099863694e+002	
  1.3290000000000000e+004	  1.6884796440746177e+002	  2.4336880099863694e+002	
  1.3320000000000000e+004	  1.6884796440746177e+002	  2.4336880099863694e+002	
  1.3350000000000000e+004	  1.6884796440746177e+002	  2.4336880099863694e+002	
  1.3380000000000000e+004	  1.6884796440746177e+002	  2.4336880099863694e+002	
  1.3410000000000000e+004	  1.6884796440746177e+002	  2.4336880099863694e+002	
  1.3440000000000000e+004	  1.6884796440746177e+002	  2.4336880099863694e+002	
  1.3470000000000000e+004	  1.6884796440746177e+002	  2.4336880099863694e+002	
  1.3500000000000000e+004	  1.6884796440746177e+002	  2.4336880099863694e+002	
  1.3530000000000000e+004	  1.6884796440746177e+002	  2.4336880099863694e+002	
  1.3560000000000000e+004	  1.6884796440746177e+002	  2.4336880099863694e+002	
  1.3590000000000000e+004	  1.6884796440746177e+002	  2.4336880099863694e+002	
  1.3620000000000000e+004	  1.6884796440746177e+002	  2.4336880099863694e+002	
  1.3650000000000000e+004	  1.6884796440746177e+002	  2.4336880099863694e+002	
  1.3680000000000000e+004	  1.6884796440746177e+002	  2.4336880099863694e+002	
  1.3710000000000000e+004	  1.6884796440746177e+002	  2.4336880099863694e+002	
  1.3740000000000000e+004	  1.6884796440746177e+002	  2.4336880099863694e+002	
  1.3770000000000000e+004	  1.6884796440746177e+002	  2.4336880099863694e+002	
  1.3800000000000000e+004	  1.6884796440746177e+002	  2.4336880099863694e+002	
  1.3830000000000000e+004	  1.6884796440746177e+002	  2.4336880099863694e+002	
  1.3860000000000000e+004	  1.6884796440746177e+002	  2.4336880099863694e+002	
  1.3890000000000000e+004	  1.6884796440746177e+002	  2.4336880099863694e+002	
  1.3920000000000000e+004	  1.6884796440746177e+002	  2.4336880099863694e+002	
  1.3950000000000000e+004	  1.6884796440746177e+002	  2.4336880099863694e+002	
  1.3980000000000000e+004	  1.6884796440746177e+002	  2.4336880099863694e+002	
  1.4010000000000000e+004	  1.6884796440746177e+002	  2.4336880099863694e+002	
  1.4040000000000000e+004	  1.6884796440746177e+002	  2.4336880099863694e+002	
  1.4070000000000000e+004	  1.6884796440746177e+002	  2.4336880099863694e+002	
  1.4100000000000000e+004	  1.6884796440746177e+002	  2.4336880099863694e+002	
  1.4130000000000000e+004	  1.6884796440746177e+002	  2.4336880099863694e+002	
  1.4160000000000000e+004	  1.6884796440746177e+002	  2.4336880099863694e+002	
  1.4190000000000000e+004	  1.6884796440746177e+002	  2.4336880099863694e+002	
  1.4220000000000000e+004	  1.6884796440746177e+002	  2.4336880099863694e+002	
  1.4250000000000000e+004	  1.6884796440746177e+002	  2.4336880099863694e+002	
  1.4280000000000000e+004	  1.8332899121906934e+002	  2.6652274659708621e+002	
  1.4310000000000000e+004	  1.7423968775948816e+002	  2.7352457988898504e+002	
  1.4340000000000000e+004	  1.6843565626982010e+002	  2.7099770003412874e+002	
  1.4370000000000000e+004	  1.2223184095047409e+002	  1.2878453145792778e+002	
  1.4400000000000000e+004	  1.2505094320947100e+002	  1.1346730090876466e+002	
  1.4430000000000000e+004	 -8.7368353211942292e+001	  1.2665279916926499e+002	
  1.4460000000000000e+004	 -2.6062487587613225e+002	  4.3152808208053358e+002	
  1.4490000000000000e+004	 -3.8817504070242711e+002	  6.7454444690357445e+002	
  1.4520000000000000e+004	 -3.5723207761340899e+002	  8.5743843957192325e+002	
  1.4550000000000000e+004	 -3.4916914662334131e+002	  8.3844217857735532e+002	
  1.4580000000000000e+004	 -3.5686902994379045e+002	  8.3622696867468221e+002	
  1.4610000000000000e+004	 -3.4679373904689589e+002	  8.2668709134819505e+002	
  1.4640000000000000e+004	 -3.4968456233225777e+002	  8.4814903099191054e+002	
  1.4670000000000000e+004	 -3.5978673586995671e+002	  8.5377610976721257e+002	
  1.4700000000000000e+004	 -4.4501441529047571e+002	  9.1986507058409973e+002	
  1.4730000000000000e+004	 -4.4622900246121191e+002	  9.3410252667353939e+002	
  1.4760000000000000e+004	 -4.4185915597291188e+002	  9.3960716225031103e+002	
  1.4790000000000000e+004	 -4.8128188775101916e+002	  9.4660343761492550e+002	
  1.4820000000000000e+004	 -4.6057105788484444e+002	  9.4706540206702016e+002	
  1.4850000000000000e+004	 -6.4768571744379994e+002	  8.4364756575868114e+002	
  1.4880000000000000e+004	 -1.7928548422557762e+003	  2.2016837466896590e+002	
  1.4910000000000000e+004	 -2.9380239670677524e+003	 -4.0331081642074957e+002	
  1.4940000000000000e+004	 -4.0831930918797284e+003	 -1.0267900075104651e+003	
  1.4970000000000000e+004	 -5.2283622166917048e+003	 -1.6502691986001803e+003	
  1.5000000000000000e+004	 -6.3735313415036817e+003	 -2.2737483896898957e+003	
  1.5030000000000000e+004	 -7.5187004663156576e+003	 -2.8972275807796109e+003	
  1.5060000000000000e+004	 -8.6638695911276336e+003	 -3.5207067718693261e+003	
  1.5090000000000000e+004	 -9.8090387159396105e+003	 -4.1441859629590417e+003	
  1.5120000000000000e+004	 -1.0954207840751586e+004	 -4.7676651540487564e+003	
  1.5150000000000000e+004	 -1.2099376965563562e+004	 -5.3911443451384721e+003	
  1.5180000000000000e+004	 -1.3244546090375537e+004	 -6.0146235362281877e+003	
  1.5210000000000000e+004	 -1.4389715215187516e+004	 -6.6381027273179034e+003	
  1.5240000000000000e+004	 -1.5534884339999493e+004	 -7.2615819184076199e+003	
  1.5270000000000000e+004	 -1.6680053464811466e+004	 -7.8850611094973347e+003	
  1.5300000000000000e+004	 -1.7825222589623445e+004	 -8.5085403005870485e+003	
  1.5330000000000000e+004	 -1.8970391714435420e+004	 -9.1320194916767650e+003	
  1.5360000000000000e+004	 -2.0115560839247399e+004	 -9.7554986827664798e+003	
  1.5390000000000000e+004	 -2.1260729964059370e+004	 -1.0378977873856196e+004	
  1.5420000000000000e+004	 -2.2405899088871349e+004	 -1.1002457064945911e+004	
  1.5450000000000000e+004	 -2.3407164805780649e+004	 -1.1521998180999371e+004	
  1.5480000000000000e+004	 -2.3805534874555193e+004	 -1.1700766917317058e+004	
  1.5510000000000000e+004	 -2.3623355378204131e+004	 -1.1602279495620411e+004	
  1.5540000000000000e+004	 -2.3441175881853069e+004	 -1.1503792073923769e+004	
  1.5570000000000000e+004	 -2.3258996385502007e+004	 -1.1405304652227125e+004	
  1.5600000000000000e+004	 -2.3076816889150945e+004	 -1.1306817230530483e+004	
  1.5630000000000000e+004	 -2.2894637392799883e+004	 -1.1208329808833838e+004	
  1.5660000000000000e+004	 -2.2712457896448821e+004	 -1.1109842387137192e+004	
  1.5690000000000000e+004	 -2.2530278400097759e+004	 -1.1011354965440551e+004	
  1.5720000000000000e+004	 -2.2348098903746693e+004	 -1.0912867543743907e+004	
  1.5750000000000000e+004	 -2.2165919407395631e+004	 -1.0814380122047261e+004	
  1.5780000000000000e+004	 -2.1983739911044569e+004	 -1.0715892700350620e+004	
  1.5810000000000000e+004	 -2.1801560414693507e+004	 -1.0617405278653974e+004	
  1.5840000000000000e+004	 -2.1619380918342442e+004	 -1.0518917856957331e+004	
  1.5870000000000000e+004	 -2.1437201421991384e+004	 -1.0420430435260689e+004	
  1.5900000000000000e+004	 -2.1255021925640322e+004	 -1.0321943013564043e+004	
  1.5930000000000000e+004	 -2.1072842429289260e+004	 -1.0223455591867400e+004	
  1.5960000000000000e+004	 -2.0890662932938198e+004	 -1.0124968170170756e+004	
  1.5990000000000000e+004	 -2.0708483436587132e+004	 -1.0026480748474112e+004	
  1.6020000000000000e+004	 -2.0526303940236070e+004	 -9.9279933267774686e+003	
  1.6050000000000000e+004	 -2.0344124443885008e+004	 -9.8295059050808250e+003	
  1.6080000000000000e+004	 -2.0161944947533946e+004	 -9.7310184833841813e+003	
  1.6110000000000000e+004	 -1.9979765451182884e+004	 -9.6325310616875395e+003	
  1.6140000000000000e+004	 -1.9797585954831822e+004	 -9.5340436399908922e+003	
  1.6170000000000000e+004	 -1.9615406458480760e+004	 -9.4355562182942485e+003	
  1.6200000000000000e+004	 -1.9433226962129698e+004	 -9.3370687965976067e+003	
  1.6230000000000000e+004	 -1.9251047465778633e+004	 -9.2385813749009631e+003	
  1.6260000000000000e+004	 -1.9068867969427571e+004	 -9.1400939532043176e+003	
  1.6290000000000000e+004	 -1.8886688473076509e+004	 -9.0416065315076739e+003	
  1.6320000000000000e+004	 -1.8704508976725447e+004	 -8.9431191098110303e+003	
  1.6350000000000000e+004	 -1.8522329480374388e+004	 -8.8446316881143866e+003	
  1.6380000000000000e+004	 -1.8340149984023323e+004	 -8.7461442664177430e+003	
  1.6410000000000000e+004	 -1.8157970487672261e+004	 -8.6476568447210993e+003	
  1.6440000000000000e+004	 -1.7975790991321199e+004	 -8.5491694230244539e+003	
  1.6470000000000000e+004	 -1.7793611494970137e+004	 -8.4506820013278120e+003	
  1.6500000000000000e+004	 -1.7611431998619071e+004	 -8.3521945796311666e+003	
  1.6530000000000000e+004	 -1.7429252502268013e+004	 -8.2537071579345247e+003	
  1.6560000000000000e+004	 -1.7247073005916951e+004	 -8.1552197362378802e+003	
  1.6590000000000000e+004	 -1.7064893509565889e+004	 -8.0567323145412374e+003	
  1.6620000000000000e+004	 -1.6882714013214827e+004	 -7.9582448928445920e+003	
  1.6650000000000000e+004	 -1.6700534516863761e+004	 -7.8597574711479492e+003	
  1.6680000000000000e+004	 -1.6518355020512703e+004	 -7.7612700494513056e+003	
  1.6710000000000000e+004	 -1.6336175524161639e+004	 -7.6627826277546610e+003	
  1.6740000000000000e+004	 -1.6153996027810575e+004	 -7.5642952060580174e+003	
  1.6770000000000000e+004	 -1.5971816531459513e+004	 -7.4658077843613746e+003	
  1.6800000000000000e+004	 -1.5789637035108452e+004	 -7.3673203626647301e+003	
  1.6830000000000000e+004	 -1.5607457538757390e+004	 -7.2688329409680864e+003	
  1.6860000000000000e+004	 -1.5425278042406326e+004	 -7.1703455192714418e+003	
  1.6890000000000000e+004	 -1.5243098546055264e+004	 -7.0718580975747991e+003	
  1.6920000000000000e+004	 -1.5060919049704202e+004	 -6.9733706758781545e+003	
  1.6950000000000000e+004	 -1.4878739553353140e+004	 -6.8748832541815109e+003	
  1.6980000000000000e+004	 -1.4696560057002078e+004	 -6.7763958324848672e+003	
  1.7010000000000000e+004	 -1.4514380560651014e+004	 -6.6779084107882227e+003	
  1.7040000000000000e+004	 -1.4332201064299954e+004	 -6.5794209890915790e+003	
  1.7070000000000000e+004	 -1.4150021567948890e+004	 -6.4809335673949363e+003	
  1.7100000000000000e+004	 -1.3967842071597828e+004	 -6.3824461456982917e+003	
  1.7130000000000000e+004	 -1.3785662575246764e+004	 -6.2839587240016481e+003	
  1.7160000000000000e+004	 -1.3603483078895704e+004	 -6.1854713023050035e+003	
  1.7190000000000000e+004	 -1.3421303582544640e+004	 -6.0869838806083608e+003	
  1.7220000000000000e+004	 -1.3239124086193578e+004	 -5.9884964589117162e+003	
  1.7250000000000000e+004	 -1.3056944589842515e+004	 -5.8900090372150726e+003	
  1.7280000000000000e+004	 -1.2874765093491455e+004	 -5.7915216155184289e+003	
  1.7310000000000000e+004	 -1.2692585597140391e+004	 -5.6930341938217862e+003	
  1.7340000000000000e+004	 -1.2510406100789329e+004	 -5.5945467721251407e+003	
  1.7370000000000000e+004	 -1.2328226604438267e+004	 -5.4960593504284980e+003	
  1.7400000000000000e+004	 -1.2146047108087203e+004	 -5.3975719287318543e+003	
  1.7430000000000000e+004	 -1.1963867611736143e+004	 -5.2990845070352098e+003	
  1.7460000000000000e+004	 -1.1781688115385079e+004	 -5.2005970853385670e+003	
  1.7490000000000000e+004	 -1.1599508619034017e+004	 -5.1021096636419225e+003	
  1.7520000000000000e+004	 -1.1417329122682953e+004	 -5.0036222419452797e+003	
  1.7550000000000000e+004	 -1.1235149626331893e+004	 -4.9051348202486342e+003	
  1.7580000000000000e+004	 -1.1052970129980829e+004	 -4.8066473985519915e+003	
  1.7610000000000000e+004	 -1.0870790633629767e+004	 -4.7081599768553478e+003	
  1.7640000000000000e+004	 -1.0688611137278704e+004	 -4.6096725551587033e+003	
  1.7670000000000000e+004	 -1.0506431640927643e+004	 -4.5111851334620596e+003	
  1.7700000000000000e+004	 -1.0324252144576580e+004	 -4.4126977117654160e+003	
  1.7730000000000000e+004	 -1.0142072648225518e+004	 -4.3142102900687723e+003	
  1.7760000000000000e+004	 -9.9598931518744557e+003	 -4.2157228683721287e+003	
  1.7790000000000000e+004	 -9.7777136555233938e+003	 -4.1172354466754841e+003	
  1.7820000000000000e+004	 -9.5955341591723318e+003	 -4.0187480249788409e+003	
  1.7850000000000000e+004	 -9.4133546628212680e+003	 -3.9202606032821977e+003	
  1.7880000000000000e+004	 -9.2311751664702060e+003	 -3.8217731815855532e+003	
  1.7910000000000000e+004	 -9.0489956701191459e+003	 -3.7232857598889100e+003	
  1.7940000000000000e+004	 -8.8668161737680821e+003	 -3.6247983381922659e+003	
  1.7970000000000000e+004	 -8.6846366774170201e+003	 -3.5263109164956218e+003	
  1.8000000000000000e+004	 -8.5024571810659581e+003	 -3.4278234947989781e+003	
  1.8030000000000000e+004	 -8.3202776847148943e+003	 -3.3293360731023340e+003	
  1.8060000000000000e+004	 -8.1380981883638324e+003	 -3.2308486514056904e+003	
  1.8090000000000000e+004	 -7.9559186920127704e+003	 -3.1323612297090467e+003	
  1.8120000000000000e+004	 -7.7737391956617084e+003	 -3.0338738080124031e+003	
  1.8150000000000000e+004	 -7.5915596993106456e+003	 -2.9353863863157590e+003	
  1.8180000000000000e+004	 -7.4093802029595827e+003	 -2.8368989646191153e+003	
  1.8210000000000000e+004	 -7.2272007066085207e+003	 -2.7384115429224717e+003	
  1.8240000000000000e+004	 -7.0450212102574596e+003	 -2.6399241212258275e+003	
  1.8270000000000000e+004	 -6.8628417139063977e+003	 -2.5414366995291834e+003	
  1.8300000000000000e+004	 -6.6806622175553348e+003	 -2.4429492778325398e+003	
  1.8330000000000000e+004	 -6.4984827212042728e+003	 -2.3444618561358961e+003	
  1.8360000000000000e+004	 -6.3163032248532099e+003	 -2.2459744344392525e+003	
  1.8390000000000000e+004	 -6.1341237285021480e+003	 -2.1474870127426084e+003	
  1.8420000000000000e+004	 -5.9519442321510851e+003	 -2.0489995910459647e+003	
  1.8450000000000000e+004	 -5.7697647358000231e+003	 -1.9505121693493213e+003	
  1.8480000000000000e+004	 -5.5875852394489602e+003	 -1.8520247476526774e+003	
  1.8510000000000000e+004	 -5.4054057430978983e+003	 -1.7535373259560336e+003	
  1.8540000000000000e+004	 -5.2232262467468354e+003	 -1.6550499042593895e+003	
  1.8570000000000000e+004	 -5.0410467503957734e+003	 -1.5565624825627458e+003	
  1.8600000000000000e+004	 -4.8588672540447105e+003	 -1.4580750608661021e+003	
  1.8630000000000000e+004	 -4.6766877576936495e+003	 -1.3595876391694583e+003	
  1.8660000000000000e+004	 -4.4945082613425866e+003	 -1.2611002174728144e+003	
  1.8690000000000000e+004	 -4.3123287649915237e+003	 -1.1626127957761710e+003	
  1.8720000000000000e+004	 -4.1301492686404617e+003	 -1.0641253740795269e+003	
  1.8750000000000000e+004	 -3.9479697722893993e+003	 -9.6563795238288321e+002	
  1.8780000000000000e+004	 -3.7657902759383373e+003	 -8.6715053068623922e+002	
  1.8810000000000000e+004	 -3.5836107795872749e+003	 -7.6866310898959568e+002	
  1.8840000000000000e+004	 -3.4014312832362125e+003	 -6.7017568729295181e+002	
  1.8870000000000000e+004	 -3.2192517868851501e+003	 -5.7168826559630782e+002	
  1.8900000000000000e+004	 -3.0370722905340881e+003	 -4.7320084389966416e+002	
  1.8930000000000000e+004	 -2.8548927941830257e+003	 -3.7471342220302029e+002	
  1.8960000000000000e+004	 -2.6727132978319632e+003	 -2.7622600050637658e+002	
  1.8990000000000000e+004	 -2.4905338014809008e+003	 -1.7773857880973281e+002	
  1.9020000000000000e+004	 -2.3083543051298384e+003	 -7.9251157113088951e+001	
  1.9050000000000000e+004	 -2.1261748087787760e+003	  1.9236264583554910e+001	
  1.9080000000000000e+004	 -1.9439953124277138e+003	  1.1772368628019865e+002	
  1.9110000000000000e+004	 -1.7618158160766516e+003	  2.1621110797684238e+002	
  1.9140000000000000e+004	 -1.5796363197255891e+003	  3.1469852967348623e+002	
  1.9170000000000000e+004	 -1.3974568233745269e+003	  4.1318595137013000e+002	
  1.9200000000000000e+004	 -1.2152773270234647e+003	  5.1167337306677376e+002	
  1.9230000000000000e+004	 -1.0330978306724021e+003	  6.1016079476341758e+002	
  1.9260000000000000e+004	 -8.5091833432134001e+002	  7.0864821646006135e+002	
  1.9290000000000000e+004	 -6.6873883797027759e+002	  8.0713563815670523e+002	
  1.9320000000000000e+004	 -4.8655934161921527e+002	  9.0562305985334899e+002	
  1.9350000000000000e+004	 -4.5231630613165663e+002	  9.3563202219255959e+002	
  1.9380000000000000e+004	 -4.6187618935007151e+002	  9.5248877393507951e+002	
  1.9410000000000000e+004	 -4.6276808653269944e+002	  9.6096891334726183e+002	
  1.9440000000000000e+004	 -4.4445686131023069e+002	  9.2555671149239186e+002	
  1.9470000000000000e+004	 -4.2420319119883027e+002	  8.5980838005966689e+002	
  1.9500000000000000e+004	 -1.7744809395221438e+002	  7.6533467006748924e+002	
  1.9530000000000000e+004	 -1.3027081481693588e+002	  5.6523661785922377e+002	
  1.9560000000000000e+004	  1.6398015610091459e+001	  3.5937790983367080e+002	
  1.9590000000000000e+004	  8.0840668050028999e+000	  2.0722745869112623e+002	
  1.9620000000000000e+004	  1.5785916883731389e+001	  1.9696734454979133e+002	
  1.9650000000000000e+004	  2.0142522495001252e+001	  1.9092398707736044e+002	
  1.9680000000000000e+004	  3.3898110862556685e+001	  1.7042268327728473e+002	
  1.9710000000000000e+004	  3.3898110862556685e+001	  1.7042268327728473e+002	
  1.9740000000000000e+004	  3.3898110862556685e+001	  1.7042268327728473e+002	
  1.9770000000000000e+004	  3.3898110862556685e+001	  1.7042268327728473e+002	
  1.9800000000000000e+004	  3.3898110862556685e+001	  1.7042268327728473e+002	
  1.9830000000000000e+004	  3.3898110862556685e+001	  1.7042268327728473e+002	
  1.9860000000000000e+004	  3.3898110862556685e+001	  1.7042268327728473e+002	
  1.9890000000000000e+004	  3.3898110862556685e+001	  1.7042268327728473e+002	
  1.9920000000000000e+004	  3.3898110862556685e+001	  1.7042268327728473e+002	
  1.9950000000000000e+004	  3.3898110862556685e+001	  1.7042268327728473e+002	
  1.9980000000000000e+004	  3.3898110862556685e+001	  1.7042268327728473e+002	
  2.0010000000000000e+004	  3.3898110862556685e+001	  1.7042268327728473e+002	
  2.0040000000000000e+004	  3.3898110862556685e+001	  1.7042268327728473e+002	
  2.0070000000000000e+004	  3.3898110862556685e+001	  1.7042268327728473e+002	
  2.0100000000000000e+004	  3.3898110862556685e+001	  1.7042268327728473e+002	
  2.0130000000000000e+004	  3.3898110862556685e+001	  1.7042268327728473e+002	
  2.0160000000000000e+004	  3.3898110862556685e+001	  1.7042268327728473e+002	
  2.0190000000000000e+004	  3.3898110862556685e+001	  1.7042268327728473e+002	
  2.0220000000000000e+004	  3.3898110862556685e+001	  1.7042268327728473e+002	
  2.0250000000000000e+004	  3.3898110862556685e+001	  1.7042268327728473e+002	
  2.0280000000000000e+004	  3.3898110862556685e+001	  1.7042268327728473e+002	
  2.0310000000000000e+004	  3.3898110862556685e+001	  1.7042268327728473e+002	
  2.0340000000000000e+004	  3.3898110862556685e+001	  1.7042268327728473e+002	
  2.0370000000000000e+004	  3.3898110862556685e+001	  1.7042268327728473e+002	
  2.0400000000000000e+004	  3.3898110862556685e+001	  1.7042268327728473e+002	
  2.0430000000000000e+004	  3.3898110862556685e+001	  1.7042268327728473e+002	
  2.0460000000000000e+004	  3.3898110862556685e+001	  1.7042268327728473e+002	
  2.0490000000000000e+004	  3.3898110862556685e+001	  1.7042268327728473e+002	
  2.0520000000000000e+004	  3.3898110862556685e+001	  1.7042268327728473e+002	
  2.0550000000000000e+004	  3.3898110862556685e+001	  1.7042268327728473e+002	
  2.0580000000000000e+004	  3.3898110862556685e+001	  1.7042268327728473e+002	
  2.0610000000000000e+004	  3.3898110862556685e+001	  1.7042268327728473e+002	
  2.0640000000000000e+004	  3.3898110862556685e+001	  1.7042268327728473e+002	
  2.0670000000000000e+004	  3.3898110862556685e+001	  1.7042268327728473e+002	
  2.0700000000000000e+004	  3.3898110862556685e+001	  1.7042268327728473e+002	
  2.0730000000000000e+004	  3.3898110862556685e+001	  1.7042268327728473e+002	
  2.0760000000000000e+004	  3.3898110862556685e+001	  1.7042268327728473e+002	
  2.0790000000000000e+004	  3.3898110862556685e+001	  1.7042268327728473e+002	
  2.0820000000000000e+004	  3.3898110862556685e+001	  1.7042268327728473e+002	
  2.0850000000000000e+004	  3.3898110862556685e+001	  1.7042268327728473e+002	
  2.0880000000000000e+004	  3.3898110862556685e+001	  1.7042268327728473e+002	
  2.0910000000000000e+004	  3.3898110862556685e+001	  1.7042268327728473e+002	
  2.0940000000000000e+004	  3.3898110862556685e+001	  1.7042268327728473e+002	
  2.0970000000000000e+004	  3.3898110862556685e+001	  1.7042268327728473e+002	
  2.1000000000000000e+004	  3.3898110862556685e+001	  1.7042268327728473e+002	
  2.1030000000000000e+004	  3.3898110862556685e+001	  1.7042268327728473e+002	
  2.1060000000000000e+004	  3.3898110862556685e+001	  1.7042268327728473e+002	
  2.1090000000000000e+004	  3.3898110862556685e+001	  1.7042268327728473e+002	
  2.1120000000000000e+004	  3.3898110862556685e+001	  1.7042268327728473e+002	
  2.1150000000000000e+004	  3.3898110862556685e+001	  1.7042268327728473e+002	
  2.1180000000000000e+004	  3.3898110862556685e+001	  1.7042268327728473e+002	
  2.1210000000000000e+004	  3.3898110862556685e+001	  1.7042268327728473e+002	
  2.1240000000000000e+004	  3.3898110862556685e+001	  1.7042268327728473e+002	
  2.1270000000000000e+004	  3.3898110862556685e+001	  1.7042268327728473e+002	
  2.1300000000000000e+004	  3.3898110862556685e+001	  1.7042268327728473e+002	
  2.1330000000000000e+004	  3.3898110862556685e+001	  1.7042268327728473e+002	
  2.1360000000000000e+004	  3.3898110862556685e+001	  1.7042268327728473e+002	
  2.1390000000000000e+004	  3.3898110862556685e+001	  1.7042268327728473e+002	
  2.1420000000000000e+004	  3.3898110862556685e+001	  1.7042268327728473e+002	
  2.1450000000000000e+004	  3.3898110862556685e+001	  1.7042268327728473e+002	
  2.1480000000000000e+004	  3.3898110862556685e+001	  1.7042268327728473e+002	
  2.1510000000000000e+004	  3.3898110862556685e+001	  1.7042268327728473e+002	
  2.1540000000000000e+004	  3.3898110862556685e+001	  1.7042268327728473e+002	
  2.1570000000000000e+004	  3.3898110862556685e+001	  1.7042268327728473e+002	
  2.1600000000000000e+004	  3.3898110862556685e+001	  1.7042268327728473e+002	
  2.1630000000000000e+004	  3.3898110862556685e+001	  1.7042268327728473e+002	
  2.1660000000000000e+004	  3.3898110862556685e+001	  1.7042268327728473e+002	
  2.1690000000000000e+004	  3.3898110862556685e+001	  1.7042268327728473e+002	
  2.1720000000000000e+004	  3.3898110862556685e+001	  1.7042268327728473e+002	
  2.1750000000000000e+004	  3.3898110862556685e+001	  1.7042268327728473e+002	
  2.1780000000000000e+004	  3.3898110862556685e+001	  1.7042268327728473e+002	
  2.1810000000000000e+004	  3.3898110862556685e+001	  1.7042268327728473e+002	
  2.1840000000000000e+004	  3.3898110862556685e+001	  1.7042268327728473e+002	
  2.1870000000000000e+004	  3.3898110862556685e+001	  1.7042268327728473e+002	
  2.1900000000000000e+004	  3.3898110862556685e+001	  1.7042268327728473e+002	
  2.1930000000000000e+004	  3.3898110862556685e+001	  1.7042268327728473e+002	
  2.1960000000000000e+004	  3.3898110862556685e+001	  1.7042268327728473e+002	
  2.1990000000000000e+004	  3.3898110862556685e+001	  1.7042268327728473e+002	
  2.2020000000000000e+004	  3.3898110862556685e+001	  1.7042268327728473e+002	
  2.2050000000000000e+004	  3.3898110862556685e+001	  1.7042268327728473e+002	
  2.2080000000000000e+004	  3.3898110862556685e+001	  1.7042268327728473e+002	
  2.2110000000000000e+004	  3.3898110862556685e+001	  1.7042268327728473e+002	
  2.2140000000000000e+004	  3.3898110862556685e+001	  1.7042268327728473e+002	
  2.2170000000000000e+004	  3.3898110862556685e+001	  1.7042268327728473e+002	
  2.2200000000000000e+004	  3.3898110862556685e+001	  1.7042268327728473e+002	
  2.2230000000000000e+004	  3.3898110862556685e+001	  1.7042268327728473e+002	
  2.2260000000000000e+004	  3.3898110862556685e+001	  1.7042268327728473e+002	
  2.2290000000000000e+004	  3.3898110862556685e+001	  1.7042268327728473e+002	
  2.2320000000000000e+004	  3.3898110862556685e+001	  1.7042268327728473e+002	
  2.2350000000000000e+004	  3.3898110862556685e+001	  1.7042268327728473e+002	
  2.2380000000000000e+004	  3.3898110862556685e+001	  1.7042268327728473e+002	
  2.2410000000000000e+004	  3.3898110862556685e+001	  1.7042268327728473e+002	
  2.2440000000000000e+004	  3.3898110862556685e+001	  1.7042268327728473e+002	
  2.2470000000000000e+004	  3.3898110862556685e+001	  1.7042268327728473e+002	
  2.2500000000000000e+004	  3.3898110862556685e+001	  1.7042268327728473e+002	
  2.2530000000000000e+004	  3.3898110862556685e+001	  1.7042268327728473e+002	
  2.2560000000000000e+004	  3.3898110862556685e+001	  1.7042268327728473e+002	
  2.2590000000000000e+004	  3.3898110862556685e+001	  1.7042268327728473e+002	
  2.2620000000000000e+004	  3.3898110862556685e+001	  1.7042268327728473e+002	
  2.2650000000000000e+004	  3.3898110862556685e+001	  1.7042268327728473e+002	
  2.2680000000000000e+004	  3.3898110862556685e+001	  1.7042268327728473e+002	
  2.2710000000000000e+004	  3.3898110862556685e+001	  1.7042268327728473e+002	
  2.2740000000000000e+004	  3.3898110862556685e+001	  1.7042268327728473e+002	
  2.2770000000000000e+004	  3.3898110862556685e+001	  1.7042268327728473e+002	
  2.2800000000000000e+004	  3.3898110862556685e+001	  1.7042268327728473e+002	
  2.2830000000000000e+004	  3.3898110862556685e+001	  1.7042268327728473e+002	
  2.2860000000000000e+004	  3.3898110862556685e+001	  1.7042268327728473e+002	
  2.2890000000000000e+004	  2.2212763677080606e+001	  1.8820657123668269e+002	
  2.2920000000000000e+004	  4.8442325599833111e+000	  2.0109279341882501e+002	
  2.2950000000000000e+004	  1.1673366111747203e+001	  2.0876029636036037e+002	
  2.2980000000000000e+004	  8.8618522884730808e+001	  2.3835061240245190e+002	
  2.3010000000000000e+004	  1.5502761580363207e+002	  2.3257103313051957e+002	
  2.3040000000000000e+004	  1.6627536941305084e+002	  2.2411092812328988e+002	
  2.3070000000000000e+004	  1.6815418270016988e+002	  2.3390089767916581e+002	
  2.3100000000000000e+004	  1.9824561845330078e+002	  2.5954761728102631e+002	
  2.3130000000000000e+004	  1.9308965056376695e+002	  2.3381556279812608e+002	
  2.3160000000000000e+004	  1.9002940491654755e+002	  2.0168053825986709e+002	
  2.3190000000000000e+004	  1.6867409121790570e+002	  2.5489010834285372e+002	
  2.3220000000000000e+004	  2.0449157771976607e+002	  1.6465644139618439e+002	
  2.3250000000000000e+004	  1.5280639636726704e+002	  2.2543115235694555e+002	
  2.3280000000000000e+004	  8.5409435012280966e+001	  2.3788753282420174e+002	
  2.3310000000000000e+004	  4.1278998263045480e+001	  2.9480619139456860e+002	
  2.3340000000000000e+004	  4.1642960137012594e+001	  2.9651157084308250e+002	
  2.3370000000000000e+004	 -6.1179265609401217e+000	  4.0315113474563344e+002	
  2.3400000000000000e+004	 -1.1325488321178030e+002	  4.7843265248267045e+002	
  2.3430000000000000e+004	 -1.1363138597373457e+002	  4.6985678835282340e+002	
  2.3460000000000000e+004	 -1.1686191445641816e+002	  4.5148278619242473e+002	
  2.3490000000000000e+004	 -1.2226166839466717e+002	  4.5223751226119128e+002	
  2.3520000000000000e+004	 -1.2954566822605949e+002	  4.5022267503552894e+002	
  2.3550000000000000e+004	 -1.1527532284162741e+002	  4.6411505384976664e+002	
  2.3580000000000000e+004	 -9.9859389850936196e+001	  4.7583006714785427e+002	
  2.3610000000000000e+004	 -9.8620576548671337e+001	  4.7659592523425380e+002	
  2.3640000000000000e+004	 -1.0181887978811167e+002	  4.7652468357994366e+002	
  2.3670000000000000e+004	 -8.5866914796823863e+001	  4.5179001979775813e+002	
  2.3700000000000000e+004	 -8.0802355146377906e+001	  4.3784421263586518e+002	
  2.3730000000000000e+004	 -7.3132969379555945e+001	  4.3564458827902962e+002	
  2.3760000000000000e+004	 -8.0771906859159046e+001	  4.3580711990179464e+002	
  2.3790000000000000e+004	 -6.7467822147466279e+001	  4.3168392825570652e+002	
  2.3820000000000000e+004	  8.1251566563234956e-001	  3.0476684788063005e+002	
  2.3850000000000000e+004	 -7.5999591818453993e+001	  4.5160746341919565e+002	
  2.3880000000000000e+004	 -7.0770133274041655e+001	  4.4420709902639510e+002	
  2.3910000000000000e+004	 -6.9983103009112256e+001	  4.5098631475530129e+002	
  2.3940000000000000e+004	 -9.9876416220707682e+001	  4.1872216480238905e+002	
  2.3970000000000000e+004	 -9.8656436694978240e+001	  4.3671100695224840e+002	
  2.4000000000000000e+004	 -1.0737644780051433e+002	  4.8003005601460956e+002	
  2.4030000000000000e+004	 -1.0869049919197300e+002	  4.8280853214899054e+002	
  2.4060000000000000e+004	 -4.8021889588466038e+001	  5.0777584822754568e+002	
  2.4090000000000000e+004	 -1.1542051601768169e+002	  4.7900482501492797e+002	
  2.4120000000000000e+004	 -1.1737999638052773e+002	  4.6394585185505986e+002	
  2.4150000000000000e+004	 -1.0320463685110353e+002	  4.5685272328368217e+002	
  2.4180000000000000e+004	 -1.7126669254330434e+002	  4.0614333265616420e+002	
  2.4210000000000000e+004	 -2.0965139472518513e+002	  3.3677273087729242e+002	
  2.4240000000000000e+004	 -2.7992568386557389e+002	  1.8848499411243469e+002	
  2.4270000000000000e+004	 -4.1023581837338514e+002	  9.3437966084378900e+001	
  2.4300000000000000e+004	 -5.8120926244384600e+002	  4.2011758348871140e+001	
  2.4330000000000000e+004	 -6.7800379167175936e+002	  2.4667935987730144e+002	
  2.4360000000000000e+004	 -7.7712712561443095e+002	  5.6915609342632172e+002	
  2.4390000000000000e+004	 -6.7486109100300064e+002	  8.1157801912595164e+002	
  2.4420000000000000e+004	 -4.4219529375425248e+002	  8.8993635765546514e+002	
  2.4450000000000000e+004	 -3.6443624970400026e+002	  9.6790953329579804e+002	
  2.4480000000000000e+004	 -3.6445956340464284e+002	  9.6542270107909167e+002	
  2.4510000000000000e+004	 -3.6706801824258343e+002	  9.6972177516499960e+002	
  2.4540000000000000e+004	 -3.6032724809889260e+002	  9.7138708064571688e+002	
  2.4570000000000000e+004	 -3.5830681662338083e+002	  9.7063680211196038e+002	
  2.4600000000000000e+004	 -7.2985974836188717e+001	  9.6236816581470305e+002	
  2.4630000000000000e+004	  7.6578333109010529e+001	  8.0115428888998599e+002	
  2.4660000000000000e+004	 -1.9407774422699006e+002	  6.8453181909785349e+002	
  2.4690000000000000e+004	 -3.6150868317323932e+002	  5.2591608504610235e+002	
  2.4720000000000000e+004	 -2.1477151712211116e+002	  3.5274897237914831e+002	
  2.4750000000000000e+004	 -1.0096909111858149e+002	  1.2151216168635310e+002	
  2.4780000000000000e+004	 -1.4523764135143801e+002	 -6.9365386394419033e+001	
  2.4810000000000000e+004	 -3.2283892503536947e+002	 -1.1072643751060200e+002	
  2.4840000000000000e+004	 -4.5738354299271140e+002	  6.8398300715411821e+001	
  2.4870000000000000e+004	 -6.2873165862063752e+002	  1.4888728350388112e+002	
  2.4900000000000000e+004	 -7.5065885664063558e+002	  3.8800978957292699e+002	
  2.4930000000000000e+004	 -7.4288188131469315e+002	  3.9383610955963178e+002	
  2.4960000000000000e+004	 -7.4440751261441369e+002	  3.9717116503542292e+002	
  2.4990000000000000e+004	 -7.4429994888455099e+002	  3.9756300555184191e+002	
  2.5020000000000000e+004	 -7.4454375926088767e+002	  3.9754966230658067e+002	
  2.5050000000000000e+004	 -7.4411350073158223e+002	  3.9776115090533102e+002	
  2.5080000000000000e+004	 -7.4687614343717337e+002	  4.0030808980147788e+002	
  2.5110000000000000e+004	 -7.4621998737418630e+002	  3.9916598316334529e+002	
  2.5140000000000000e+004	 -7.4355595067621414e+002	  3.9626059861784438e+002	
  2.5170000000000000e+004	 -7.4579869401333553e+002	  3.6997863612674695e+002	
  2.5200000000000000e+004	 -6.3129889229314540e+002	  1.5072180233605152e+002	
  2.5230000000000000e+004	 -4.9446672199051875e+002	 -1.1744332194961376e+002	
  2.5260000000000000e+004	 -3.5692460746165517e+002	 -1.9966436292773020e+002	
  2.5290000000000000e+004	 -9.0246651940659760e+001	 -2.3560700398595287e+001	
  2.5320000000000000e+004	 -2.0252135038076567e+001	 -3.2085264041451616e+001	
  2.5350000000000000e+004	 -1.0094396329511197e+002	 -8.4537983380659398e+001	
  2.5380000000000000e+004	 -4.5864384811412668e+002	 -3.4489756514935902e+002	
  2.5410000000000000e+004	 -5.3511390026516358e+002	 -3.9851898569005266e+002	
  2.5440000000000000e+004	 -5.3329423704663145e+002	 -3.9926481265120572e+002	
  2.5470000000000000e+004	 -5.3350040795972882e+002	 -3.9857464762166973e+002	
  2.5500000000000000e+004	 -5.0200168256300543e+002	 -5.1863014658976238e+002	
  2.5530000000000000e+004	 -5.3092780139340175e+002	 -6.9721617320482665e+002	
  2.5560000000000000e+004	 -7.0143602271669113e+002	 -8.1655589600070721e+002	
  2.5590000000000000e+004	 -8.0478129474504453e+002	 -8.4322969784254599e+002	
  2.5620000000000000e+004	 -7.8366350754585210e+002	 -8.3186088171015911e+002	
  2.5650000000000000e+004	 -7.8287290165781769e+002	 -8.3145346083410470e+002	
  2.5680000000000000e+004	 -7.8287290165781769e+002	 -8.3145346083410470e+002	
  2.5710000000000000e+004	 -7.8287290165781769e+002	 -8.3145346083410470e+002	
  2.5740000000000000e+004	 -7.8287290165781769e+002	 -8.3145346083410470e+002	
  2.5770000000000000e+004	 -7.8287290165781769e+002	 -8.3145346083410470e+002	
  2.5800000000000000e+004	 -7.8287290165781769e+002	 -8.3145346083410470e+002	
  2.5830000000000000e+004	 -7.8287290165781769e+002	 -8.3145346083410470e+002	
  2.5860000000000000e+004	 -7.8287290165781769e+002	 -8.3145346083410470e+002	
  2.5890000000000000e+004	 -7.8287290165781769e+002	 -8.3145346083410470e+002	
  2.5920000000000000e+004	 -7.8287290165781769e+002	 -8.3145346083410470e+002	
  2.5950000000000000e+004	 -7.8287290165781769e+002	 -8.3145346083410470e+002	
  2.5980000000000000e+004	 -7.8287290165781769e+002	 -8.3145346083410470e+002	
  2.6010000000000000e+004	 -7.8287290165781769e+002	 -8.3145346083410470e+002	
  2.6040000000000000e+004	 -7.8287290165781769e+002	 -8.3145346083410470e+002	
  2.6070000000000000e+004	 -7.8287290165781769e+002	 -8.3145346083410470e+002	
  2.6100000000000000e+004	 -7.8287290165781769e+002	 -8.3145346083410470e+002	
  2.6130000000000000e+004	 -7.8287290165781769e+002	 -8.3145346083410470e+002	
  2.6160000000000000e+004	 -7.8287290165781769e+002	 -8.3145346083410470e+002	
  2.6190000000000000e+004	 -7.8287290165781769e+002	 -8.3145346083410470e+002	
  2.6220000000000000e+004	 -7.8287290165781769e+002	 -8.3145346083410470e+002	
  2.6250000000000000e+004	 -7.8287290165781769e+002	 -8.3145346083410470e+002	
  2.6280000000000000e+004	 -7.8287290165781769e+002	 -8.3145346083410470e+002	
  2.6310000000000000e+004	 -7.8287290165781769e+002	 -8.3145346083410470e+002	
  2.6340000000000000e+004	 -7.8287290165781769e+002	 -8.3145346083410470e+002	
  2.6370000000000000e+004	 -7.8287290165781769e+002	 -8.3145346083410470e+002	
  2.6400000000000000e+004	 -7.8287290165781769e+002	 -8.3145346083410470e+002	
  2.6430000000000000e+004	 -7.8287290165781769e+002	 -8.3145346083410470e+002	
  2.6460000000000000e+004	 -7.8287290165781769e+002	 -8.3145346083410470e+002	
  2.6490000000000000e+004	 -7.8287290165781769e+002	 -8.3145346083410470e+002	
  2.6520000000000000e+004	 -7.8287290165781769e+002	 -8.3145346083410470e+002	
  2.6550000000000000e+004	 -7.8287290165781769e+002	 -8.3145346083410470e+002	
  2.6580000000000000e+004	 -7.8287290165781769e+002	 -8.3145346083410470e+002	
  2.6610000000000000e+004	 -7.8287290165781769e+002	 -8.3145346083410470e+002	
  2.6640000000000000e+004	 -7.8287290165781769e+002	 -8.3145346083410470e+002	
  2.6670000000000000e+004	 -7.8287290165781769e+002	 -8.3145346083410470e+002	
  2.6700000000000000e+004	 -7.8287290165781769e+002	 -8.3145346083410470e+002	
  2.6730000000000000e+004	 -7.8287290165781769e+002	 -8.3145346083410470e+002	
  2.6760000000000000e+004	 -7.8287290165781769e+002	 -8.3145346083410470e+002	
  2.6790000000000000e+004	 -7.8287290165781769e+002	 -8.3145346083410470e+002	
  2.6820000000000000e+004	 -7.8287290165781769e+002	 -8.3145346083410470e+002	
  2.6850000000000000e+004	 -7.8287290165781769e+002	 -8.3145346083410470e+002	
  2.6880000000000000e+004	 -7.8287290165781769e+002	 -8.3145346083410470e+002	
  2.6910000000000000e+004	 -7.8287290165781769e+002	 -8.3145346083410470e+002	
  2.6940000000000000e+004	 -7.8287290165781769e+002	 -8.3145346083410470e+002	
  2.6970000000000000e+004	 -7.8287290165781769e+002	 -8.3145346083410470e+002	
  2.7000000000000000e+004	 -7.8287290165781769e+002	 -8.3145346083410470e+002	
  2.7030000000000000e+004	 -7.8287290165781769e+002	 -8.3145346083410470e+002	
  2.7060000000000000e+004	 -7.8287290165781769e+002	 -8.3145346083410470e+002	
  2.7090000000000000e+004	 -7.8287290165781769e+002	 -8.3145346083410470e+002	
  2.7120000000000000e+004	 -7.8287290165781769e+002	 -8.3145346083410470e+002	
  2.7150000000000000e+004	 -7.8287290165781769e+002	 -8.3145346083410470e+002	
  2.7180000000000000e+004	 -7.8287290165781769e+002	 -8.3145346083410470e+002	
  2.7210000000000000e+004	 -7.8287290165781769e+002	 -8.3145346083410470e+002	
  2.7240000000000000e+004	 -7.8287290165781769e+002	 -8.3145346083410470e+002	
  2.7270000000000000e+004	 -7.8287290165781769e+002	 -8.3145346083410470e+002	
  2.7300000000000000e+004	 -7.8287290165781769e+002	 -8.3145346083410470e+002	
  2.7330000000000000e+004	 -7.8287290165781769e+002	 -8.3145346083410470e+002	
  2.7360000000000000e+004	 -7.8287290165781769e+002	 -8.3145346083410470e+002	
  2.7390000000000000e+004	 -7.8287290165781769e+002	 -8.3145346083410470e+002	
  2.7420000000000000e+004	 -7.8287290165781769e+002	 -8.3145346083410470e+002	
  2.7450000000000000e+004	 -7.8287290165781769e+002	 -8.3145346083410470e+002	
  2.7480000000000000e+004	 -7.8287290165781769e+002	 -8.3145346083410470e+002	
  2.7510000000000000e+004	 -7.8287290165781769e+002	 -8.3145346083410470e+002	
  2.7540000000000000e+004	 -7.8287290165781769e+002	 -8.3145346083410470e+002	
  2.7570000000000000e+004	 -7.8287290165781769e+002	 -8.3145346083410470e+002	
  2.7600000000000000e+004	 -7.8287290165781769e+002	 -8.3145346083410470e+002	
  2.7630000000000000e+004	 -7.8287290165781769e+002	 -8.3145346083410470e+002	
  2.7660000000000000e+004	 -7.8287290165781769e+002	 -8.3145346083410470e+002	
  2.7690000000000000e+004	 -7.8287290165781769e+002	 -8.3145346083410470e+002	
  2.7720000000000000e+004	 -7.8287290165781769e+002	 -8.3145346083410470e+002	
  2.7750000000000000e+004	 -7.8287290165781769e+002	 -8.3145346083410470e+002	
  2.7780000000000000e+004	 -7.8287290165781769e+002	 -8.3145346083410470e+002	
  2.7810000000000000e+004	 -7.8287290165781769e+002	 -8.3145346083410470e+002	
  2.7840000000000000e+004	 -7.8287290165781769e+002	 -8.3145346083410470e+002	
  2.7870000000000000e+004	 -7.8287290165781769e+002	 -8.3145346083410470e+002	
  2.7900000000000000e+004	 -7.8287290165781769e+002	 -8.3145346083410470e+002	
  2.7930000000000000e+004	 -7.8287290165781769e+002	 -8.3145346083410470e+002	
  2.7960000000000000e+004	 -7.8287290165781769e+002	 -8.3145346083410470e+002	
  2.7990000000000000e+004	 -7.8287290165781769e+002	 -8.3145346083410470e+002	
  2.8020000000000000e+004	 -7.8287290165781769e+002	 -8.3145346083410470e+002	
  2.8050000000000000e+004	 -7.8287290165781769e+002	 -8.3145346083410470e+002	
  2.8080000000000000e+004	 -7.8287290165781769e+002	 -8.3145346083410470e+002	
  2.8110000000000000e+004	 -7.8287290165781769e+002	 -8.3145346083410470e+002	
  2.8140000000000000e+004	 -7.8287290165781769e+002	 -8.3145346083410470e+002	
  2.8170000000000000e+004	 -7.8287290165781769e+002	 -8.3145346083410470e+002	
  2.8200000000000000e+004	 -7.8287290165781769e+002	 -8.3145346083410470e+002	
  2.8230000000000000e+004	 -7.8287290165781769e+002	 -8.3145346083410470e+002	
  2.8260000000000000e+004	 -7.8287290165781769e+002	 -8.3145346083410470e+002	
  2.8290000000000000e+004	 -7.8287290165781769e+002	 -8.3145346083410470e+002	
  2.8320000000000000e+004	 -7.8287290165781769e+002	 -8.3145346083410470e+002	
  2.8350000000000000e+004	 -7.8287290165781769e+002	 -8.3145346083410470e+002	
  2.8380000000000000e+004	 -7.8287290165781769e+002	 -8.3145346083410470e+002	
  2.8410000000000000e+004	 -7.8287290165781769e+002	 -8.3145346083410470e+002	
  2.8440000000000000e+004	 -7.8287290165781769e+002	 -8.3145346083410470e+002	
  2.8470000000000000e+004	 -7.8287290165781769e+002	 -8.3145346083410470e+002	
  2.8500000000000000e+004	 -7.8287290165781769e+002	 -8.3145346083410470e+002	
  2.8530000000000000e+004	 -7.8287290165781769e+002	 -8.3145346083410470e+002	
  2.8560000000000000e+004	 -7.8287290165781769e+002	 -8.3145346083410470e+002	
  2.8590000000000000e+004	 -7.8287290165781769e+002	 -8.3145346083410470e+002	
  2.8620000000000000e+004	 -7.8287290165781769e+002	 -8.3145346083410470e+002	
  2.8650000000000000e+004	 -7.8287290165781769e+002	 -8.3145346083410470e+002	
  2.8680000000000000e+004	 -7.8287290165781769e+002	 -8.3145346083410470e+002	
  2.8710000000000000e+004	 -7.8287290165781769e+002	 -8.3145346083410470e+002	
  2.8740000000000000e+004	 -7.8287290165781769e+002	 -8.3145346083410470e+002	
  2.8770000000000000e+004	 -7.8287290165781769e+002	 -8.3145346083410470e+002	
  2.8800000000000000e+004	 -7.8287290165781769e+002	 -8.3145346083410470e+002	
  2.8830000000000000e+004	 -7.8287290165781769e+002	 -8.3145346083410470e+002	
  2.8860000000000000e+004	 -7.8287290165781769e+002	 -8.3145346083410470e+002	
  2.8890000000000000e+004	 -7.8287290165781769e+002	 -8.3145346083410470e+002	
  2.8920000000000000e+004	 -7.8287290165781769e+002	 -8.3145346083410470e+002	
  2.8950000000000000e+004	 -7.8287290165781769e+002	 -8.3145346083410470e+002	
  2.8980000000000000e+004	 -7.8287290165781769e+002	 -8.3145346083410470e+002	
  2.9010000000000000e+004	 -7.8287290165781769e+002	 -8.3145346083410470e+002	
  2.9040000000000000e+004	 -7.8287290165781769e+002	 -8.3145346083410470e+002	
  2.9070000000000000e+004	 -7.8287290165781769e+002	 -8.3145346083410470e+002	
  2.9100000000000000e+004	 -7.8287290165781769e+002	 -8.3145346083410470e+002	
  2.9130000000000000e+004	 -7.8287290165781769e+002	 -8.3145346083410470e+002	
  2.9160000000000000e+004	 -7.8287290165781769e+002	 -8.3145346083410470e+002	
  2.9190000000000000e+004	 -7.8287290165781769e+002	 -8.3145346083410470e+002	
  2.9220000000000000e+004	 -7.8287290165781769e+002	 -8.3145346083410470e+002	
  2.9250000000000000e+004	 -7.8287290165781769e+002	 -8.3145346083410470e+002	
  2.9280000000000000e+004	 -7.8287290165781769e+002	 -8.3145346083410470e+002	
  2.9310000000000000e+004	 -7.8287290165781769e+002	 -8.3145346083410470e+002	
  2.9340000000000000e+004	 -7.8287290165781769e+002	 -8.3145346083410470e+002	
  2.9370000000000000e+004	 -7.8287290165781769e+002	 -8.3145346083410470e+002	
  2.9400000000000000e+004	 -7.8287290165781769e+002	 -8.3145346083410470e+002	
  2.9430000000000000e+004	 -7.8287290165781769e+002	 -8.3145346083410470e+002	
  2.9460000000000000e+004	 -7.8287290165781769e+002	 -8.3145346083410470e+002	
  2.9490000000000000e+004	 -7.8287290165781769e+002	 -8.3145346083410470e+002	
  2.9520000000000000e+004	 -7.8287290165781769e+002	 -8.3145346083410470e+002	
  2.9550000000000000e+004	 -7.8287290165781769e+002	 -8.3145346083410470e+002	
  2.9580000000000000e+004	 -7.8287290165781769e+002	 -8.3145346083410470e+002	
  2.9610000000000000e+004	 -7.8287290165781769e+002	 -8.3145346083410470e+002	
  2.9640000000000000e+004	 -7.8287290165781769e+002	 -8.3145346083410470e+002	
  2.9670000000000000e+004	 -7.8287290165781769e+002	 -8.3145346083410470e+002	
  2.9700000000000000e+004	 -7.8287290165781769e+002	 -8.3145346083410470e+002	
  2.9730000000000000e+004	 -7.8287290165781769e+002	 -8.3145346083410470e+002	
  2.9760000000000000e+004	 -7.8287290165781769e+002	 -8.3145346083410470e+002	
  2.9790000000000000e+004	 -7.8287290165781769e+002	 -8.3145346083410470e+002	
  2.9820000000000000e+004	 -7.8287290165781769e+002	 -8.3145346083410470e+002	
  2.9850000000000000e+004	 -7.8287290165781769e+002	 -8.3145346083410470e+002	
  2.9880000000000000e+004	 -7.8287290165781769e+002	 -8.3145346083410470e+002	
  2.9910000000000000e+004	 -7.8287290165781769e+002	 -8.3145346083410470e+002	
  2.9940000000000000e+004	 -7.8287290165781769e+002	 -8.3145346083410470e+002	
  2.9970000000000000e+004	 -7.8287290165781769e+002	 -8.3145346083410470e+002	
  3.0000000000000000e+004	 -7.8287290165781769e+002	 -8.3145346083410470e+002	
  3.0030000000000000e+004	 -7.8287290165781769e+002	 -8.3145346083410470e+002	
  3.0060000000000000e+004	 -7.8287290165781769e+002	 -8.3145346083410470e+002	
  3.0090000000000000e+004	 -7.8287290165781769e+002	 -8.3145346083410470e+002	
  3.0120000000000000e+004	 -7.8287290165781769e+002	 -8.3145346083410470e+002	
  3.0150000000000000e+004	 -7.8287290165781769e+002	 -8.3145346083410470e+002	
  3.0180000000000000e+004	 -7.8287290165781769e+002	 -8.3145346083410470e+002	
  3.0210000000000000e+004	 -7.8287290165781769e+002	 -8.3145346083410470e+002	
  3.0240000000000000e+004	 -7.8287290165781769e+002	 -8.3145346083410470e+002	
  3.0270000000000000e+004	 -7.8287290165781769e+002	 -8.3145346083410470e+002	
  3.0300000000000000e+004	 -7.8287290165781769e+002	 -8.3145346083410470e+002	
  3.0330000000000000e+004	 -7.8287290165781769e+002	 -8.3145346083410470e+002	
  3.0360000000000000e+004	 -7.8287290165781769e+002	 -8.3145346083410470e+002	
  3.0390000000000000e+004	 -7.8287290165781769e+002	 -8.3145346083410470e+002	
  3.0420000000000000e+004	 -7.8287290165781769e+002	 -8.3145346083410470e+002	
  3.0450000000000000e+004	 -7.8287290165781769e+002	 -8.3145346083410470e+002	
  3.0480000000000000e+004	 -7.8287290165781769e+002	 -8.3145346083410470e+002	
  3.0510000000000000e+004	 -7.8287290165781769e+002	 -8.3145346083410470e+002	
  3.0540000000000000e+004	 -7.8287290165781769e+002	 -8.3145346083410470e+002	
  3.0570000000000000e+004	 -7.8287290165781769e+002	 -8.3145346083410470e+002	
  3.0600000000000000e+004	 -7.8287290165781769e+002	 -8.3145346083410470e+002	
  3.0630000000000000e+004	 -7.8287290165781769e+002	 -8.3145346083410470e+002	
  3.0660000000000000e+004	 -7.8287290165781769e+002	 -8.3145346083410470e+002	
  3.0690000000000000e+004	 -7.8287290165781769e+002	 -8.3145346083410470e+002	
  3.0720000000000000e+004	 -7.8287290165781769e+002	 -8.3145346083410470e+002	
  3.0750000000000000e+004	 -7.8287290165781769e+002	 -8.3145346083410470e+002	
  3.0780000000000000e+004	 -7.8287290165781769e+002	 -8.3145346083410470e+002	
  3.0810000000000000e+004	 -7.8287290165781769e+002	 -8.3145346083410470e+002	
  3.0840000000000000e+004	 -7.8287290165781769e+002	 -8.3145346083410470e+002	
  3.0870000000000000e+004	 -7.8287290165781769e+002	 -8.3145346083410470e+002	
  3.0900000000000000e+004	 -7.8287290165781769e+002	 -8.3145346083410470e+002	
  3.0930000000000000e+004	 -7.8287290165781769e+002	 -8.3145346083410470e+002	
  3.0960000000000000e+004	 -7.8287290165781769e+002	 -8.3145346083410470e+002	
  3.0990000000000000e+004	 -7.8287290165781769e+002	 -8.3145346083410470e+002	
  3.1020000000000000e+004	 -7.8287290165781769e+002	 -8.3145346083410470e+002	
  3.1050000000000000e+004	 -7.8287290165781769e+002	 -8.3145346083410470e+002	
  3.1080000000000000e+004	 -7.8287290165781769e+002	 -8.3145346083410470e+002	
  3.1110000000000000e+004	 -7.8287290165781769e+002	 -8.3145346083410470e+002	
  3.1140000000000000e+004	 -7.8287290165781769e+002	 -8.3145346083410470e+002	
  3.1170000000000000e+004	 -7.8287290165781769e+002	 -8.3145346083410470e+002	
  3.1200000000000000e+004	 -7.8287290165781769e+002	 -8.3145346083410470e+002	
  3.1230000000000000e+004	 -7.8287290165781769e+002	 -8.3145346083410470e+002	
  3.1260000000000000e+004	 -7.8287290165781769e+002	 -8.3145346083410470e+002	
  3.1290000000000000e+004	 -7.8287290165781769e+002	 -8.3145346083410470e+002	
  3.1320000000000000e+004	 -7.8287290165781769e+002	 -8.3145346083410470e+002	
  3.1350000000000000e+004	 -7.8287290165781769e+002	 -8.3145346083410470e+002	
  3.1380000000000000e+004	 -7.8287290165781769e+002	 -8.3145346083410470e+002	
  3.1410000000000000e+004	 -7.8287290165781769e+002	 -8.3145346083410470e+002	
  3.1440000000000000e+004	 -7.8287290165781769e+002	 -8.3145346083410470e+002	
  3.1470000000000000e+004	 -7.8287290165781769e+002	 -8.3145346083410470e+002	
  3.1500000000000000e+004	 -7.8287290165781769e+002	 -8.3145346083410470e+002	
  3.1530000000000000e+004	 -7.8287290165781769e+002	 -8.3145346083410470e+002	
  3.1560000000000000e+004	 -7.8287290165781769e+002	 -8.3145346083410470e+002	
  3.1590000000000000e+004	 -7.8287290165781769e+002	 -8.3145346083410470e+002	
  3.1620000000000000e+004	 -7.8287290165781769e+002	 -8.3145346083410470e+002	
  3.1650000000000000e+004	 -7.8287290165781769e+002	 -8.3145346083410470e+002	
  3.1680000000000000e+004	 -7.8287290165781769e+002	 -8.3145346083410470e+002	
  3.1710000000000000e+004	 -7.8287290165781769e+002	 -8.3145346083410470e+002	
  3.1740000000000000e+004	 -7.8287290165781769e+002	 -8.3145346083410470e+002	
  3.1770000000000000e+004	 -7.8287290165781769e+002	 -8.3145346083410470e+002	
  3.1800000000000000e+004	 -7.8287290165781769e+002	 -8.3145346083410470e+002	
  3.1830000000000000e+004	 -7.8287290165781769e+002	 -8.3145346083410470e+002	
  3.1860000000000000e+004	 -7.8287290165781769e+002	 -8.3145346083410470e+002	
  3.1890000000000000e+004	 -7.8287290165781769e+002	 -8.3145346083410470e+002	
  3.1920000000000000e+004	 -7.8287290165781769e+002	 -8.3145346083410470e+002	
  3.1950000000000000e+004	 -7.8287290165781769e+002	 -8.3145346083410470e+002	
  3.1980000000000000e+004	 -7.8287290165781769e+002	 -8.3145346083410470e+002	
  3.2010000000000000e+004	 -7.8287290165781769e+002	 -8.3145346083410470e+002	
  3.2040000000000000e+004	 -7.8287290165781769e+002	 -8.3145346083410470e+002	
  3.2070000000000000e+004	 -7.8287290165781769e+002	 -8.3145346083410470e+002	
  3.2100000000000000e+004	 -7.8287290165781769e+002	 -8.3145346083410470e+002	
  3.2130000000000000e+004	 -7.8287290165781769e+002	 -8.3145346083410470e+002	
  3.2160000000000000e+004	 -7.8287290165781769e+002	 -8.3145346083410470e+002	
  3.2190000000000000e+004	 -7.8287290165781769e+002	 -8.3145346083410470e+002	
  3.2220000000000000e+004	 -7.8287290165781769e+002	 -8.3145346083410470e+002	
  3.2250000000000000e+004	 -7.8287290165781769e+002	 -8.3145346083410470e+002	
  3.2280000000000000e+004	 -7.8287290165781769e+002	 -8.3145346083410470e+002	
  3.2310000000000000e+004	 -7.8287290165781769e+002	 -8.3145346083410470e+002	
  3.2340000000000000e+004	 -7.8287290165781769e+002	 -8.3145346083410470e+002	
  3.2370000000000000e+004	 -7.8287290165781769e+002	 -8.3145346083410470e+002	
  3.2400000000000000e+004	 -7.8287290165781769e+002	 -8.3145346083410470e+002	
  3.2430000000000000e+004	 -7.8287290165781769e+002	 -8.3145346083410470e+002	
  3.2460000000000000e+004	 -7.8287290165781769e+002	 -8.3145346083410470e+002	
  3.2490000000000000e+004	 -7.8287290165781769e+002	 -8.3145346083410470e+002	
  3.2520000000000000e+004	 -7.8287290165781769e+002	 -8.3145346083410470e+002	
  3.2550000000000000e+004	 -7.8287290165781769e+002	 -8.3145346083410470e+002	
  3.2580000000000000e+004	 -7.8287290165781769e+002	 -8.3145346083410470e+002	
  3.2610000000000000e+004	 -7.8287290165781769e+002	 -8.3145346083410470e+002	
  3.2640000000000000e+004	 -7.8287290165781769e+002	 -8.3145346083410470e+002	
  3.2670000000000000e+004	 -7.8287290165781769e+002	 -8.3145346083410470e+002	
  3.2700000000000000e+004	 -7.8287290165781769e+002	 -8.3145346083410470e+002	
  3.2730000000000000e+004	 -7.8287290165781769e+002	 -8.3145346083410470e+002	
  3.2760000000000000e+004	 -7.8287290165781769e+002	 -8.3145346083410470e+002	
  3.2790000000000000e+004	 -7.8287290165781769e+002	 -8.3145346083410470e+002	
  3.2820000000000000e+004	 -7.8287290165781769e+002	 -8.3145346083410470e+002	
  3.2850000000000000e+004	 -7.8287290165781769e+002	 -8.3145346083410470e+002	
  3.2880000000000000e+004	 -7.8287290165781769e+002	 -8.3145346083410470e+002	
  3.2910000000000000e+004	 -7.8287290165781769e+002	 -8.3145346083410470e+002	
  3.2940000000000000e+004	 -7.8287290165781769e+002	 -8.3145346083410470e+002	
  3.2970000000000000e+004	 -7.8287290165781769e+002	 -8.3145346083410470e+002	
  3.3000000000000000e+004	 -7.9146870263189305e+002	 -8.3320447714556951e+002	
  3.3030000000000000e+004	 -8.3494352888711910e+002	 -8.6980777018155368e+002	
  3.3060000000000000e+004	 -7.6672016700761003e+002	 -8.9312870095562607e+002	
  3.3090000000000000e+004	 -5.9229835163875714e+002	 -7.7261681102383693e+002	
  3.3120000000000000e+004	 -4.6052624204446658e+002	 -5.7579704079271050e+002	
  3.3150000000000000e+004	 -4.8599683072723167e+002	 -3.6919250731096344e+002	
  3.3180000000000000e+004	 -1.0231544410486033e+002	 -9.5875642429254370e+001	
  3.3210000000000000e+004	 -1.1968062901655754e+001	  1.4937201782521985e+001	
  3.3240000000000000e+004	 -7.0440231719817259e+000	  5.0606550080187290e+001	
  3.3270000000000000e+004	  1.4938313810752743e+002	  1.7186426972813774e+002	
  3.3300000000000000e+004	  1.5043188397670721e+002	  1.9423343750810642e+002	
  3.3330000000000000e+004	  1.5108175211253152e+002	  1.9757293779041146e+002	
  3.3360000000000000e+004	  1.5016299532066796e+002	  1.9686607818519195e+002	
  3.3390000000000000e+004	  1.5005540870246313e+002	  1.9564714702647129e+002	
  3.3420000000000000e+004	  1.4964306217020393e+002	  1.9502376903718795e+002	
  3.3450000000000000e+004	  1.4953997813843094e+002	  1.9506830011008157e+002	
  3.3480000000000000e+004	  1.4945484164695307e+002	  1.9538555631345795e+002	
  3.3510000000000000e+004	  1.4920385612112472e+002	  1.9529093121379495e+002	
  3.3540000000000000e+004	  1.4930695229249622e+002	  1.9520745075890565e+002	
  3.3570000000000000e+004	  1.4970581252887072e+002	  1.9543565204168848e+002	
  3.3600000000000000e+004	  1.4970580984588841e+002	  1.9521300927320695e+002	
  3.3630000000000000e+004	  1.4960272515786178e+002	  1.9461746794930258e+002	
  3.3660000000000000e+004	  1.4972821631525443e+002	  1.9497368092392657e+002	
  3.3690000000000000e+004	  1.4960272085910455e+002	  1.9541337508194141e+002	
  3.3720000000000000e+004	  1.4923968072402369e+002	  1.9561374276272784e+002	
  3.3750000000000000e+004	  1.4888115394776628e+002	  1.9526309781266195e+002	
  3.3780000000000000e+004	  1.4855398696325210e+002	  1.9499037390216478e+002	
  3.3810000000000000e+004	  1.4745143292136123e+002	  1.9588647838580431e+002	
  3.3840000000000000e+004	  1.4521498505217224e+002	  1.9442823125427336e+002	
  3.3870000000000000e+004	  1.4502673176683430e+002	  1.9360446572969099e+002	
  3.3900000000000000e+004	  1.4483847823584784e+002	  1.9239670174231003e+002	
  3.3930000000000000e+004	  1.4378972711327054e+002	  1.9298665598104532e+002	
  3.3960000000000000e+004	  1.3669040408570331e+002	  1.9560819265193845e+002	
  3.3990000000000000e+004	  1.3322589879177627e+002	  1.9171765607962274e+002	
  3.4020000000000000e+004	  1.3364719383342180e+002	  1.9173434907777798e+002	
  3.4050000000000000e+004	  1.3610775829037448e+002	  1.9164530319714711e+002	
  3.4080000000000000e+004	  1.3963499720706423e+002	  1.9289763448485829e+002	
  3.4110000000000000e+004	  1.4276785428390934e+002	  1.9507388432310458e+002	
  3.4140000000000000e+004	  1.4579313936433994e+002	  1.9666570043289340e+002	
  3.4170000000000000e+004	  1.4407658745878507e+002	  1.9604231180792158e+002	
  3.4200000000000000e+004	  1.4682394919528673e+002	  1.9679929646883875e+002	
  3.4230000000000000e+004	  1.4863018162927614e+002	  1.9832432308819031e+002	
  3.4260000000000000e+004	  1.4985374996454672e+002	  1.9893101035184003e+002	
  3.4290000000000000e+004	  1.5088008158067055e+002	  1.9970464206741366e+002	
  3.4320000000000000e+004	  1.5080838516705319e+002	  1.9925382920128246e+002	
  3.4350000000000000e+004	  1.5170474160321825e+002	  2.0053397379041311e+002	
  3.4380000000000000e+004	  1.5085316914933460e+002	  2.0077885951017794e+002	
  3.4410000000000000e+004	  1.5125656429984500e+002	  2.0173062771928807e+002	
  3.4440000000000000e+004	  1.5554123228655720e+002	  2.0758033634285167e+002	
  3.4470000000000000e+004	  1.5300897006884824e+002	  2.0479185257527848e+002	
  3.4500000000000000e+004	  1.5038706923233798e+002	  2.0179186050909988e+002	
  3.4530000000000000e+004	  1.4818644428806869e+002	  1.9921485464130711e+002	
  3.4560000000000000e+004	  1.4681052476252776e+002	  1.9704975623286765e+002	
  3.4590000000000000e+004	  1.4792649256091391e+002	  1.9791243618476824e+002	
  3.4620000000000000e+004	  1.4724972172344388e+002	  1.9754512154616924e+002	
  3.4650000000000000e+004	  1.4686878791906460e+002	  1.9728907076461019e+002	
  3.4680000000000000e+004	  1.4705255683776187e+002	  1.9716663024454138e+002	
  3.4710000000000000e+004	  1.4737972334876659e+002	  1.9712766146616340e+002	
  3.4740000000000000e+004	  1.4788617802208751e+002	  1.9771764336312850e+002	
  3.4770000000000000e+004	  1.4961170652166538e+002	  1.9988275735365104e+002	
  3.4800000000000000e+004	  1.4912764676276583e+002	  1.9879185176528310e+002	
  3.4830000000000000e+004	  1.4950862442760268e+002	  1.9853026797805924e+002	
  3.4860000000000000e+004	  1.5004195279689861e+002	  1.9860819426831281e+002	
  3.4890000000000000e+004	  1.5029742591899270e+002	  1.9902560281986021e+002	
  3.4920000000000000e+004	  1.5002849662069801e+002	  1.9869723990873300e+002	
  3.4950000000000000e+004	  1.5002852939898429e+002	  1.9868052884255192e+002	
  3.4980000000000000e+004	  1.5008676500683583e+002	  1.9890874277709008e+002	
  3.5010000000000000e+004	  1.5028847699289892e+002	  1.9807385387213102e+002	
  3.5040000000000000e+004	  1.5085318460008267e+002	  1.9792357546888070e+002	
  3.5070000000000000e+004	  1.5050357945800289e+002	  1.9614251785096508e+002	
  3.5100000000000000e+004	  1.5015400634286914e+002	  1.9458964499687661e+002	
  3.5130000000000000e+004	  1.4990302449869554e+002	  1.9389946935403225e+002	
  3.5160000000000000e+004	  1.5011815982500804e+002	  1.9800707605854683e+002	
  3.5190000000000000e+004	  1.5004643193813672e+002	  1.9539111143252950e+002	
  3.5220000000000000e+004	  1.4884527772887355e+002	  1.9602562245109507e+002	
  3.5250000000000000e+004	  1.4729007467299502e+002	  1.9956551906032564e+002	
  3.5280000000000000e+004	  1.4553767132511734e+002	  1.9756736301168297e+002	
  3.5310000000000000e+004	  1.4397795687406369e+002	  1.9846347854927586e+002	
  3.5340000000000000e+004	  1.4535392024289899e+002	  1.9824083271915688e+002	
  3.5370000000000000e+004	  1.4640713616113379e+002	  1.9850798512325628e+002	
  3.5400000000000000e+004	  1.4678812336210413e+002	  1.9878071319770666e+002	
  3.5430000000000000e+004	  1.4703459878028610e+002	  1.9836328882395691e+002	
  3.5460000000000000e+004	  1.4735281978177170e+002	  1.9856364723345172e+002	
  3.5490000000000000e+004	  1.6267643218320967e+002	  2.0371207093266381e+002	
  3.5520000000000000e+004	  1.3174241086518441e+002	  1.1697379532760237e+002	
  3.5550000000000000e+004	 -7.3532676272492452e+001	  1.0271963446593922e+002	
  3.5580000000000000e+004	 -2.3800924944094663e+002	  4.0893629285067067e+002	
  3.5610000000000000e+004	 -3.3393071463024177e+002	  5.7468744342945752e+002	
  3.5640000000000000e+004	 -9.6784827464188055e+001	  7.2896180690262554e+002	
  3.5670000000000000e+004	  1.0325545169304105e+002	  8.6741801929218309e+002	
  3.5700000000000000e+004	 -1.3550384771760673e+002	  9.7036407040380800e+002	
  3.5730000000000000e+004	 -3.5991671080407605e+002	  9.7281862009211250e+002	
  3.5760000000000000e+004	 -3.6211732524588427e+002	  9.6749209070867187e+002	
  3.5790000000000000e+004	 -4.0372273735761746e+002	  9.4134370379673169e+002	
  3.5820000000000000e+004	 -4.4763183297333433e+002	  9.3230475799892702e+002	
  3.5850000000000000e+004	 -4.4007983926056039e+002	  9.1939754101874314e+002	
  3.5880000000000000e+004	 -4.3848429571511195e+002	  9.2584280038579323e+002	
