  0.0000000000000000e+000	 -2.3696943711894184e+002	  1.0741060443177657e+003	
  3.0000000000000000e+001	 -2.5512110812434335e+002	  1.0736607781956725e+003	
  6.0000000000000000e+001	 -2.6086690883267931e+002	  1.0761765440587108e+003	
  9.0000000000000000e+001	 -2.6318850534212527e+002	  1.0734492714084633e+003	
  1.2000000000000000e+002	 -2.6545635539007702e+002	  1.0740392552345352e+003	
  1.5000000000000000e+002	 -2.6848609664027435e+002	  1.0736830425222922e+003	
  1.8000000000000000e+002	 -2.6183499448380655e+002	  1.0637646841273604e+003	
  2.1000000000000000e+002	 -2.6754491462406151e+002	  1.0632637571677369e+003	
  2.4000000000000000e+002	 -2.6676505171803211e+002	  1.0636311065740420e+003	
  2.7000000000000000e+002	 -2.6216664576296336e+002	  1.0653119906051311e+003	
  3.0000000000000000e+002	 -2.6589557920847710e+002	  1.0622173813950972e+003	
  3.3000000000000000e+002	 -2.6690847579203552e+002	  1.0604697021467828e+003	
  3.6000000000000000e+002	 -2.6592248224802381e+002	  1.0614938175921959e+003	
  3.9000000000000000e+002	 -2.6506193446584291e+002	  1.0622730308544635e+003	
  4.2000000000000000e+002	 -2.6680987790729051e+002	  1.0617609789872809e+003	
  4.5000000000000000e+002	 -2.6732977191226968e+002	  1.0614158954393042e+003	
  4.8000000000000000e+002	 -2.6741943011409029e+002	  1.0612266527753541e+003	
  5.1000000000000000e+002	 -2.6644237885326447e+002	  1.0608259113684048e+003	
  5.4000000000000000e+002	 -2.6792138636685792e+002	  1.0600800922632470e+003	
  5.7000000000000000e+002	 -2.7030573912771030e+002	  1.0605364941015080e+003	
  6.0000000000000000e+002	 -2.7030573912771030e+002	  1.0607145981922997e+003	
  6.3000000000000000e+002	 -2.6863848727676964e+002	  1.0615049476457848e+003	
  6.6000000000000000e+002	 -2.6788554668162453e+002	  1.0617387156240106e+003	
  6.9000000000000000e+002	 -2.6792138636685792e+002	  1.0607591248644501e+003	
  7.2000000000000000e+002	 -2.6741943011409029e+002	  1.0610596799759242e+003	
  7.5000000000000000e+002	 -2.6463166928458219e+002	  1.0632526242872823e+003	
  7.8000000000000000e+002	 -2.6553701975192206e+002	  1.0630745205788603e+003	
  8.1000000000000000e+002	 -2.6805583517428784e+002	  1.0620281369631912e+003	
  8.4000000000000000e+002	 -2.6769730117720877e+002	  1.0682618985597280e+003	
  8.7000000000000000e+002	 -2.6597624620363217e+002	  1.0668259085521677e+003	
  9.0000000000000000e+002	 -2.7010854643092244e+002	  1.0689743242867826e+003	
  9.3000000000000000e+002	 -2.5768474527199419e+002	  1.0693194098087404e+003	
  9.6000000000000000e+002	 -2.5543485008824592e+002	  1.0682396311670632e+003	
  9.9000000000000000e+002	 -2.5408130816491425e+002	  1.0677609708138825e+003	
  1.0200000000000000e+003	 -2.6647820926014197e+002	  1.0639205267566995e+003	
  1.0500000000000000e+003	 -2.6950799220251935e+002	  1.0651561522803288e+003	
  1.0800000000000000e+003	 -2.7689413692585367e+002	  1.0638871314035928e+003	
  1.1100000000000000e+003	 -2.6129715101532094e+002	  1.0683954762611434e+003	
  1.1400000000000000e+003	 -2.5505836299926608e+002	  1.0687739543514106e+003	
  1.1700000000000000e+003	 -2.5269192237825732e+002	  1.0681617148915800e+003	
  1.2000000000000000e+003	 -2.6486472541378231e+002	  1.0645772984262962e+003	
  1.2300000000000000e+003	 -2.5264709390409197e+002	  1.0663472446638200e+003	
  1.2600000000000000e+003	 -2.5158041104502269e+002	  1.0646886149760237e+003	
  1.2900000000000000e+003	 -2.6176326535668704e+002	  1.0613490992534039e+003	
  1.3200000000000000e+003	 -2.6319746260778146e+002	  1.0587665510110326e+003	
  1.3500000000000000e+003	 -2.5900240465209447e+002	  1.0580541199794809e+003	
  1.3800000000000000e+003	 -2.6342156957511548e+002	  1.0547479996117536e+003	
  1.4100000000000000e+003	 -2.4271522669459841e+002	  1.0717015982966586e+003	
  1.4400000000000000e+003	 -2.3976614731627086e+002	  1.0735160635418310e+003	
  1.4700000000000000e+003	 -2.5743375139692392e+002	  1.0762433305928942e+003	
  1.5000000000000000e+003	 -2.5974642535114901e+002	  1.0689743242867826e+003	
  1.5300000000000000e+003	 -2.4586152782262295e+002	  1.0672711783196464e+003	
  1.5600000000000000e+003	 -2.4865822975700306e+002	  1.0730040147466545e+003	
  1.5900000000000000e+003	 -2.5129356093963463e+002	  1.0727813697378249e+003	
  1.6200000000000000e+003	 -2.4968906894588758e+002	  1.0714344370759457e+003	
  1.6500000000000000e+003	 -2.5434125715245708e+002	  1.0686069774721950e+003	
  1.6800000000000000e+003	 -2.5390203863756739e+002	  1.0715123556180308e+003	
  1.7100000000000000e+003	 -2.4689233680157577e+002	  1.0720578122014931e+003	
  1.7400000000000000e+003	 -2.4601390767611099e+002	  1.0843583468424076e+003	
  1.7700000000000000e+003	 -2.4452591740982373e+002	  1.0772006649136908e+003	
  1.8000000000000000e+003	 -2.4300205546800339e+002	  1.0741060443177657e+003	
  1.8300000000000000e+003	 -2.4147822763559353e+002	  1.0769780236309794e+003	
  1.8600000000000000e+003	 -2.3310605806030151e+002	  1.0754752471152619e+003	
  1.8900000000000000e+003	 -2.3971234532779187e+002	  1.0776125335391957e+003	
  1.9200000000000000e+003	 -2.3665571842611769e+002	  1.0753528006076051e+003	
  1.9500000000000000e+003	 -2.2849865549037699e+002	  1.0675272058824119e+003	
  1.9800000000000000e+003	 -2.4092245840449482e+002	  1.0715012241425131e+003	
  2.0100000000000000e+003	 -2.5107845112621123e+002	  1.0785475945494832e+003	
  2.0400000000000000e+003	 -2.3930002773318043e+002	  1.0759093774526937e+003	
  2.0700000000000000e+003	 -2.4694614729729830e+002	  1.0770670764418965e+003	
  2.1000000000000000e+003	 -2.4355782628952872e+002	  1.0746848968750094e+003	
  2.1300000000000000e+003	 -2.4262559762045851e+002	  1.0735605851153196e+003	
  2.1600000000000000e+003	 -2.4457072023232863e+002	  1.0716125379088292e+003	
  2.1900000000000000e+003	 -2.4207880580796370e+002	  1.0713231174511877e+003	
  2.2200000000000000e+003	 -2.3738176943954730e+002	  1.0716570669207774e+003	
  2.2500000000000000e+003	 -2.3812578707304814e+002	  1.0684400040864523e+003	
  2.2800000000000000e+003	 -2.4983246203811109e+002	  1.0681505780949669e+003	
  2.3100000000000000e+003	 -2.4543124008103263e+002	  1.0649780446181862e+003	
  2.3400000000000000e+003	 -2.4267938648128052e+002	  1.0705661593266184e+003	
  2.3700000000000000e+003	 -2.4173816566425185e+002	  1.0740837845546507e+003	
  2.4000000000000000e+003	 -2.4439145966171540e+002	  1.0747739463933885e+003	
  2.4300000000000000e+003	 -2.4801284022673696e+002	  1.0758203253646757e+003	
  2.4600000000000000e+003	 -2.4424801564837438e+002	  1.0757758007544326e+003	
  2.4900000000000000e+003	 -2.5513006539629498e+002	  1.0711004772250417e+003	
  2.5200000000000000e+003	 -2.5817774452588895e+002	  1.0717795142712764e+003	
  2.5500000000000000e+003	 -2.5790884441563901e+002	  1.0713676458459965e+003	
  2.5800000000000000e+003	 -2.5426954545710097e+002	  1.0713231174511877e+003	
  2.6100000000000000e+003	 -2.5256642551531291e+002	  1.0712674617325622e+003	
  2.6400000000000000e+003	 -2.5641189035316245e+002	  1.0713899072417380e+003	
  2.6700000000000000e+003	 -2.4902574945604718e+002	  1.0742618917853511e+003	
  2.7000000000000000e+003	 -2.4812040038103882e+002	  1.0745958441800378e+003	
  2.7300000000000000e+003	 -2.4480379887267085e+002	  1.0772674508412179e+003	
  2.7600000000000000e+003	 -2.4783355460725582e+002	  1.0792822882102955e+003	
  2.7900000000000000e+003	 -2.5506732247465618e+002	  1.0763212534684033e+003	
  2.8200000000000000e+003	 -2.4945599252532756e+002	  1.0775234797033265e+003	
  2.8500000000000000e+003	 -2.3306122165122778e+002	  1.0644993771278000e+003	
  2.8800000000000000e+003	 -2.1836060476930743e+002	  1.0577869573857297e+003	
  2.9100000000000000e+003	 -2.0863490383089419e+002	  1.0567071861964289e+003	
  2.9400000000000000e+003	 -2.0762201909698487e+002	  1.0556274057781295e+003	
  2.9700000000000000e+003	 -2.0946854235878428e+002	  1.0563732305264589e+003	
  3.0000000000000000e+003	 -2.2540617732705928e+002	  1.0600800922632470e+003	
  3.0300000000000000e+003	 -2.2204473984184818e+002	  1.0615828717706252e+003	
  3.0600000000000000e+003	 -2.2088840190428203e+002	  1.0655457625770127e+003	
  3.0900000000000000e+003	 -2.2256465783108342e+002	  1.0603472520802670e+003	
  3.1200000000000000e+003	 -2.1139577354586254e+002	  1.0599242474105067e+003	
  3.1500000000000000e+003	 -2.1101930340013101e+002	  1.0575977144590486e+003	
  3.1800000000000000e+003	 -2.0599956846584368e+002	  1.0572860303108764e+003	
  3.2100000000000000e+003	 -2.0478046992145687e+002	  1.0578760076959334e+003	
  3.2400000000000000e+003	 -2.0592786563676322e+002	  1.0562507801683630e+003	
  3.2700000000000000e+003	 -2.0644777039273649e+002	  1.0603472520802670e+003	
  3.3000000000000000e+003	 -2.2052088770859331e+002	  1.0498055240912199e+003	
  3.3300000000000000e+003	 -2.3335705242368093e+002	  1.0480912400906595e+003	
  3.3600000000000000e+003	 -2.3184214050826012e+002	  1.0511413271495458e+003	
  3.3900000000000000e+003	 -2.3575933946652037e+002	  1.0541134968159863e+003	
  3.4200000000000000e+003	 -2.2836421431379341e+002	  1.0541914103716761e+003	
  3.4500000000000000e+003	 -2.3506017259755447e+002	  1.0585773082868534e+003	
  3.4800000000000000e+003	 -2.2423192783324447e+002	  1.0585550419617477e+003	
  3.5100000000000000e+003	 -2.3000456510489357e+002	  1.0585884391406219e+003	
  3.5400000000000000e+003	 -2.2312935539777735e+002	  1.0555383540249584e+003	
  3.5700000000000000e+003	 -2.3951515653067744e+002	  1.0571858488803045e+003	
  3.6000000000000000e+003	 -2.3131328119160571e+002	  1.0554159009445884e+003	
  3.6300000000000000e+003	 -2.4279589433371021e+002	  1.0555828808406241e+003	
  3.6600000000000000e+003	 -2.5019103649729857e+002	  1.0591672912800693e+003	
  3.6900000000000000e+003	 -2.4603182419385786e+002	  1.0617609789872809e+003	
  3.7200000000000000e+003	 -2.4899883458056655e+002	  1.0742952799253299e+003	
  3.7500000000000000e+003	 -2.5791780993466807e+002	  1.0801282981103616e+003	
  3.7800000000000000e+003	 -2.6185289782448427e+002	  1.0907479513159747e+003	
  3.8100000000000000e+003	 -2.5928030832824311e+002	  1.0842358996753487e+003	
  3.8400000000000000e+003	 -2.4262559762045851e+002	  1.0718908328445978e+003	
  3.8700000000000000e+003	 -2.4315444422404431e+002	  1.0694641222387854e+003	
  3.9000000000000000e+003	 -2.5325663766367319e+002	  1.0717238611837165e+003	
  3.9300000000000000e+003	 -2.5383030960967133e+002	  1.0713231174511877e+003	
  3.9600000000000000e+003	 -2.4492032877318204e+002	  1.0645884301808244e+003	
  3.9900000000000000e+003	 -2.4614835985820696e+002	  1.0649001229561063e+003	
  4.0200000000000000e+003	 -2.4708956029067653e+002	  1.0710782140303161e+003	
  4.0500000000000000e+003	 -2.4893610655156462e+002	  1.0718574414359591e+003	
  4.0800000000000000e+003	 -2.4472312873047539e+002	  1.0736941724093308e+003	
  4.1100000000000000e+003	 -2.5106049900026449e+002	  1.0739168090081687e+003	
  4.1400000000000000e+003	 -2.6027529244349500e+002	  1.0765772850166868e+003	
  4.1700000000000000e+003	 -2.6006910524716102e+002	  1.0745513108620548e+003	
  4.2000000000000000e+003	 -2.6986653045219731e+002	  1.0782025137237629e+003	
  4.2300000000000000e+003	 -2.5065715515306465e+002	  1.0797943461088023e+003	
  4.2600000000000000e+003	 -2.5781023816428592e+002	  1.0764882336412995e+003	
  4.2900000000000000e+003	 -2.5565894288784079e+002	  1.0682062355495761e+003	
  4.3200000000000000e+003	 -2.5246784351725319e+002	  1.0655568884525101e+003	
  4.3500000000000000e+003	 -2.5501352548088033e+002	  1.0701765536763330e+003	
  4.3800000000000000e+003	 -2.6114476528954816e+002	  1.0746737604386324e+003	
  4.4100000000000000e+003	 -2.7113042347127544e+002	  1.0795049270042232e+003	
  4.4400000000000000e+003	 -2.6453307640814376e+002	  1.0717795142712764e+003	
  4.4700000000000000e+003	 -2.6603899669666146e+002	  1.0704548422255002e+003	
  4.5000000000000000e+003	 -2.6407592145791136e+002	  1.0745513108620548e+003	
  4.5300000000000000e+003	 -2.6388769663394856e+002	  1.0760318319764585e+003	
  4.5600000000000000e+003	 -2.6579697939870448e+002	  1.0786477849645914e+003	
  4.5900000000000000e+003	 -2.6821719254561401e+002	  1.0819316367909230e+003	
  4.6200000000000000e+003	 -2.7006373263248685e+002	  1.0832006522072359e+003	
  4.6500000000000000e+003	 -2.7152481142620667e+002	  1.0843138229570013e+003	
  4.6800000000000000e+003	 -2.7323690062847089e+002	  1.0866626091343971e+003	
  4.7100000000000000e+003	 -2.7730648385886610e+002	  1.0888444254247215e+003	
  4.7400000000000000e+003	 -2.7494900554911328e+002	  1.0876422059498375e+003	
  4.7700000000000000e+003	 -2.6933768282485829e+002	  1.0851153021805321e+003	
  4.8000000000000000e+003	 -2.6597624620363217e+002	  1.0851375687186246e+003	
  4.8300000000000000e+003	 -2.6027529244349500e+002	  1.0849928571902321e+003	
  4.8600000000000000e+003	 -2.5692283671491560e+002	  1.0822321918178372e+003	
  4.8900000000000000e+003	 -2.5247678759366516e+002	  1.0685401870223377e+003	
  4.9200000000000000e+003	 -2.5275468317934534e+002	  1.0676719158874673e+003	
  4.9500000000000000e+003	 -2.5589198183275980e+002	  1.0681060551170642e+003	
  4.9800000000000000e+003	 -2.5218995420170668e+002	  1.0646329602770904e+003	
  5.0100000000000000e+003	 -2.6155711152813825e+002	  1.0635754474935197e+003	
  5.0400000000000000e+003	 -2.5526452829800803e+002	  1.0669149579002371e+003	
  5.0700000000000000e+003	 -2.4826382632377960e+002	  1.0759427732336048e+003	
  5.1000000000000000e+003	 -2.5005655457219237e+002	  1.0826218057828949e+003	
  5.1300000000000000e+003	 -2.5436813938730603e+002	  1.0959909863295729e+003	
  5.1600000000000000e+003	 -2.0311322439440829e+002	  1.0565068152025094e+003	
  5.1900000000000000e+003	 -1.8583103682787592e+002	  1.0066924114154190e+003	
  5.2200000000000000e+003	 -1.8854708142102436e+002	  1.0142285775354212e+003	
  5.2500000000000000e+003	 -1.7873172681436864e+002	  1.0073269201482950e+003	
  5.2800000000000000e+003	 -1.4805767539647141e+002	  1.0008482577744916e+003	
  5.3100000000000000e+003	 -1.1089383167030007e+002	  9.9157554411449087e+002	
  5.3400000000000000e+003	 -9.0277120801751195e+001	  9.7153846828684436e+002	
  5.3700000000000000e+003	 -1.7896480210293666e+002	  9.6695220580482646e+002	
  5.4000000000000000e+003	 -2.5504044310425684e+002	  9.2890401284864890e+002	
  5.4300000000000000e+003	 -3.1112683731540693e+002	  8.5335310332813992e+002	
  5.4600000000000000e+003	 -3.5972848720638399e+002	  8.4343475049399945e+002	
  5.4900000000000000e+003	 -3.4839826680614749e+002	  8.2314164464341229e+002	
  5.5200000000000000e+003	 -3.4383569451353361e+002	  8.1086337182486318e+002	
  5.5500000000000000e+003	 -3.4293930064915338e+002	  8.0973906750166998e+002	
  5.5800000000000000e+003	 -3.3651228301726320e+002	  8.0480771934423649e+002	
  5.6100000000000000e+003	 -3.3849326710987367e+002	  8.1034017505620272e+002	
  5.6400000000000000e+003	 -3.4110174070188845e+002	  8.1114165854461544e+002	
  5.6700000000000000e+003	 -3.3689772232775033e+002	  8.0536429915610745e+002	
  5.7000000000000000e+003	 -3.3497946524446695e+002	  8.1005074684007241e+002	
  5.7300000000000000e+003	 -3.3403827120858119e+002	  8.1200993551523732e+002	
  5.7600000000000000e+003	 -3.4063560464874018e+002	  8.0181329542371964e+002	
  5.7900000000000000e+003	 -3.3645848815916912e+002	  8.1420287487652479e+002	
  5.8200000000000000e+003	 -3.3823331353979177e+002	  8.1904517221730680e+002	
  5.8500000000000000e+003	 -3.3625232912045340e+002	  8.1130863597113887e+002	
  5.8800000000000000e+003	 -3.3838571144962071e+002	  8.1267783715886890e+002	
  5.9100000000000000e+003	 -3.4133479494557196e+002	  8.1108600661189701e+002	
  5.9400000000000000e+003	 -3.3809885375283568e+002	  8.1141995000820339e+002	
  5.9700000000000000e+003	 -3.4324408669874896e+002	  8.0942737415953411e+002	
  6.0000000000000000e+003	 -3.3676326570986004e+002	  8.1254425739694727e+002	
  6.0300000000000000e+003	 -3.3634195682717132e+002	  8.0966114147045380e+002	
  6.0600000000000000e+003	 -3.4728673700572330e+002	  8.2308598651349484e+002	
  6.0900000000000000e+003	 -3.3513186044106072e+002	  8.1709712612107080e+002	
  6.1200000000000000e+003	 -3.2485037863851898e+002	  8.0400622990576028e+002	
  6.1500000000000000e+003	 -3.4444521996705060e+002	  8.1296725782478541e+002	
  6.1800000000000000e+003	 -3.4172023985957810e+002	  8.2820657105153884e+002	
  6.2100000000000000e+003	 -3.3239789397919390e+002	  8.1772049524640659e+002	
  6.2400000000000000e+003	 -3.3773134069691832e+002	  8.1035130484626177e+002	
  6.2700000000000000e+003	 -3.4074319236246021e+002	  8.0734574101740350e+002	
  6.3000000000000000e+003	 -3.3704113005039198e+002	  8.1023999449193900e+002	
  6.3300000000000000e+003	 -3.4166644544920246e+002	  8.0491903467476061e+002	
  6.3600000000000000e+003	 -3.5054059736334017e+002	  8.1046262777528148e+002	
  6.3900000000000000e+003	 -3.4500995008175499e+002	  8.0860362685244286e+002	
  6.4200000000000000e+003	 -3.4074319236246021e+002	  8.0958321909551455e+002	
  6.4500000000000000e+003	 -3.4255385628802600e+002	  8.1062960021797767e+002	
  6.4800000000000000e+003	 -3.4277796536873558e+002	  8.1424740933851456e+002	
  6.5100000000000000e+003	 -3.3647642073415199e+002	  8.0893757891986218e+002	
  6.5400000000000000e+003	 -3.3409205022471332e+002	  8.0722330222713140e+002	
  6.5700000000000000e+003	 -3.3386795442265975e+002	  8.0602107754668646e+002	
  6.6000000000000000e+003	 -3.3144773421332775e+002	  8.0730122302091070e+002	
  6.6300000000000000e+003	 -3.3386795442265975e+002	  8.0962774549145797e+002	
  6.6600000000000000e+003	 -3.3914763257464398e+002	  8.1478172170362768e+002	
  6.6900000000000000e+003	 -3.3892352153733191e+002	  8.1067413599325153e+002	
  6.7200000000000000e+003	 -3.4375501020701148e+002	  8.0839212999081531e+002	
  6.7500000000000000e+003	 -3.4297517188937371e+002	  8.0793573344131403e+002	
  6.7800000000000000e+003	 -3.4926774649791673e+002	  8.0781327785131111e+002	
  6.8100000000000000e+003	 -3.4431077255018334e+002	  8.0264815851671540e+002	
  6.8400000000000000e+003	 -3.4166644544920246e+002	  7.9781700317885816e+002	
  6.8700000000000000e+003	 -3.4040254933636754e+002	  8.0422886486849268e+002	
  6.9000000000000000e+003	 -3.3819747350676886e+002	  8.0261477458931950e+002	
  6.9300000000000000e+003	 -3.3951512898408140e+002	  8.0295986239192655e+002	
  6.9600000000000000e+003	 -3.3694254714864024e+002	  8.0398397425339829e+002	
  6.9900000000000000e+003	 -3.2774570422545270e+002	  8.1394685292109909e+002	
  7.0200000000000000e+003	 -3.3252338625086395e+002	  8.0700066510760610e+002	
  7.0500000000000000e+003	 -3.3513186044106072e+002	  8.0510827131608301e+002	
  7.0800000000000000e+003	 -3.4413149761225333e+002	  8.0636615820442273e+002	
  7.1100000000000000e+003	 -3.4084178901689592e+002	  8.0804703704459041e+002	
  7.1400000000000000e+003	 -3.4137961925267285e+002	  8.1200993551523732e+002	
  7.1700000000000000e+003	 -3.3852912919063363e+002	  8.0741253019032570e+002	
  7.2000000000000000e+003	 -3.3806299946494573e+002	  8.0754611433481443e+002	
  7.2300000000000000e+003	 -3.3897732489682164e+002	  8.1165371655036199e+002	
  7.2600000000000000e+003	 -3.3824228630682796e+002	  8.0656652850493253e+002	
  7.2900000000000000e+003	 -3.4274209984267839e+002	  8.1863330079150296e+002	
  7.3200000000000000e+003	 -3.3897732489682164e+002	  8.0872608004222434e+002	
  7.3500000000000000e+003	 -3.3854705880644559e+002	  8.0687821873184021e+002	
  7.3800000000000000e+003	 -3.3344664425264756e+002	  8.0312682576703207e+002	
  7.4100000000000000e+003	 -3.4402391931341845e+002	  8.1247745650095612e+002	
  7.4400000000000000e+003	 -3.3878906907042585e+002	  8.0906002622208450e+002	
  7.4700000000000000e+003	 -3.3274749178612541e+002	  8.0141255111864382e+002	
  7.5000000000000000e+003	 -3.3990954651513988e+002	  8.0074464382464373e+002	
  7.5300000000000000e+003	 -3.4021431221444465e+002	  7.9357581712955243e+002	
  7.5600000000000000e+003	 -3.3822436724044212e+002	  7.9948675848636333e+002	
  7.5900000000000000e+003	 -3.4272417884971941e+002	  8.0692273767792813e+002	
  7.6200000000000000e+003	 -3.3924624032397799e+002	  7.9700438684847666e+002	
  7.6500000000000000e+003	 -3.3835883054004978e+002	  7.9308603257237201e+002	
  7.6800000000000000e+003	 -3.5118599244580656e+002	  8.1011754714466463e+002	
  7.7100000000000000e+003	 -3.4829068377823882e+002	  8.0933832477177430e+002	
  7.7400000000000000e+003	 -3.4821002008909215e+002	  8.0749045509593134e+002	
  7.7700000000000000e+003	 -3.4577187709244026e+002	  8.0607673179278379e+002	
  7.8000000000000000e+003	 -3.4246421906686959e+002	  8.1005074684007241e+002	
  7.8300000000000000e+003	 -3.4285864249866916e+002	  8.0870381466659762e+002	
  7.8600000000000000e+003	 -3.4762736384754874e+002	  8.0970566358138024e+002	
  7.8900000000000000e+003	 -3.4019639081633562e+002	  8.1028451823910780e+002	
  7.9200000000000000e+003	 -3.4225806201363645e+002	  8.0936058943224918e+002	
  7.9500000000000000e+003	 -3.4978763770219962e+002	  8.1410269255424578e+002	
  7.9800000000000000e+003	 -3.4437351771294061e+002	  8.1971307701331330e+002	
  8.0100000000000000e+003	 -3.7453665420296585e+002	  8.4558316953809140e+002	
  8.0400000000000000e+003	 -4.1024836489150448e+002	  8.5220653949037762e+002	
  8.0700000000000000e+003	 -4.1473025656955934e+002	  8.7045141472759997e+002	
  8.1000000000000000e+003	 -4.0990774926727249e+002	  8.8153859520634694e+002	
  8.1300000000000000e+003	 -4.0990774926727249e+002	  8.8153859520634694e+002	
  8.1600000000000000e+003	 -4.0990774926727249e+002	  8.8153859520634694e+002	
  8.1900000000000000e+003	 -4.0990774926727249e+002	  8.8153859520634694e+002	
  8.2200000000000000e+003	 -4.0990774926727249e+002	  8.8153859520634694e+002	
  8.2500000000000000e+003	 -4.0990774926727249e+002	  8.8153859520634694e+002	
  8.2800000000000000e+003	 -4.0990774926727249e+002	  8.8153859520634694e+002	
  8.3100000000000000e+003	 -4.0990774926727249e+002	  8.8153859520634694e+002	
  8.3400000000000000e+003	 -4.0990774926727249e+002	  8.8153859520634694e+002	
  8.3700000000000000e+003	 -4.0990774926727249e+002	  8.8153859520634694e+002	
  8.4000000000000000e+003	 -4.0990774926727249e+002	  8.8153859520634694e+002	
  8.4300000000000000e+003	 -4.0990774926727249e+002	  8.8153859520634694e+002	
  8.4600000000000000e+003	 -4.0990774926727249e+002	  8.8153859520634694e+002	
  8.4900000000000000e+003	 -4.0990774926727249e+002	  8.8153859520634694e+002	
  8.5200000000000000e+003	 -4.0990774926727249e+002	  8.8153859520634694e+002	
  8.5500000000000000e+003	 -4.0990774926727249e+002	  8.8153859520634694e+002	
  8.5800000000000000e+003	 -4.0990774926727249e+002	  8.8153859520634694e+002	
  8.6100000000000000e+003	 -4.0990774926727249e+002	  8.8153859520634694e+002	
  8.6400000000000000e+003	 -4.0990774926727249e+002	  8.8153859520634694e+002	
  8.6700000000000000e+003	 -4.0990774926727249e+002	  8.8153859520634694e+002	
  8.7000000000000000e+003	 -4.0990774926727249e+002	  8.8153859520634694e+002	
  8.7300000000000000e+003	 -4.0990774926727249e+002	  8.8153859520634694e+002	
  8.7600000000000000e+003	 -4.0990774926727249e+002	  8.8153859520634694e+002	
  8.7900000000000000e+003	 -4.0990774926727249e+002	  8.8153859520634694e+002	
  8.8200000000000000e+003	 -4.0990774926727249e+002	  8.8153859520634694e+002	
  8.8500000000000000e+003	 -4.0990774926727249e+002	  8.8153859520634694e+002	
  8.8800000000000000e+003	 -4.0990774926727249e+002	  8.8153859520634694e+002	
  8.9100000000000000e+003	 -4.0990774926727249e+002	  8.8153859520634694e+002	
  8.9400000000000000e+003	 -4.0990774926727249e+002	  8.8153859520634694e+002	
  8.9700000000000000e+003	 -4.0990774926727249e+002	  8.8153859520634694e+002	
  9.0000000000000000e+003	 -4.0990774926727249e+002	  8.8153859520634694e+002	
  9.0300000000000000e+003	 -4.0990774926727249e+002	  8.8153859520634694e+002	
  9.0600000000000000e+003	 -4.0990774926727249e+002	  8.8153859520634694e+002	
  9.0900000000000000e+003	 -4.0990774926727249e+002	  8.8153859520634694e+002	
  9.1200000000000000e+003	 -4.0990774926727249e+002	  8.8153859520634694e+002	
  9.1500000000000000e+003	 -4.0990774926727249e+002	  8.8153859520634694e+002	
  9.1800000000000000e+003	 -4.0990774926727249e+002	  8.8153859520634694e+002	
  9.2100000000000000e+003	 -4.0990774926727249e+002	  8.8153859520634694e+002	
  9.2400000000000000e+003	 -4.0990774926727249e+002	  8.8153859520634694e+002	
  9.2700000000000000e+003	 -4.0990774926727249e+002	  8.8153859520634694e+002	
  9.3000000000000000e+003	 -4.0990774926727249e+002	  8.8153859520634694e+002	
  9.3300000000000000e+003	 -4.0782532966844155e+002	  8.8465401483634992e+002	
  9.3600000000000000e+003	 -3.8548574964972426e+002	  9.1807531290490715e+002	
  9.3900000000000000e+003	 -3.6314616963100673e+002	  9.5149661097346450e+002	
  9.4200000000000000e+003	 -3.4080658961228943e+002	  9.8491790904202173e+002	
  9.4500000000000000e+003	 -4.0216662418872727e+002	  8.5416572141866368e+002	
  9.4800000000000000e+003	 -3.7344574853528553e+002	  8.6094270361034341e+002	
  9.5100000000000000e+003	 -3.5486741556018353e+002	  8.3949078722316631e+002	
  9.5400000000000000e+003	 -3.4595919938796635e+002	  8.1594499183143648e+002	
  9.5700000000000000e+003	 -3.4108382196606311e+002	  8.0762293042428826e+002	
  9.6000000000000000e+003	 -3.4145042494902333e+002	  8.0800696759606467e+002	
  9.6300000000000000e+003	 -3.3995167117434846e+002	  8.1643813190504454e+002	
  9.6600000000000000e+003	 -3.4590542177880860e+002	  8.1683663898167390e+002	
  9.6900000000000000e+003	 -3.5379534438529288e+002	  8.1699248661326965e+002	
  9.7200000000000000e+003	 -3.5555314432906619e+002	  8.1289156566274301e+002	
  9.7500000000000000e+003	 -3.5215049336584877e+002	  8.1806335636037113e+002	
  9.7800000000000000e+003	 -3.5511033656234514e+002	  8.3656426162959360e+002	
  9.8100000000000000e+003	 -3.1316071493848244e+002	  8.5080616750518345e+002	
  9.8400000000000000e+003	 -2.9064099918426530e+002	  8.2299247896314114e+002	
  9.8700000000000000e+003	 -2.6284519457992201e+002	  7.9041998473172259e+002	
  9.9000000000000000e+003	 -2.5310782847795744e+002	  7.5854433307285137e+002	
  9.9300000000000000e+003	 -2.4718904163827352e+002	  7.2331914997666672e+002	
  9.9600000000000000e+003	 -2.5118332917531603e+002	  6.8514183440073725e+002	
  9.9900000000000000e+003	 -2.5221774149165384e+002	  6.4603168581358148e+002	
  1.0020000000000000e+004	 -2.2273494994475672e+002	  6.2888885235814701e+002	
  1.0050000000000000e+004	 -1.9890741020166442e+002	  6.0581169829593171e+002	
  1.0080000000000000e+004	 -1.7724825232431689e+002	  5.7907110206528318e+002	
  1.0110000000000000e+004	 -1.5307469293719379e+002	  5.4192681847816766e+002	
  1.0140000000000000e+004	 -1.5539811028200933e+002	  5.0349347752778169e+002	
  1.0170000000000000e+004	 -1.4619585341412207e+002	  4.7846939651144095e+002	
  1.0200000000000000e+004	 -1.4785600708722907e+002	  4.7650687715376955e+002	
  1.0230000000000000e+004	 -1.5208237648795176e+002	  4.7087867515796205e+002	
  1.0260000000000000e+004	 -1.4824428358811343e+002	  4.6619918459391636e+002	
  1.0290000000000000e+004	 -1.4218413690415815e+002	  4.5881051528226527e+002	
  1.0320000000000000e+004	 -1.3612399022020287e+002	  4.5142184597061413e+002	
  1.0350000000000000e+004	 -1.3006384353624759e+002	  4.4403317665896299e+002	
  1.0380000000000000e+004	 -1.3741942807317872e+002	  4.6100262701669709e+002	
  1.0410000000000000e+004	 -1.5204062557720690e+002	  4.4161065542560766e+002	
  1.0440000000000000e+004	 -1.6955327679342830e+002	  4.1908443613030369e+002	
  1.0470000000000000e+004	 -1.8706592800964964e+002	  3.9655821683499983e+002	
  1.0500000000000000e+004	 -1.5968367839451457e+002	  4.1390659565807766e+002	
  1.0530000000000000e+004	 -1.3796444968355175e+002	  4.2690842139975848e+002	
  1.0560000000000000e+004	 -1.2854351787301783e+002	  4.4333882886441575e+002	
  1.0590000000000000e+004	 -1.4879269121644936e+002	  4.5680820046182771e+002	
  1.0620000000000000e+004	 -1.4879269121644936e+002	  4.5680820046182771e+002	
  1.0650000000000000e+004	 -1.4879269121644936e+002	  4.5680820046182771e+002	
  1.0680000000000000e+004	 -1.4879269121644936e+002	  4.5680820046182771e+002	
  1.0710000000000000e+004	 -1.4879269121644936e+002	  4.5680820046182771e+002	
  1.0740000000000000e+004	 -1.4879269121644936e+002	  4.5680820046182771e+002	
  1.0770000000000000e+004	 -1.4879269121644936e+002	  4.5680820046182771e+002	
  1.0800000000000000e+004	 -1.4879269121644936e+002	  4.5680820046182771e+002	
  1.0830000000000000e+004	 -1.4879269121644936e+002	  4.5680820046182771e+002	
  1.0860000000000000e+004	 -1.4879269121644936e+002	  4.5680820046182771e+002	
  1.0890000000000000e+004	 -1.4879269121644936e+002	  4.5680820046182771e+002	
  1.0920000000000000e+004	 -1.4879269121644936e+002	  4.5680820046182771e+002	
  1.0950000000000000e+004	 -1.4879269121644936e+002	  4.5680820046182771e+002	
  1.0980000000000000e+004	 -1.4879269121644936e+002	  4.5680820046182771e+002	
  1.1010000000000000e+004	 -1.4879269121644936e+002	  4.5680820046182771e+002	
  1.1040000000000000e+004	 -1.4879269121644936e+002	  4.5680820046182771e+002	
  1.1070000000000000e+004	 -1.4879269121644936e+002	  4.5680820046182771e+002	
  1.1100000000000000e+004	 -1.4879269121644936e+002	  4.5680820046182771e+002	
  1.1130000000000000e+004	 -1.4879269121644936e+002	  4.5680820046182771e+002	
  1.1160000000000000e+004	 -1.4879269121644936e+002	  4.5680820046182771e+002	
  1.1190000000000000e+004	 -1.4879269121644936e+002	  4.5680820046182771e+002	
  1.1220000000000000e+004	 -1.4879269121644936e+002	  4.5680820046182771e+002	
  1.1250000000000000e+004	 -1.4879269121644936e+002	  4.5680820046182771e+002	
  1.1280000000000000e+004	 -1.4879269121644936e+002	  4.5680820046182771e+002	
  1.1310000000000000e+004	 -1.4879269121644936e+002	  4.5680820046182771e+002	
  1.1340000000000000e+004	 -1.4879269121644936e+002	  4.5680820046182771e+002	
  1.1370000000000000e+004	 -1.4879269121644936e+002	  4.5680820046182771e+002	
  1.1400000000000000e+004	 -1.4879269121644936e+002	  4.5680820046182771e+002	
  1.1430000000000000e+004	 -1.4879269121644936e+002	  4.5680820046182771e+002	
  1.1460000000000000e+004	 -1.4879269121644936e+002	  4.5680820046182771e+002	
  1.1490000000000000e+004	 -1.4879269121644936e+002	  4.5680820046182771e+002	
  1.1520000000000000e+004	 -1.4879269121644936e+002	  4.5680820046182771e+002	
  1.1550000000000000e+004	 -1.4879269121644936e+002	  4.5680820046182771e+002	
  1.1580000000000000e+004	 -1.4879269121644936e+002	  4.5680820046182771e+002	
  1.1610000000000000e+004	 -1.4879269121644936e+002	  4.5680820046182771e+002	
  1.1640000000000000e+004	 -1.4879269121644936e+002	  4.5680820046182771e+002	
  1.1670000000000000e+004	 -1.4879269121644936e+002	  4.5680820046182771e+002	
  1.1700000000000000e+004	 -1.4879269121644936e+002	  4.5680820046182771e+002	
  1.1730000000000000e+004	 -1.4879269121644936e+002	  4.5680820046182771e+002	
  1.1760000000000000e+004	 -1.4879269121644936e+002	  4.5680820046182771e+002	
  1.1790000000000000e+004	 -1.4879269121644936e+002	  4.5680820046182771e+002	
  1.1820000000000000e+004	 -1.4879269121644936e+002	  4.5680820046182771e+002	
  1.1850000000000000e+004	 -1.4879269121644936e+002	  4.5680820046182771e+002	
  1.1880000000000000e+004	 -1.4879269121644936e+002	  4.5680820046182771e+002	
  1.1910000000000000e+004	 -1.4879269121644936e+002	  4.5680820046182771e+002	
  1.1940000000000000e+004	 -1.4879269121644936e+002	  4.5680820046182771e+002	
  1.1970000000000000e+004	 -1.4879269121644936e+002	  4.5680820046182771e+002	
  1.2000000000000000e+004	 -1.4879269121644936e+002	  4.5680820046182771e+002	
  1.2030000000000000e+004	 -1.4879269121644936e+002	  4.5680820046182771e+002	
  1.2060000000000000e+004	 -1.4879269121644936e+002	  4.5680820046182771e+002	
  1.2090000000000000e+004	 -1.4879269121644936e+002	  4.5680820046182771e+002	
  1.2120000000000000e+004	 -1.4879269121644936e+002	  4.5680820046182771e+002	
  1.2150000000000000e+004	 -1.4879269121644936e+002	  4.5680820046182771e+002	
  1.2180000000000000e+004	 -1.4660857882478265e+002	  4.9537312741869761e+002	
  1.2210000000000000e+004	 -1.3615194256326930e+002	  4.7945010256443948e+002	
  1.2240000000000000e+004	 -1.4035776969613386e+002	  4.6567793979522639e+002	
  1.2270000000000000e+004	 -1.2456357159844063e+002	  4.7655362779766608e+002	
  1.2300000000000000e+004	 -1.2320822820085527e+002	  4.7818998049803594e+002	
  1.2330000000000000e+004	 -8.0798794291947573e+001	  5.2334019510473718e+002	
  1.2360000000000000e+004	 -4.8559678041687896e+001	  5.6542475429463263e+002	
  1.2390000000000000e+004	 -1.5115654374605006e+001	  5.6584775527875775e+002	
  1.2420000000000000e+004	 -1.0212578439589468e+001	  5.7271451334293329e+002	
  1.2450000000000000e+004	 -1.6800959010349708e+001	  5.6134483469952136e+002	
  1.2480000000000000e+004	 -2.3389339581109944e+001	  5.4997515605610943e+002	
  1.2510000000000000e+004	 -2.9977720151870184e+001	  5.3860547741269750e+002	
  1.2540000000000000e+004	 -3.6566100722630416e+001	  5.2723579876928557e+002	
  1.2570000000000000e+004	 -4.3154481293390660e+001	  5.1586612012587375e+002	
  1.2600000000000000e+004	 -4.9742861864150896e+001	  5.0449644148246176e+002	
  1.2630000000000000e+004	 -5.9163815101122204e+001	  5.1087491605465033e+002	
  1.2660000000000000e+004	 -5.9163815101122204e+001	  5.1087491605465033e+002	
  1.2690000000000000e+004	 -5.9163815101122204e+001	  5.1087491605465033e+002	
  1.2720000000000000e+004	 -5.9163815101122204e+001	  5.1087491605465033e+002	
  1.2750000000000000e+004	 -5.9163815101122204e+001	  5.1087491605465033e+002	
  1.2780000000000000e+004	 -5.9163815101122204e+001	  5.1087491605465033e+002	
  1.2810000000000000e+004	 -5.9163815101122204e+001	  5.1087491605465033e+002	
  1.2840000000000000e+004	 -5.9163815101122204e+001	  5.1087491605465033e+002	
  1.2870000000000000e+004	 -5.9163815101122204e+001	  5.1087491605465033e+002	
  1.2900000000000000e+004	 -5.9163815101122204e+001	  5.1087491605465033e+002	
  1.2930000000000000e+004	 -5.9163815101122204e+001	  5.1087491605465033e+002	
  1.2960000000000000e+004	 -5.9163815101122204e+001	  5.1087491605465033e+002	
  1.2990000000000000e+004	 -5.9163815101122204e+001	  5.1087491605465033e+002	
  1.3020000000000000e+004	 -5.9163815101122204e+001	  5.1087491605465033e+002	
  1.3050000000000000e+004	 -5.9163815101122204e+001	  5.1087491605465033e+002	
  1.3080000000000000e+004	 -5.9163815101122204e+001	  5.1087491605465033e+002	
  1.3110000000000000e+004	 -5.9163815101122204e+001	  5.1087491605465033e+002	
  1.3140000000000000e+004	 -5.9163815101122204e+001	  5.1087491605465033e+002	
  1.3170000000000000e+004	 -5.9163815101122204e+001	  5.1087491605465033e+002	
  1.3200000000000000e+004	 -5.9163815101122204e+001	  5.1087491605465033e+002	
  1.3230000000000000e+004	 -5.9163815101122204e+001	  5.1087491605465033e+002	
  1.3260000000000000e+004	 -5.9163815101122204e+001	  5.1087491605465033e+002	
  1.3290000000000000e+004	 -5.9163815101122204e+001	  5.1087491605465033e+002	
  1.3320000000000000e+004	 -5.9163815101122204e+001	  5.1087491605465033e+002	
  1.3350000000000000e+004	 -5.9163815101122204e+001	  5.1087491605465033e+002	
  1.3380000000000000e+004	 -5.9163815101122204e+001	  5.1087491605465033e+002	
  1.3410000000000000e+004	 -5.9163815101122204e+001	  5.1087491605465033e+002	
  1.3440000000000000e+004	 -5.9163815101122204e+001	  5.1087491605465033e+002	
  1.3470000000000000e+004	 -5.9163815101122204e+001	  5.1087491605465033e+002	
  1.3500000000000000e+004	 -5.9163815101122204e+001	  5.1087491605465033e+002	
  1.3530000000000000e+004	 -5.9163815101122204e+001	  5.1087491605465033e+002	
  1.3560000000000000e+004	 -5.9163815101122204e+001	  5.1087491605465033e+002	
  1.3590000000000000e+004	 -5.9163815101122204e+001	  5.1087491605465033e+002	
  1.3620000000000000e+004	 -5.9163815101122204e+001	  5.1087491605465033e+002	
  1.3650000000000000e+004	 -5.9163815101122204e+001	  5.1087491605465033e+002	
  1.3680000000000000e+004	 -5.9163815101122204e+001	  5.1087491605465033e+002	
  1.3710000000000000e+004	 -5.9163815101122204e+001	  5.1087491605465033e+002	
  1.3740000000000000e+004	 -5.9163815101122204e+001	  5.1087491605465033e+002	
  1.3770000000000000e+004	 -5.9163815101122204e+001	  5.1087491605465033e+002	
  1.3800000000000000e+004	 -5.9163815101122204e+001	  5.1087491605465033e+002	
  1.3830000000000000e+004	 -5.9163815101122204e+001	  5.1087491605465033e+002	
  1.3860000000000000e+004	 -5.9163815101122204e+001	  5.1087491605465033e+002	
  1.3890000000000000e+004	 -5.9163815101122204e+001	  5.1087491605465033e+002	
  1.3920000000000000e+004	 -5.9163815101122204e+001	  5.1087491605465033e+002	
  1.3950000000000000e+004	 -5.9163815101122204e+001	  5.1087491605465033e+002	
  1.3980000000000000e+004	 -5.9163815101122204e+001	  5.1087491605465033e+002	
  1.4010000000000000e+004	 -5.9163815101122204e+001	  5.1087491605465033e+002	
  1.4040000000000000e+004	 -5.9163815101122204e+001	  5.1087491605465033e+002	
  1.4070000000000000e+004	 -5.9163815101122204e+001	  5.1087491605465033e+002	
  1.4100000000000000e+004	 -5.9163815101122204e+001	  5.1087491605465033e+002	
  1.4130000000000000e+004	 -5.9163815101122204e+001	  5.1087491605465033e+002	
  1.4160000000000000e+004	 -5.9163815101122204e+001	  5.1087491605465033e+002	
  1.4190000000000000e+004	 -5.9163815101122204e+001	  5.1087491605465033e+002	
  1.4220000000000000e+004	 -5.9163815101122204e+001	  5.1087491605465033e+002	
  1.4250000000000000e+004	 -5.9163815101122204e+001	  5.1087491605465033e+002	
  1.4280000000000000e+004	 -5.9163815101122204e+001	  5.1087491605465033e+002	
  1.4310000000000000e+004	 -5.9163815101122204e+001	  5.1087491605465033e+002	
  1.4340000000000000e+004	 -5.9163815101122204e+001	  5.1087491605465033e+002	
  1.4370000000000000e+004	 -5.9163815101122204e+001	  5.1087491605465033e+002	
  1.4400000000000000e+004	 -5.9163815101122204e+001	  5.1087491605465033e+002	
  1.4430000000000000e+004	 -5.9163815101122204e+001	  5.1087491605465033e+002	
  1.4460000000000000e+004	 -5.9163815101122204e+001	  5.1087491605465033e+002	
  1.4490000000000000e+004	 -5.9163815101122204e+001	  5.1087491605465033e+002	
  1.4520000000000000e+004	 -5.9163815101122204e+001	  5.1087491605465033e+002	
  1.4550000000000000e+004	 -5.9163815101122204e+001	  5.1087491605465033e+002	
  1.4580000000000000e+004	 -5.9163815101122204e+001	  5.1087491605465033e+002	
  1.4610000000000000e+004	 -5.9163815101122204e+001	  5.1087491605465033e+002	
  1.4640000000000000e+004	 -5.9163815101122204e+001	  5.1087491605465033e+002	
  1.4670000000000000e+004	 -5.9163815101122204e+001	  5.1087491605465033e+002	
  1.4700000000000000e+004	 -5.9163815101122204e+001	  5.1087491605465033e+002	
  1.4730000000000000e+004	 -5.9163815101122204e+001	  5.1087491605465033e+002	
  1.4760000000000000e+004	 -5.9163815101122204e+001	  5.1087491605465033e+002	
  1.4790000000000000e+004	 -5.9163815101122204e+001	  5.1087491605465033e+002	
  1.4820000000000000e+004	 -5.9163815101122204e+001	  5.1087491605465033e+002	
  1.4850000000000000e+004	 -5.9163815101122204e+001	  5.1087491605465033e+002	
  1.4880000000000000e+004	 -5.9163815101122204e+001	  5.1087491605465033e+002	
  1.4910000000000000e+004	 -5.9163815101122204e+001	  5.1087491605465033e+002	
  1.4940000000000000e+004	 -5.9163815101122204e+001	  5.1087491605465033e+002	
  1.4970000000000000e+004	 -5.9163815101122204e+001	  5.1087491605465033e+002	
  1.5000000000000000e+004	 -5.9163815101122204e+001	  5.1087491605465033e+002	
  1.5030000000000000e+004	 -5.9163815101122204e+001	  5.1087491605465033e+002	
  1.5060000000000000e+004	 -5.9163815101122204e+001	  5.1087491605465033e+002	
  1.5090000000000000e+004	 -5.9163815101122204e+001	  5.1087491605465033e+002	
  1.5120000000000000e+004	 -5.9163815101122204e+001	  5.1087491605465033e+002	
  1.5150000000000000e+004	 -5.9163815101122204e+001	  5.1087491605465033e+002	
  1.5180000000000000e+004	 -5.9163815101122204e+001	  5.1087491605465033e+002	
  1.5210000000000000e+004	 -5.9163815101122204e+001	  5.1087491605465033e+002	
  1.5240000000000000e+004	 -5.9163815101122204e+001	  5.1087491605465033e+002	
  1.5270000000000000e+004	 -5.9163815101122204e+001	  5.1087491605465033e+002	
  1.5300000000000000e+004	 -5.9163815101122204e+001	  5.1087491605465033e+002	
  1.5330000000000000e+004	 -5.9163815101122204e+001	  5.1087491605465033e+002	
  1.5360000000000000e+004	 -5.9163815101122204e+001	  5.1087491605465033e+002	
  1.5390000000000000e+004	 -5.9163815101122204e+001	  5.1087491605465033e+002	
  1.5420000000000000e+004	 -5.9163815101122204e+001	  5.1087491605465033e+002	
  1.5450000000000000e+004	 -5.9163815101122204e+001	  5.1087491605465033e+002	
  1.5480000000000000e+004	 -5.9163815101122204e+001	  5.1087491605465033e+002	
  1.5510000000000000e+004	 -5.9163815101122204e+001	  5.1087491605465033e+002	
  1.5540000000000000e+004	 -5.9163815101122204e+001	  5.1087491605465033e+002	
  1.5570000000000000e+004	 -5.9163815101122204e+001	  5.1087491605465033e+002	
  1.5600000000000000e+004	 -5.9163815101122204e+001	  5.1087491605465033e+002	
  1.5630000000000000e+004	 -8.6535155280165881e+001	  5.0925807636164706e+002	
  1.5660000000000000e+004	 -1.2125950835887249e+002	  5.0528679894137701e+002	
  1.5690000000000000e+004	 -1.0321362084227050e+002	  5.0288012816000190e+002	
  1.5720000000000000e+004	 -1.1660373243703131e+002	  4.5835550686101459e+002	
  1.5750000000000000e+004	 -9.8828539819131308e+001	  5.0132167893186050e+002	
  1.5780000000000000e+004	 -9.0572880184720020e+001	  5.6221658883713405e+002	
  1.5810000000000000e+004	 -1.0229210879388808e+002	  5.6158652840535456e+002	
  1.5840000000000000e+004	 -1.0716667855179928e+002	  5.5393014891751159e+002	
  1.5870000000000000e+004	 -8.6429868848769331e+001	  5.2688231850116392e+002	
  1.5900000000000000e+004	 -8.6239849075638347e+001	  5.3421589321584031e+002	
  1.5930000000000000e+004	 -7.6175256202884299e+001	  5.4814164687102107e+002	
  1.5960000000000000e+004	 -7.1006760373815354e+001	  5.5675537781160449e+002	
  1.5990000000000000e+004	 -7.1013985431539879e+001	  5.6141287851334300e+002	
  1.6020000000000000e+004	 -7.1013985431539879e+001	  5.6141287851334300e+002	
  1.6050000000000000e+004	 -7.1013985431539879e+001	  5.6141287851334300e+002	
  1.6080000000000000e+004	 -7.1013985431539879e+001	  5.6141287851334300e+002	
  1.6110000000000000e+004	 -7.1013985431539879e+001	  5.6141287851334300e+002	
  1.6140000000000000e+004	 -7.1013985431539879e+001	  5.6141287851334300e+002	
  1.6170000000000000e+004	 -7.1013985431539879e+001	  5.6141287851334300e+002	
  1.6200000000000000e+004	 -7.0583449442095898e+001	  5.8214363703540118e+002	
  1.6230000000000000e+004	 -6.9748756610490048e+001	  6.2233497052754660e+002	
  1.6260000000000000e+004	 -6.8914063778884213e+001	  6.6252630401969191e+002	
  1.6290000000000000e+004	 -6.8079370947278363e+001	  7.0271763751183721e+002	
  1.6320000000000000e+004	 -1.4770808371699681e+002	  5.1715097571654997e+002	
  1.6350000000000000e+004	 -2.0988805758878274e+002	  3.9516301609653840e+002	
  1.6380000000000000e+004	 -1.8110532932724436e+002	  2.7288341877807613e+002	
  1.6410000000000000e+004	 -1.5782819230306430e+002	  2.9322103303785968e+002	
  1.6440000000000000e+004	 -1.5629359280161151e+002	  2.8320695310955836e+002	
  1.6470000000000000e+004	 -1.8699454656775364e+002	  2.1190613526678993e+002	
  1.6500000000000000e+004	 -2.6850045786650787e+002	  2.0907867122911162e+002	
  1.6530000000000000e+004	 -3.5523582070504943e+002	  1.9586979738744142e+002	
  1.6560000000000000e+004	 -4.3234768663213072e+002	  1.3854592079989465e+002	
  1.6590000000000000e+004	 -4.8836596586867989e+002	  2.2819626062092419e+002	
  1.6620000000000000e+004	 -5.5729926059689501e+002	  2.8063775093418491e+002	
  1.6650000000000000e+004	 -6.1160545614530633e+002	  3.0791489602223413e+002	
  1.6680000000000000e+004	 -6.4112857575079272e+002	  3.2352823240937136e+002	
  1.6710000000000000e+004	 -6.4582022463774979e+002	  3.1939836409906241e+002	
  1.6740000000000000e+004	 -6.5169867656849351e+002	  3.0638095067514178e+002	
  1.6770000000000000e+004	 -6.9968898643389184e+002	  2.3551203558235238e+002	
  1.6800000000000000e+004	 -6.7841791720327387e+002	  2.3472168462673216e+002	
  1.6830000000000000e+004	 -6.4743907494130258e+002	  3.4945176601702292e+002	
  1.6860000000000000e+004	 -6.4265672320783983e+002	  3.4278943170970047e+002	
  1.6890000000000000e+004	 -6.2352894255978390e+002	  3.2252682285539117e+002	
  1.6920000000000000e+004	 -6.0440116191172785e+002	  3.0226421400108183e+002	
  1.6950000000000000e+004	 -5.7748032782790892e+002	  2.9174498668956511e+002	
  1.6980000000000000e+004	 -6.4737364646854235e+002	  2.9745442706654154e+002	
  1.7010000000000000e+004	 -6.5181968479845352e+002	  3.2466701344461114e+002	
  1.7040000000000000e+004	 -6.7483330435905191e+002	  3.1399058870048748e+002	
  1.7070000000000000e+004	 -6.8566996911579974e+002	  3.0405053485411622e+002	
  1.7100000000000000e+004	 -7.4901979619570477e+002	  2.6322499530050794e+002	
  1.7130000000000000e+004	 -7.8369757201743755e+002	  2.5896431911981813e+002	
  1.7160000000000000e+004	 -7.8369757201743755e+002	  2.5896431911981813e+002	
  1.7190000000000000e+004	 -7.8369757201743755e+002	  2.5896431911981813e+002	
  1.7220000000000000e+004	 -7.8369757201743755e+002	  2.5896431911981813e+002	
  1.7250000000000000e+004	 -7.8369757201743755e+002	  2.5896431911981813e+002	
  1.7280000000000000e+004	 -7.8369757201743755e+002	  2.5896431911981813e+002	
  1.7310000000000000e+004	 -7.8369757201743755e+002	  2.5896431911981813e+002	
  1.7340000000000000e+004	 -7.8369757201743755e+002	  2.5896431911981813e+002	
  1.7370000000000000e+004	 -7.8369757201743755e+002	  2.5896431911981813e+002	
  1.7400000000000000e+004	 -7.8369757201743755e+002	  2.5896431911981813e+002	
  1.7430000000000000e+004	 -7.8369757201743755e+002	  2.5896431911981813e+002	
  1.7460000000000000e+004	 -7.8369757201743755e+002	  2.5896431911981813e+002	
  1.7490000000000000e+004	 -7.8369757201743755e+002	  2.5896431911981813e+002	
  1.7520000000000000e+004	 -7.8369757201743755e+002	  2.5896431911981813e+002	
  1.7550000000000000e+004	 -7.8369757201743755e+002	  2.5896431911981813e+002	
  1.7580000000000000e+004	 -7.7970183744770384e+002	  2.6166451508061613e+002	
  1.7610000000000000e+004	 -7.4639401225565064e+002	  2.8417293086173345e+002	
  1.7640000000000000e+004	 -7.1308618706359732e+002	  3.0668134664285077e+002	
  1.7670000000000000e+004	 -6.7977836187154389e+002	  3.2918976242396809e+002	
  1.7700000000000000e+004	 -6.7627378948034607e+002	  2.9099692632406817e+002	
  1.7730000000000000e+004	 -6.6859181994877895e+002	  2.8674462008658173e+002	
  1.7760000000000000e+004	 -6.6409379018959339e+002	  2.7425261132949998e+002	
  1.7790000000000000e+004	 -6.7648532501136219e+002	  3.0891897193697952e+002	
  1.7820000000000000e+004	 -6.7223291521203191e+002	  3.1490338523478778e+002	
  1.7850000000000000e+004	 -6.6233688796396018e+002	  3.0563958055353180e+002	
  1.7880000000000000e+004	 -6.5745162587177742e+002	  2.8935834058981698e+002	
  1.7910000000000000e+004	 -6.6232613735025848e+002	  3.1959651874238671e+002	
  1.7940000000000000e+004	 -6.3558896074521385e+002	  3.2969520174124295e+002	
  1.7970000000000000e+004	 -6.2640552600137698e+002	  3.2708513301193994e+002	
  1.8000000000000000e+004	 -6.0672673726458413e+002	  3.2149212859200492e+002	
  1.8030000000000000e+004	 -5.8704794852779105e+002	  3.1589912417206983e+002	
  1.8060000000000000e+004	 -5.6736915979099808e+002	  3.1030611975213486e+002	
  1.8090000000000000e+004	 -5.4769037105420500e+002	  3.0471311533219978e+002	
  1.8120000000000000e+004	 -5.2801158231741204e+002	  2.9912011091226469e+002	
  1.8150000000000000e+004	 -5.0833279358061895e+002	  2.9352710649232972e+002	
  1.8180000000000000e+004	 -4.8865400484382599e+002	  2.8793410207239469e+002	
  1.8210000000000000e+004	 -5.8513001592231922e+002	  2.7457986731843658e+002	
  1.8240000000000000e+004	 -6.2619491265415513e+002	  2.3456360111175132e+002	
  1.8270000000000000e+004	 -6.3252087208912099e+002	  2.4485505974950559e+002	
  1.8300000000000000e+004	 -6.4306413781406422e+002	  2.6200749081242930e+002	
  1.8330000000000000e+004	 -6.7556743253697186e+002	  2.8124999192606765e+002	
  1.8360000000000000e+004	 -6.7084352120152209e+002	  2.7032978084432574e+002	
  1.8390000000000000e+004	 -6.6733194272802712e+002	  2.8172556606095952e+002	
  1.8420000000000000e+004	 -6.6382036425453225e+002	  2.9312135127759325e+002	
  1.8450000000000000e+004	 -6.6030878578103716e+002	  3.0451713649422703e+002	
  1.8480000000000000e+004	 -6.5679720730754229e+002	  3.1591292171086081e+002	
  1.8510000000000000e+004	 -6.4556564554094234e+002	  3.1299761580272542e+002	
  1.8540000000000000e+004	 -6.6539354769676970e+002	  2.7798842717057835e+002	
  1.8570000000000000e+004	 -6.6659469448340565e+002	  3.0687519124589898e+002	
  1.8600000000000000e+004	 -7.0890375414372011e+002	  3.3218869828813428e+002	
  1.8630000000000000e+004	 -6.4772592322241462e+002	  2.8825185076364033e+002	
  1.8660000000000000e+004	 -6.6762551885805021e+002	  2.7944666548603095e+002	
  1.8690000000000000e+004	 -6.3455683687752071e+002	  2.8636740532952513e+002	
  1.8720000000000000e+004	 -5.5960743614482942e+002	  3.0609040797446193e+002	
  1.8750000000000000e+004	 -6.1662158633574586e+002	  3.0394197970396874e+002	
  1.8780000000000000e+004	 -6.0034335743908764e+002	  3.0705886213721834e+002	
  1.8810000000000000e+004	 -6.2239874632732949e+002	  2.9445777160427741e+002	
  1.8840000000000000e+004	 -6.2307999725053401e+002	  3.0014607432216900e+002	
  1.8870000000000000e+004	 -6.0587400801084038e+002	  2.8232978302290462e+002	
  1.8900000000000000e+004	 -6.1129921194169310e+002	  2.8378215442164066e+002	
  1.8930000000000000e+004	 -6.2214961980339854e+002	  2.8668689721911278e+002	
  1.8960000000000000e+004	 -6.3300002766510397e+002	  2.8959164001658496e+002	
  1.8990000000000000e+004	 -6.4385043552680941e+002	  2.9249638281405709e+002	
  1.9020000000000000e+004	 -6.5598157883042859e+002	  2.7366929759721626e+002	
  1.9050000000000000e+004	 -6.4541113177302384e+002	  2.7845569252981653e+002	
  1.9080000000000000e+004	 -6.2872095220870074e+002	  2.8601315821286966e+002	
  1.9110000000000000e+004	 -6.1203077264437752e+002	  2.9357062389592278e+002	
  1.9140000000000000e+004	 -6.7472573797099687e+002	  3.4617792112097845e+002	
  1.9170000000000000e+004	 -6.1737633528979256e+002	  2.5470086975516944e+002	
  1.9200000000000000e+004	 -6.3248352838684002e+002	  2.7151466136502557e+002	
  1.9230000000000000e+004	 -6.8973380467877428e+002	  3.3642655048202403e+002	
  1.9260000000000000e+004	 -6.6736377990135566e+002	  2.9118505268823731e+002	
  1.9290000000000000e+004	 -6.1768468972279663e+002	  3.0909374068100914e+002	
  1.9320000000000000e+004	 -6.3750630815803379e+002	  2.5915577061471032e+002	
  1.9350000000000000e+004	 -6.7148712863551077e+002	  3.6960461373213377e+002	
  1.9380000000000000e+004	 -6.7063646484655158e+002	  3.5724505894316593e+002	
  1.9410000000000000e+004	 -6.7246955194052259e+002	  3.5443543442120063e+002	
  1.9440000000000000e+004	 -6.7011028248593584e+002	  3.3594120287908834e+002	
  1.9470000000000000e+004	 -6.7273578298821008e+002	  2.9202774176642890e+002	
  1.9500000000000000e+004	 -6.7303516852132486e+002	  2.4047121444412966e+002	
  1.9530000000000000e+004	 -6.7172335750735988e+002	  2.9288262702448100e+002	
  1.9560000000000000e+004	 -6.7356851954713761e+002	  3.1123882128381342e+002	
  1.9590000000000000e+004	 -6.7545139896453759e+002	  2.9879296838832090e+002	
  1.9620000000000000e+004	 -6.7898179787216236e+002	  2.7545699420927241e+002	
  1.9650000000000000e+004	 -6.8251219677978713e+002	  2.5212102003022389e+002	
  1.9680000000000000e+004	 -6.8604259568741202e+002	  2.2878504585117540e+002	
  1.9710000000000000e+004	 -6.8957299459503668e+002	  2.0544907167212691e+002	
  1.9740000000000000e+004	 -6.5143693402562394e+002	  2.5312461647998089e+002	
  1.9770000000000000e+004	 -6.3867967030228681e+002	  2.8068673362038555e+002	
  1.9800000000000000e+004	 -6.4185105220288187e+002	  2.8028598667193461e+002	
  1.9830000000000000e+004	 -6.4087041276650314e+002	  3.0394978320393454e+002	
  1.9860000000000000e+004	 -6.5575210065260865e+002	  3.0579096973093243e+002	
  1.9890000000000000e+004	 -6.4784245409571224e+002	  2.8586521111001753e+002	
  1.9920000000000000e+004	 -6.4798766120445816e+002	  2.8470307272664490e+002	
  1.9950000000000000e+004	 -6.5465492553645277e+002	  2.8452940178945420e+002	
  1.9980000000000000e+004	 -6.6558715688937309e+002	  2.8858802931177786e+002	
  2.0010000000000000e+004	 -6.4536665413380820e+002	  2.7126931190636651e+002	
  2.0040000000000000e+004	 -7.4733328866172883e+002	  2.4778586168650259e+002	
  2.0070000000000000e+004	 -7.3305891140779772e+002	  2.5796247036040756e+002	
  2.0100000000000000e+004	 -7.0998757262916865e+002	  2.7085536869495024e+002	
  2.0130000000000000e+004	 -6.8691623385053958e+002	  2.8374826702949287e+002	
  2.0160000000000000e+004	 -6.7097080991388384e+002	  2.9146444457333229e+002	
  2.0190000000000000e+004	 -6.9715043901746958e+002	  2.9151566352792383e+002	
  2.0220000000000000e+004	 -6.7671838750365873e+002	  2.3156249940294055e+002	
  2.0250000000000000e+004	 -6.8143513548530518e+002	  2.7313722049163590e+002	
  2.0280000000000000e+004	 -6.8233510036362986e+002	  3.1032380389070670e+002	
  2.0310000000000000e+004	 -6.6607658844295668e+002	  3.0244477794452746e+002	
  2.0340000000000000e+004	 -6.5892885639451129e+002	  3.0094868005250464e+002	
  2.0370000000000000e+004	 -6.5942545968709203e+002	  2.8888411931656128e+002	
  2.0400000000000000e+004	 -6.6552978772781989e+002	  2.9429190768321098e+002	
  2.0430000000000000e+004	 -6.6054234449292255e+002	  3.1819168906382117e+002	
  2.0460000000000000e+004	 -6.4552082873938650e+002	  3.1680465861273723e+002	
  2.0490000000000000e+004	 -6.5567069149766246e+002	  3.1297923050535832e+002	
  2.0520000000000000e+004	 -6.6738207160336538e+002	  3.0856527499684415e+002	
  2.0550000000000000e+004	 -6.3400057620553582e+002	  3.0195942721545015e+002	
  2.0580000000000000e+004	 -6.1362410446702972e+002	  3.0446852451847769e+002	
  2.0610000000000000e+004	 -6.2089820507456477e+002	  3.3304139284628752e+002	
  2.0640000000000000e+004	 -6.0355239909290231e+002	  3.0276760618770396e+002	
  2.0670000000000000e+004	 -6.4260321605073943e+002	  3.0773029948218658e+002	
  2.0700000000000000e+004	 -7.1151642244692289e+002	  3.1648799353127356e+002	
  2.0730000000000000e+004	 -6.9279941290515546e+002	  3.1304884251865934e+002	
  2.0760000000000000e+004	 -6.9085964976035496e+002	  3.2200318917033917e+002	
  2.0790000000000000e+004	 -6.9190304085744879e+002	  2.9963290492326331e+002	
  2.0820000000000000e+004	 -6.6472842767563600e+002	  2.9855757053710767e+002	
  2.0850000000000000e+004	 -6.5642258625640193e+002	  3.0201287475533621e+002	
  2.0880000000000000e+004	 -6.6021785444335376e+002	  3.0733605552861604e+002	
  2.0910000000000000e+004	 -6.6339820185309077e+002	  3.1153716319072521e+002	
  2.0940000000000000e+004	 -6.6093854880550373e+002	  3.1235199954283064e+002	
  2.0970000000000000e+004	 -6.6929428631083294e+002	  3.0804681355770225e+002	
  2.1000000000000000e+004	 -6.7824686220940009e+002	  3.0343411428792183e+002	
  2.1030000000000000e+004	 -6.8719943810796713e+002	  2.9882141501814141e+002	
  2.1060000000000000e+004	 -6.8002244179909417e+002	  3.0265626312641689e+002	
  2.1090000000000000e+004	 -7.0551006421035481e+002	  2.7055686802981472e+002	
  2.1120000000000000e+004	 -7.2371192972795336e+002	  2.4821110208542967e+002	
  2.1150000000000000e+004	 -7.2371192972795336e+002	  2.4821110208542970e+002	
  2.1180000000000000e+004	 -7.2371192972795336e+002	  2.4821110208542970e+002	
  2.1210000000000000e+004	 -7.2371192972795336e+002	  2.4821110208542970e+002	
  2.1240000000000000e+004	 -7.2371192972795336e+002	  2.4821110208542970e+002	
  2.1270000000000000e+004	 -7.2371192972795336e+002	  2.4821110208542970e+002	
  2.1300000000000000e+004	 -7.2371192972795336e+002	  2.4821110208542970e+002	
  2.1330000000000000e+004	 -7.2371192972795336e+002	  2.4821110208542970e+002	
  2.1360000000000000e+004	 -7.2371192972795336e+002	  2.4821110208542970e+002	
  2.1390000000000000e+004	 -7.2371192972795336e+002	  2.4821110208542970e+002	
  2.1420000000000000e+004	 -7.2371192972795336e+002	  2.4821110208542970e+002	
  2.1450000000000000e+004	 -7.2371192972795336e+002	  2.4821110208542970e+002	
  2.1480000000000000e+004	 -7.2371192972795336e+002	  2.4821110208542970e+002	
  2.1510000000000000e+004	 -7.2371192972795336e+002	  2.4821110208542970e+002	
  2.1540000000000000e+004	 -7.2371192972795336e+002	  2.4821110208542970e+002	
  2.1570000000000000e+004	 -7.2371192972795336e+002	  2.4821110208542970e+002	
  2.1600000000000000e+004	 -7.2371192972795336e+002	  2.4821110208542970e+002	
  2.1630000000000000e+004	 -7.2371192972795336e+002	  2.4821110208542970e+002	
  2.1660000000000000e+004	 -7.2371192972795336e+002	  2.4821110208542970e+002	
  2.1690000000000000e+004	 -7.2371192972795336e+002	  2.4821110208542970e+002	
  2.1720000000000000e+004	 -7.2371192972795336e+002	  2.4821110208542970e+002	
  2.1750000000000000e+004	 -7.2371192972795336e+002	  2.4821110208542970e+002	
  2.1780000000000000e+004	 -7.1509436862182042e+002	  2.5801228693857536e+002	
  2.1810000000000000e+004	 -6.8855011724987469e+002	  2.8820239656247435e+002	
  2.1840000000000000e+004	 -6.6477504776411820e+002	  3.1369670114416903e+002	
  2.1870000000000000e+004	 -6.6110348151551602e+002	  3.1722990577291682e+002	
  2.1900000000000000e+004	 -6.6663412734749966e+002	  3.1751265381009108e+002	
  2.1930000000000000e+004	 -6.6337310850151641e+002	  3.3073490083403652e+002	
  2.1960000000000000e+004	 -6.6490411859266169e+002	  3.2507108758107552e+002	
  2.1990000000000000e+004	 -6.4098516256432868e+002	  3.1355422222307607e+002	
  2.2020000000000000e+004	 -6.5813108703252874e+002	  3.0963808884169504e+002	
  2.2050000000000000e+004	 -6.5868146087710159e+002	  3.0958689012880922e+002	
  2.2080000000000000e+004	 -6.5591524205111068e+002	  3.0575979959655621e+002	
  2.2110000000000000e+004	 -6.8447027310283033e+002	  3.0644106110857581e+002	
  2.2140000000000000e+004	 -6.8204287119092237e+002	  2.9861992159113561e+002	
  2.2170000000000000e+004	 -6.6187076973326953e+002	  3.0919726548234280e+002	
  2.2200000000000000e+004	 -6.7127915969582602e+002	  3.1474976000954626e+002	
  2.2230000000000000e+004	 -6.6525012562138022e+002	  2.8961659138068188e+002	
  2.2260000000000000e+004	 -6.7821174995852618e+002	  2.9003068140761189e+002	
  2.2290000000000000e+004	 -6.9521605261767252e+002	  2.7423034194608135e+002	
  2.2320000000000000e+004	 -6.7757353471806312e+002	  2.8351864546614661e+002	
  2.2350000000000000e+004	 -6.8048856054841622e+002	  2.9152900836479660e+002	
  2.2380000000000000e+004	 -6.7942366357304104e+002	  2.8395055852582055e+002	
  2.2410000000000000e+004	 -6.8262373009634962e+002	  2.8178653949237912e+002	
  2.2440000000000000e+004	 -6.6914937323786921e+002	  2.6361292054304357e+002	
  2.2470000000000000e+004	 -6.7545807688975333e+002	  2.7403887725772682e+002	
  2.2500000000000000e+004	 -6.7975173999640515e+002	  2.7524555135002419e+002	
  2.2530000000000000e+004	 -6.7442724676531964e+002	  2.8023923996221384e+002	
  2.2560000000000000e+004	 -6.7348425275035675e+002	  2.9019321868853712e+002	
  2.2590000000000000e+004	 -6.7080945812457253e+002	  2.8926259636677588e+002	
  2.2620000000000000e+004	 -6.5973201965788587e+002	  2.5585409740531941e+002	
  2.2650000000000000e+004	 -6.4894698790185237e+002	  2.6795130406671012e+002	
  2.2680000000000000e+004	 -5.6559873326942989e+002	  3.9855410502282780e+002	
  2.2710000000000000e+004	 -6.2318666746488702e+002	  3.5433190330723016e+002	
  2.2740000000000000e+004	 -6.4377289538788250e+002	  3.1033716583568651e+002	
  2.2770000000000000e+004	 -6.6126841097468468e+002	  3.2436312189549562e+002	
  2.2800000000000000e+004	 -6.6480730829237393e+002	  3.0032530138434259e+002	
  2.2830000000000000e+004	 -6.7197295599124300e+002	  2.9678318664589818e+002	
  2.2860000000000000e+004	 -6.7324044483052751e+002	  2.8428451581373895e+002	
  2.2890000000000000e+004	 -6.7245163129064224e+002	  2.8633497486958379e+002	
  2.2920000000000000e+004	 -6.7703391200697502e+002	  2.9285368950716668e+002	
  2.2950000000000000e+004	 -6.8503678068334557e+002	  2.9170713717541378e+002	
  2.2980000000000000e+004	 -6.9055488752295219e+002	  2.9322772838006841e+002	
  2.3010000000000000e+004	 -7.0734866292766230e+002	  2.7740405587928217e+002	
  2.3040000000000000e+004	 -7.3533828860217932e+002	  2.5103126837797171e+002	
  2.3070000000000000e+004	 -7.6332791427669611e+002	  2.2465848087666129e+002	
  2.3100000000000000e+004	 -7.9121101393036679e+002	  1.9809279948896139e+002	
  2.3130000000000000e+004	 -7.4921121129847018e+002	  2.2496695405692134e+002	
  2.3160000000000000e+004	 -6.7155793394608486e+002	  2.8758061330230515e+002	
  2.3190000000000000e+004	 -6.4282184126592256e+002	  3.1267480484178509e+002	
  2.3220000000000000e+004	 -6.1095109782701888e+002	  2.7753424845006521e+002	
  2.3250000000000000e+004	 -6.5427665490815320e+002	  2.6393237214058450e+002	
  2.3280000000000000e+004	 -6.9230820286043217e+002	  2.7072830085847892e+002	
  2.3310000000000000e+004	 -6.6387686566099001e+002	  3.0644663935734349e+002	
  2.3340000000000000e+004	 -6.7927844329558593e+002	  3.1933157737024192e+002	
  2.3370000000000000e+004	 -5.8402746980191034e+002	  3.8701682524124260e+002	
  2.3400000000000000e+004	 -6.3455453273483261e+002	  3.3887663194300802e+002	
  2.3430000000000000e+004	 -6.5800828347899198e+002	  3.2124734900721120e+002	
  2.3460000000000000e+004	 -6.4366532940598438e+002	  3.2377314336403413e+002	
  2.3490000000000000e+004	 -6.6663054529723229e+002	  3.0716532676111103e+002	
  2.3520000000000000e+004	 -6.9943799657044372e+002	  2.8343987447122089e+002	
  2.3550000000000000e+004	 -7.3224544784365514e+002	  2.5971442218133069e+002	
  2.3580000000000000e+004	 -7.6505289911686657e+002	  2.3598896989144060e+002	
  2.3610000000000000e+004	 -7.0520709155911982e+002	  2.4733057482898340e+002	
  2.3640000000000000e+004	 -7.0614559881199295e+002	  2.7359360677980686e+002	
  2.3670000000000000e+004	 -6.4253320038681034e+002	  2.3317880578396344e+002	
  2.3700000000000000e+004	 -6.2166371273202469e+002	  3.1502584001315967e+002	
  2.3730000000000000e+004	 -6.2857031418373481e+002	  3.2282692132660560e+002	
  2.3760000000000000e+004	 -6.4641811169298569e+002	  4.3417854623301935e+002	
  2.3790000000000000e+004	 -6.6235840651149226e+002	  3.1118984065689392e+002	
  2.3820000000000000e+004	 -6.5097439379177547e+002	  3.2599502887514524e+002	
  2.3850000000000000e+004	 -6.4554772245589174e+002	  3.2984882291410310e+002	
  2.3880000000000000e+004	 -6.5380337563987894e+002	  2.9095685846898323e+002	
  2.3910000000000000e+004	 -6.4567680411322237e+002	  2.9567445214457518e+002	
  2.3940000000000000e+004	 -6.4065887422537651e+002	  3.0261730416800151e+002	
  2.3970000000000000e+004	 -6.4208412108136247e+002	  3.2611414027111596e+002	
  2.4000000000000000e+004	 -6.5212987267086976e+002	  3.4182174206239421e+002	
  2.4030000000000000e+004	 -6.2910853314031181e+002	  3.1869925094027548e+002	
  2.4060000000000000e+004	 -6.2015332010673922e+002	  3.2044474987902640e+002	
  2.4090000000000000e+004	 -6.5516137962863684e+002	  3.0795498103770365e+002	
  2.4120000000000000e+004	 -6.4828615753574786e+002	  3.1198465291420808e+002	
  2.4150000000000000e+004	 -6.3178831617960202e+002	  3.3493823859778166e+002	
  2.4180000000000000e+004	 -6.2891990373654596e+002	  3.3325734975047362e+002	
  2.4210000000000000e+004	 -6.2826553978313882e+002	  3.4474526860441267e+002	
  2.4240000000000000e+004	 -6.6349501781907691e+002	  3.1478872934922828e+002	
  2.4270000000000000e+004	 -6.9487542841098855e+002	  2.8512160970403215e+002	
  2.4300000000000000e+004	 -6.5982344589162403e+002	  3.0938205433845707e+002	
  2.4330000000000000e+004	 -6.4893513467973185e+002	  3.0315274761484096e+002	
  2.4360000000000000e+004	 -6.3714776481317597e+002	  3.2513342158602103e+002	
  2.4390000000000000e+004	 -6.2992921781287873e+002	  3.3414343555279459e+002	
  2.4420000000000000e+004	 -6.4164130702223736e+002	  3.2631784180643280e+002	
  2.4450000000000000e+004	 -6.7232254476651224e+002	  3.2802209688568723e+002	
  2.4480000000000000e+004	 -6.6290071371743716e+002	  3.1237538925416311e+002	
  2.4510000000000000e+004	 -6.6416461322952944e+002	  3.1464402895769848e+002	
  2.4540000000000000e+004	 -6.4790341084866054e+002	  3.0136055522524646e+002	
  2.4570000000000000e+004	 -6.5355955571381037e+002	  3.1669113311403470e+002	
  2.4600000000000000e+004	 -6.4964237371874106e+002	  3.1915681452966430e+002	
  2.4630000000000000e+004	 -6.3960473543065802e+002	  3.2614420036780263e+002	
  2.4660000000000000e+004	 -6.6694428064395743e+002	  3.4569146178850531e+002	
  2.4690000000000000e+004	 -6.6620014660053118e+002	  3.3407257020812142e+002	
  2.4720000000000000e+004	 -6.6513709796706519e+002	  3.1747415366471586e+002	
  2.4750000000000000e+004	 -6.2742833260272528e+002	  3.2186627584109254e+002	
  2.4780000000000000e+004	 -6.3329153645675706e+002	  3.2427740390796953e+002	
  2.4810000000000000e+004	 -6.3971947187911758e+002	  3.1950079625209736e+002	
  2.4840000000000000e+004	 -6.5356314070747726e+002	  3.1150041810139260e+002	
  2.4870000000000000e+004	 -6.5724276761739827e+002	  3.0934532554599963e+002	
  2.4900000000000000e+004	 -6.4767572445880853e+002	  3.0286667555425242e+002	
  2.4930000000000000e+004	 -6.5382578354956195e+002	  3.0558503110941507e+002	
  2.4960000000000000e+004	 -6.5519544676226008e+002	  3.0947889020177416e+002	
  2.4990000000000000e+004	 -6.6322196510970366e+002	  3.0103479933498642e+002	
  2.5020000000000000e+004	 -6.8115229152422523e+002	  2.7247425671966408e+002	
  2.5050000000000000e+004	 -6.9460651733927557e+002	  2.4531905211233021e+002	
  2.5080000000000000e+004	 -6.8148353531859641e+002	  2.4332425944686469e+002	
  2.5110000000000000e+004	 -6.8148353531859641e+002	  2.4332425944686469e+002	
  2.5140000000000000e+004	 -6.8148353531859641e+002	  2.4332425944686469e+002	
  2.5170000000000000e+004	 -6.8148353531859641e+002	  2.4332425944686469e+002	
  2.5200000000000000e+004	 -6.8148353531859641e+002	  2.4332425944686469e+002	
  2.5230000000000000e+004	 -6.8148353531859641e+002	  2.4332425944686469e+002	
  2.5260000000000000e+004	 -6.8148353531859641e+002	  2.4332425944686469e+002	
  2.5290000000000000e+004	 -6.8148353531859641e+002	  2.4332425944686469e+002	
  2.5320000000000000e+004	 -6.8148353531859641e+002	  2.4332425944686469e+002	
  2.5350000000000000e+004	 -6.8148353531859641e+002	  2.4332425944686469e+002	
  2.5380000000000000e+004	 -6.8148353531859641e+002	  2.4332425944686469e+002	
  2.5410000000000000e+004	 -6.8148353531859641e+002	  2.4332425944686469e+002	
  2.5440000000000000e+004	 -6.8148353531859641e+002	  2.4332425944686469e+002	
  2.5470000000000000e+004	 -6.8148353531859641e+002	  2.4332425944686469e+002	
  2.5500000000000000e+004	 -6.8148353531859641e+002	  2.4332425944686469e+002	
  2.5530000000000000e+004	 -6.8148353531859641e+002	  2.4332425944686469e+002	
  2.5560000000000000e+004	 -6.8148353531859641e+002	  2.4332425944686469e+002	
  2.5590000000000000e+004	 -6.7497106741586401e+002	  2.5904173428845326e+002	
  2.5620000000000000e+004	 -6.5837937646318369e+002	  2.9464813725272472e+002	
  2.5650000000000000e+004	 -6.5082739235386293e+002	  2.8912013552710795e+002	
  2.5680000000000000e+004	 -6.5082739235386293e+002	  2.8912013552710800e+002	
  2.5710000000000000e+004	 -6.5082739235386293e+002	  2.8912013552710800e+002	
  2.5740000000000000e+004	 -6.5082739235386293e+002	  2.8912013552710800e+002	
  2.5770000000000000e+004	 -6.5082739235386293e+002	  2.8912013552710800e+002	
  2.5800000000000000e+004	 -6.5082739235386293e+002	  2.8912013552710800e+002	
  2.5830000000000000e+004	 -6.5082739235386293e+002	  2.8912013552710800e+002	
  2.5860000000000000e+004	 -6.5082739235386293e+002	  2.8912013552710800e+002	
  2.5890000000000000e+004	 -6.5082739235386293e+002	  2.8912013552710800e+002	
  2.5920000000000000e+004	 -6.5082739235386293e+002	  2.8912013552710800e+002	
  2.5950000000000000e+004	 -6.5082739235386293e+002	  2.8912013552710800e+002	
  2.5980000000000000e+004	 -6.5082739235386293e+002	  2.8912013552710800e+002	
  2.6010000000000000e+004	 -6.5082739235386293e+002	  2.8912013552710800e+002	
  2.6040000000000000e+004	 -6.5082739235386293e+002	  2.8912013552710800e+002	
  2.6070000000000000e+004	 -6.5082739235386293e+002	  2.8912013552710800e+002	
  2.6100000000000000e+004	 -6.5082739235386293e+002	  2.8912013552710800e+002	
  2.6130000000000000e+004	 -6.5082739235386293e+002	  2.8912013552710800e+002	
  2.6160000000000000e+004	 -6.5082739235386293e+002	  2.8912013552710800e+002	
  2.6190000000000000e+004	 -6.5082739235386293e+002	  2.8912013552710800e+002	
  2.6220000000000000e+004	 -6.5082739235386293e+002	  2.8912013552710800e+002	
  2.6250000000000000e+004	 -6.5082739235386293e+002	  2.8912013552710800e+002	
  2.6280000000000000e+004	 -6.5082739235386293e+002	  2.8912013552710800e+002	
  2.6310000000000000e+004	 -6.5082739235386293e+002	  2.8912013552710800e+002	
  2.6340000000000000e+004	 -6.5082739235386293e+002	  2.8912013552710800e+002	
  2.6370000000000000e+004	 -6.5082739235386293e+002	  2.8912013552710800e+002	
  2.6400000000000000e+004	 -6.5082739235386293e+002	  2.8912013552710800e+002	
  2.6430000000000000e+004	 -6.5082739235386293e+002	  2.8912013552710800e+002	
  2.6460000000000000e+004	 -6.5082739235386293e+002	  2.8912013552710800e+002	
  2.6490000000000000e+004	 -6.5082739235386293e+002	  2.8912013552710800e+002	
  2.6520000000000000e+004	 -6.5082739235386293e+002	  2.8912013552710800e+002	
  2.6550000000000000e+004	 -6.5082739235386293e+002	  2.8912013552710800e+002	
  2.6580000000000000e+004	 -6.5082739235386293e+002	  2.8912013552710800e+002	
  2.6610000000000000e+004	 -6.5082739235386293e+002	  2.8912013552710800e+002	
  2.6640000000000000e+004	 -6.5082739235386293e+002	  2.8912013552710800e+002	
  2.6670000000000000e+004	 -6.5082739235386293e+002	  2.8912013552710800e+002	
  2.6700000000000000e+004	 -6.5082739235386293e+002	  2.8912013552710800e+002	
  2.6730000000000000e+004	 -6.5082739235386293e+002	  2.8912013552710800e+002	
  2.6760000000000000e+004	 -6.5082739235386293e+002	  2.8912013552710800e+002	
  2.6790000000000000e+004	 -6.5082739235386293e+002	  2.8912013552710800e+002	
  2.6820000000000000e+004	 -6.5082739235386293e+002	  2.8912013552710800e+002	
  2.6850000000000000e+004	 -6.5082739235386293e+002	  2.8912013552710800e+002	
  2.6880000000000000e+004	 -6.5082739235386293e+002	  2.8912013552710800e+002	
  2.6910000000000000e+004	 -6.5082739235386293e+002	  2.8912013552710800e+002	
  2.6940000000000000e+004	 -6.5082739235386293e+002	  2.8912013552710800e+002	
  2.6970000000000000e+004	 -6.5082739235386293e+002	  2.8912013552710800e+002	
  2.7000000000000000e+004	 -6.5082739235386293e+002	  2.8912013552710800e+002	
  2.7030000000000000e+004	 -6.5082739235386293e+002	  2.8912013552710800e+002	
  2.7060000000000000e+004	 -6.5082739235386293e+002	  2.8912013552710800e+002	
  2.7090000000000000e+004	 -6.5082739235386293e+002	  2.8912013552710800e+002	
  2.7120000000000000e+004	 -6.5082739235386293e+002	  2.8912013552710800e+002	
  2.7150000000000000e+004	 -6.5082739235386293e+002	  2.8912013552710800e+002	
  2.7180000000000000e+004	 -6.5082739235386293e+002	  2.8912013552710800e+002	
  2.7210000000000000e+004	 -6.5082739235386293e+002	  2.8912013552710800e+002	
  2.7240000000000000e+004	 -6.5082739235386293e+002	  2.8912013552710800e+002	
  2.7270000000000000e+004	 -6.5082739235386293e+002	  2.8912013552710800e+002	
  2.7300000000000000e+004	 -6.5082739235386293e+002	  2.8912013552710800e+002	
  2.7330000000000000e+004	 -6.5082739235386293e+002	  2.8912013552710800e+002	
  2.7360000000000000e+004	 -6.5082739235386293e+002	  2.8912013552710800e+002	
  2.7390000000000000e+004	 -6.5082739235386293e+002	  2.8912013552710800e+002	
  2.7420000000000000e+004	 -6.5082739235386293e+002	  2.8912013552710800e+002	
  2.7450000000000000e+004	 -6.5082739235386293e+002	  2.8912013552710800e+002	
  2.7480000000000000e+004	 -6.5082739235386293e+002	  2.8912013552710800e+002	
  2.7510000000000000e+004	 -6.5082739235386293e+002	  2.8912013552710800e+002	
  2.7540000000000000e+004	 -6.5082739235386293e+002	  2.8912013552710800e+002	
  2.7570000000000000e+004	 -6.5082739235386293e+002	  2.8912013552710800e+002	
  2.7600000000000000e+004	 -6.5082739235386293e+002	  2.8912013552710800e+002	
  2.7630000000000000e+004	 -6.5082739235386293e+002	  2.8912013552710800e+002	
  2.7660000000000000e+004	 -6.5082739235386293e+002	  2.8912013552710800e+002	
  2.7690000000000000e+004	 -6.5082739235386293e+002	  2.8912013552710800e+002	
  2.7720000000000000e+004	 -6.5082739235386293e+002	  2.8912013552710800e+002	
  2.7750000000000000e+004	 -6.5082739235386293e+002	  2.8912013552710800e+002	
  2.7780000000000000e+004	 -6.5082739235386293e+002	  2.8912013552710800e+002	
  2.7810000000000000e+004	 -6.5082739235386293e+002	  2.8912013552710800e+002	
  2.7840000000000000e+004	 -6.5082739235386293e+002	  2.8912013552710800e+002	
  2.7870000000000000e+004	 -6.5082739235386293e+002	  2.8912013552710800e+002	
  2.7900000000000000e+004	 -6.5082739235386293e+002	  2.8912013552710800e+002	
  2.7930000000000000e+004	 -6.5082739235386293e+002	  2.8912013552710800e+002	
  2.7960000000000000e+004	 -6.5082739235386293e+002	  2.8912013552710800e+002	
  2.7990000000000000e+004	 -6.5082739235386293e+002	  2.8912013552710800e+002	
  2.8020000000000000e+004	 -6.5082739235386293e+002	  2.8912013552710800e+002	
  2.8050000000000000e+004	 -6.5082739235386293e+002	  2.8912013552710800e+002	
  2.8080000000000000e+004	 -6.5082739235386293e+002	  2.8912013552710800e+002	
  2.8110000000000000e+004	 -6.5082739235386293e+002	  2.8912013552710800e+002	
  2.8140000000000000e+004	 -6.5082739235386293e+002	  2.8912013552710800e+002	
  2.8170000000000000e+004	 -6.5082739235386293e+002	  2.8912013552710800e+002	
  2.8200000000000000e+004	 -6.5082739235386293e+002	  2.8912013552710800e+002	
  2.8230000000000000e+004	 -6.5082739235386293e+002	  2.8912013552710800e+002	
  2.8260000000000000e+004	 -6.5082739235386293e+002	  2.8912013552710800e+002	
  2.8290000000000000e+004	 -6.5082739235386293e+002	  2.8912013552710800e+002	
  2.8320000000000000e+004	 -6.5082739235386293e+002	  2.8912013552710800e+002	
  2.8350000000000000e+004	 -6.5082739235386293e+002	  2.8912013552710800e+002	
  2.8380000000000000e+004	 -6.5082739235386293e+002	  2.8912013552710800e+002	
  2.8410000000000000e+004	 -6.5082739235386293e+002	  2.8912013552710800e+002	
  2.8440000000000000e+004	 -6.5082739235386293e+002	  2.8912013552710800e+002	
  2.8470000000000000e+004	 -6.5082739235386293e+002	  2.8912013552710800e+002	
  2.8500000000000000e+004	 -6.5082739235386293e+002	  2.8912013552710800e+002	
  2.8530000000000000e+004	 -6.5082739235386293e+002	  2.8912013552710800e+002	
  2.8560000000000000e+004	 -6.5082739235386293e+002	  2.8912013552710800e+002	
  2.8590000000000000e+004	 -6.5082739235386293e+002	  2.8912013552710800e+002	
  2.8620000000000000e+004	 -6.5082739235386293e+002	  2.8912013552710800e+002	
  2.8650000000000000e+004	 -6.5082739235386293e+002	  2.8912013552710800e+002	
  2.8680000000000000e+004	 -6.5082739235386293e+002	  2.8912013552710800e+002	
  2.8710000000000000e+004	 -6.5082739235386293e+002	  2.8912013552710800e+002	
  2.8740000000000000e+004	 -6.5082739235386293e+002	  2.8912013552710800e+002	
  2.8770000000000000e+004	 -6.5082739235386293e+002	  2.8912013552710800e+002	
  2.8800000000000000e+004	 -6.5082739235386293e+002	  2.8912013552710800e+002	
  2.8830000000000000e+004	 -6.5082739235386293e+002	  2.8912013552710800e+002	
  2.8860000000000000e+004	 -6.5082739235386293e+002	  2.8912013552710800e+002	
  2.8890000000000000e+004	 -6.5082739235386293e+002	  2.8912013552710800e+002	
  2.8920000000000000e+004	 -6.5082739235386293e+002	  2.8912013552710800e+002	
  2.8950000000000000e+004	 -6.5082739235386293e+002	  2.8912013552710800e+002	
  2.8980000000000000e+004	 -6.5082739235386293e+002	  2.8912013552710800e+002	
  2.9010000000000000e+004	 -6.5082739235386293e+002	  2.8912013552710800e+002	
  2.9040000000000000e+004	 -6.5082739235386293e+002	  2.8912013552710800e+002	
  2.9070000000000000e+004	 -6.5082739235386293e+002	  2.8912013552710800e+002	
  2.9100000000000000e+004	 -6.5082739235386293e+002	  2.8912013552710800e+002	
  2.9130000000000000e+004	 -6.5082739235386293e+002	  2.8912013552710800e+002	
  2.9160000000000000e+004	 -6.5082739235386293e+002	  2.8912013552710800e+002	
  2.9190000000000000e+004	 -6.5082739235386293e+002	  2.8912013552710800e+002	
  2.9220000000000000e+004	 -6.5082739235386293e+002	  2.8912013552710800e+002	
  2.9250000000000000e+004	 -6.5082739235386293e+002	  2.8912013552710800e+002	
  2.9280000000000000e+004	 -6.5082739235386293e+002	  2.8912013552710800e+002	
  2.9310000000000000e+004	 -6.5082739235386293e+002	  2.8912013552710800e+002	
  2.9340000000000000e+004	 -6.5082739235386293e+002	  2.8912013552710800e+002	
  2.9370000000000000e+004	 -6.5082739235386293e+002	  2.8912013552710800e+002	
  2.9400000000000000e+004	 -6.5082739235386293e+002	  2.8912013552710800e+002	
  2.9430000000000000e+004	 -6.5082739235386293e+002	  2.8912013552710800e+002	
  2.9460000000000000e+004	 -6.5082739235386293e+002	  2.8912013552710800e+002	
  2.9490000000000000e+004	 -6.5082739235386293e+002	  2.8912013552710800e+002	
  2.9520000000000000e+004	 -6.5082739235386293e+002	  2.8912013552710800e+002	
  2.9550000000000000e+004	 -6.5082739235386293e+002	  2.8912013552710800e+002	
  2.9580000000000000e+004	 -6.5082739235386293e+002	  2.8912013552710800e+002	
  2.9610000000000000e+004	 -6.5082739235386293e+002	  2.8912013552710800e+002	
  2.9640000000000000e+004	 -6.5082739235386293e+002	  2.8912013552710800e+002	
  2.9670000000000000e+004	 -6.5082739235386293e+002	  2.8912013552710800e+002	
  2.9700000000000000e+004	 -6.5082739235386293e+002	  2.8912013552710800e+002	
  2.9730000000000000e+004	 -6.5082739235386293e+002	  2.8912013552710800e+002	
  2.9760000000000000e+004	 -6.5082739235386293e+002	  2.8912013552710800e+002	
  2.9790000000000000e+004	 -6.5082739235386293e+002	  2.8912013552710800e+002	
  2.9820000000000000e+004	 -6.5082739235386293e+002	  2.8912013552710800e+002	
  2.9850000000000000e+004	 -6.5082739235386293e+002	  2.8912013552710800e+002	
  2.9880000000000000e+004	 -6.5082739235386293e+002	  2.8912013552710800e+002	
  2.9910000000000000e+004	 -6.5082739235386293e+002	  2.8912013552710800e+002	
  2.9940000000000000e+004	 -6.5082739235386293e+002	  2.8912013552710800e+002	
  2.9970000000000000e+004	 -6.5082739235386293e+002	  2.8912013552710800e+002	
  3.0000000000000000e+004	 -6.5082739235386293e+002	  2.8912013552710800e+002	
  3.0030000000000000e+004	 -6.5082739235386293e+002	  2.8912013552710800e+002	
  3.0060000000000000e+004	 -6.5082739235386293e+002	  2.8912013552710800e+002	
  3.0090000000000000e+004	 -6.5082739235386293e+002	  2.8912013552710800e+002	
  3.0120000000000000e+004	 -6.5082739235386293e+002	  2.8912013552710800e+002	
  3.0150000000000000e+004	 -6.5082739235386293e+002	  2.8912013552710800e+002	
  3.0180000000000000e+004	 -6.5082739235386293e+002	  2.8912013552710800e+002	
  3.0210000000000000e+004	 -6.5082739235386293e+002	  2.8912013552710800e+002	
  3.0240000000000000e+004	 -6.5082739235386293e+002	  2.8912013552710800e+002	
  3.0270000000000000e+004	 -6.5082739235386293e+002	  2.8912013552710800e+002	
  3.0300000000000000e+004	 -6.5082739235386293e+002	  2.8912013552710800e+002	
  3.0330000000000000e+004	 -6.5082739235386293e+002	  2.8912013552710800e+002	
  3.0360000000000000e+004	 -6.5082739235386293e+002	  2.8912013552710800e+002	
  3.0390000000000000e+004	 -6.5082739235386293e+002	  2.8912013552710800e+002	
  3.0420000000000000e+004	 -6.5082739235386293e+002	  2.8912013552710800e+002	
  3.0450000000000000e+004	 -6.5082739235386293e+002	  2.8912013552710800e+002	
  3.0480000000000000e+004	 -6.5082739235386293e+002	  2.8912013552710800e+002	
  3.0510000000000000e+004	 -6.5082739235386293e+002	  2.8912013552710800e+002	
  3.0540000000000000e+004	 -6.5082739235386293e+002	  2.8912013552710800e+002	
  3.0570000000000000e+004	 -6.5082739235386293e+002	  2.8912013552710800e+002	
  3.0600000000000000e+004	 -6.5082739235386293e+002	  2.8912013552710800e+002	
  3.0630000000000000e+004	 -6.5082739235386293e+002	  2.8912013552710800e+002	
  3.0660000000000000e+004	 -6.5082739235386293e+002	  2.8912013552710800e+002	
  3.0690000000000000e+004	 -6.5082739235386293e+002	  2.8912013552710800e+002	
  3.0720000000000000e+004	 -6.5082739235386293e+002	  2.8912013552710800e+002	
  3.0750000000000000e+004	 -6.5082739235386293e+002	  2.8912013552710800e+002	
  3.0780000000000000e+004	 -6.5082739235386293e+002	  2.8912013552710800e+002	
  3.0810000000000000e+004	 -6.5082739235386293e+002	  2.8912013552710800e+002	
  3.0840000000000000e+004	 -6.5082739235386293e+002	  2.8912013552710800e+002	
  3.0870000000000000e+004	 -6.5819287926430991e+002	  2.7909549318758167e+002	
  3.0900000000000000e+004	 -6.8199528282196616e+002	  2.4669972826562744e+002	
  3.0930000000000000e+004	 -7.0579768637962241e+002	  2.1430396334367325e+002	
  3.0960000000000000e+004	 -7.1237184193160670e+002	  2.2360332525258141e+002	
  3.0990000000000000e+004	 -6.8070817445463331e+002	  2.4654245773451234e+002	
  3.1020000000000000e+004	 -6.9454825473883000e+002	  2.5458287899151000e+002	
  3.1050000000000000e+004	 -7.0853354963556581e+002	  2.8303885964259433e+002	
  3.1080000000000000e+004	 -6.8317141522136751e+002	  3.1410522883746927e+002	
  3.1110000000000000e+004	 -6.4321265477030249e+002	  2.9448002507278756e+002	
  3.1140000000000000e+004	 -6.5703929634892086e+002	  2.9593271635552207e+002	
  3.1170000000000000e+004	 -6.4729118168063985e+002	  3.1726391943514614e+002	
  3.1200000000000000e+004	 -6.3720692512724600e+002	  3.3933068124165379e+002	
  3.1230000000000000e+004	 -6.2712266857385202e+002	  3.6139744304816151e+002	
  3.1260000000000000e+004	 -6.1668344609845008e+002	  3.6370146334747415e+002	
  3.1290000000000000e+004	 -6.2191233768596783e+002	  3.5392696976923560e+002	
  3.1320000000000000e+004	 -6.4086282756435753e+002	  3.1785367562136418e+002	
  3.1350000000000000e+004	 -6.3341433950293754e+002	  3.0997204147387163e+002	
  3.1380000000000000e+004	 -6.3566818255322630e+002	  3.0927498256472052e+002	
  3.1410000000000000e+004	 -6.5162950592364166e+002	  3.0403949333193020e+002	
  3.1440000000000000e+004	 -6.7397726033105994e+002	  2.7576652221457124e+002	
  3.1470000000000000e+004	 -6.6092061284096394e+002	  2.6847969187216933e+002	
  3.1500000000000000e+004	 -6.8059253596842132e+002	  2.4472464885690275e+002	
  3.1530000000000000e+004	 -6.6962444797795797e+002	  2.4169904142910315e+002	
  3.1560000000000000e+004	 -6.7327244327140750e+002	  2.3870295676508732e+002	
  3.1590000000000000e+004	 -6.8011243444662523e+002	  2.3308529802005759e+002	
  3.1620000000000000e+004	 -6.8695242562184285e+002	  2.2746763927502792e+002	
  3.1650000000000000e+004	 -6.8246059198205262e+002	  2.7756540222034147e+002	
  3.1680000000000000e+004	 -6.6875944483249350e+002	  3.4617014057401639e+002	
  3.1710000000000000e+004	 -6.8194069203326853e+002	  3.4816271550161400e+002	
  3.1740000000000000e+004	 -6.8028304584010004e+002	  3.3619897024439882e+002	
  3.1770000000000000e+004	 -6.7696775345376329e+002	  3.1227147972996846e+002	
  3.1800000000000000e+004	 -6.7365246106742654e+002	  2.8834398921553810e+002	
  3.1830000000000000e+004	 -6.7033716868108979e+002	  2.6441649870110780e+002	
  3.1860000000000000e+004	 -6.6702187629475293e+002	  2.4048900818667747e+002	
  3.1890000000000000e+004	 -7.0394678257807686e+002	  2.4809975856484925e+002	
  3.1920000000000000e+004	 -5.9688513310566861e+002	  3.7755487455479340e+002	
  3.1950000000000000e+004	 -6.4746596941024256e+002	  3.4675789041545266e+002	
  3.1980000000000000e+004	 -6.4813288050476240e+002	  3.2251080060973305e+002	
  3.2010000000000000e+004	 -6.5280494275362491e+002	  3.1210367894999519e+002	
  3.2040000000000000e+004	 -6.6674189907192033e+002	  2.8913168221646168e+002	
  3.2070000000000000e+004	 -6.7990053145327818e+002	  2.8366335363694031e+002	
  3.2100000000000000e+004	 -6.2130427022196716e+002	  3.1668223119320623e+002	
  3.2130000000000000e+004	 -6.6448461262134902e+002	  2.8365222691246794e+002	
  3.2160000000000000e+004	 -6.8345735856171837e+002	  3.0365812963614150e+002	
  3.2190000000000000e+004	 -6.6287113962599801e+002	  3.0655684130424595e+002	
  3.2220000000000000e+004	 -6.6329243395440301e+002	  2.8822067301427654e+002	
  3.2250000000000000e+004	 -6.6475890916806270e+002	  2.6420957257586622e+002	
  3.2280000000000000e+004	 -6.5276895100631850e+002	  2.6635354950067290e+002	
  3.2310000000000000e+004	 -6.6589909725418306e+002	  2.7589565137632582e+002	
  3.2340000000000000e+004	 -6.6285679399530329e+002	  2.8912010753940280e+002	
  3.2370000000000000e+004	 -6.5684746608158707e+002	  2.7178137633250026e+002	
  3.2400000000000000e+004	 -6.6347708675044373e+002	  2.6551644240091798e+002	
  3.2430000000000000e+004	 -6.9952763648127188e+002	  2.6475057556034716e+002	
  3.2460000000000000e+004	 -6.7713071702681373e+002	  2.4741628675387528e+002	
  3.2490000000000000e+004	 -6.7829601639330872e+002	  2.5058880351969395e+002	
  3.2520000000000000e+004	 -6.7864022128338070e+002	  2.4124930035613062e+002	
  3.2550000000000000e+004	 -5.0203931832666677e+002	  3.6253152691157504e+002	
  3.2580000000000000e+004	 -6.2610886061283702e+002	  3.0466667228587460e+002	
  3.2610000000000000e+004	 -6.3413144538536199e+002	  3.2003065029029921e+002	
  3.2640000000000000e+004	 -6.9247851500673823e+002	  2.7940881296821999e+002	
  3.2670000000000000e+004	 -6.5083814499459254e+002	  3.0494050693473366e+002	
  3.2700000000000000e+004	 -6.4576464100897579e+002	  3.0638539324730948e+002	
  3.2730000000000000e+004	 -5.6371732723583659e+002	  3.5729070246069091e+002	
  3.2760000000000000e+004	 -5.6961343853483004e+002	  3.5902402868892847e+002	
  3.2790000000000000e+004	 -5.8066864722044249e+002	  3.6227401536687393e+002	
  3.2820000000000000e+004	 -5.9172385590605495e+002	  3.6552400204481938e+002	
  3.2850000000000000e+004	 -6.0277906459166741e+002	  3.6877398872276484e+002	
  3.2880000000000000e+004	 -6.1383427327727986e+002	  3.7202397540071024e+002	
  3.2910000000000000e+004	 -6.2488948196289232e+002	  3.7527396207865576e+002	
  3.2940000000000000e+004	 -6.3594469064850477e+002	  3.7852394875660116e+002	
  3.2970000000000000e+004	 -6.4699989933411712e+002	  3.8177393543454667e+002	
  3.3000000000000000e+004	 -6.9537560615940583e+002	  3.1748037441716241e+002	
  3.3030000000000000e+004	 -6.6688242756662771e+002	  2.6240402106159689e+002	
  3.3060000000000000e+004	 -6.5589283218463675e+002	  2.5583407770507011e+002	
  3.3090000000000000e+004	 -6.6543388417886433e+002	  2.7006821012473358e+002	
  3.3120000000000000e+004	 -6.4775280859093687e+002	  2.5555801941213318e+002	
  3.3150000000000000e+004	 -6.4833385446670241e+002	  7.6800250217138441e+001	
  3.3180000000000000e+004	 -6.6431520364675396e+002	  1.1643167093629863e+002	
