  0.0000000000000000e+000	 -5.0005653909003485e+002	  1.1309556842739601e+003	
  3.0000000000000000e+001	 -5.0005653909003485e+002	  1.1309556842739601e+003	
  6.0000000000000000e+001	 -5.0005653909003485e+002	  1.1309556842739601e+003	
  9.0000000000000000e+001	 -5.0005653909003485e+002	  1.1309556842739601e+003	
  1.2000000000000000e+002	 -5.0005653909003485e+002	  1.1309556842739601e+003	
  1.5000000000000000e+002	 -5.0005653909003485e+002	  1.1309556842739601e+003	
  1.8000000000000000e+002	 -5.0005653909003485e+002	  1.1309556842739601e+003	
  2.1000000000000000e+002	 -5.0005653909003485e+002	  1.1309556842739601e+003	
  2.4000000000000000e+002	 -5.0005653909003485e+002	  1.1309556842739601e+003	
  2.7000000000000000e+002	 -5.0005653909003485e+002	  1.1309556842739601e+003	
  3.0000000000000000e+002	 -5.0005653909003485e+002	  1.1309556842739601e+003	
  3.3000000000000000e+002	 -5.0005653909003485e+002	  1.1309556842739601e+003	
  3.6000000000000000e+002	 -5.0005653909003485e+002	  1.1309556842739601e+003	
  3.9000000000000000e+002	 -5.0005653909003485e+002	  1.1309556842739601e+003	
  4.2000000000000000e+002	 -5.0005653909003485e+002	  1.1309556842739601e+003	
  4.5000000000000000e+002	 -5.0005653909003485e+002	  1.1309556842739601e+003	
  4.8000000000000000e+002	 -5.0005653909003485e+002	  1.1309556842739601e+003	
  5.1000000000000000e+002	 -5.0005653909003485e+002	  1.1309556842739601e+003	
  5.4000000000000000e+002	 -5.0005653909003485e+002	  1.1309556842739601e+003	
  5.7000000000000000e+002	 -5.0005653909003485e+002	  1.1309556842739601e+003	
  6.0000000000000000e+002	 -5.0005653909003485e+002	  1.1309556842739601e+003	
  6.3000000000000000e+002	 -5.0005653909003485e+002	  1.1309556842739601e+003	
  6.6000000000000000e+002	 -5.0005653909003485e+002	  1.1309556842739601e+003	
  6.9000000000000000e+002	 -5.0005653909003485e+002	  1.1309556842739601e+003	
  7.2000000000000000e+002	 -5.0005653909003485e+002	  1.1309556842739601e+003	
  7.5000000000000000e+002	 -5.0005653909003485e+002	  1.1309556842739601e+003	
  7.8000000000000000e+002	 -5.0005653909003485e+002	  1.1309556842739601e+003	
  8.1000000000000000e+002	 -5.0005653909003485e+002	  1.1309556842739601e+003	
  8.4000000000000000e+002	 -5.0005653909003485e+002	  1.1309556842739601e+003	
  8.7000000000000000e+002	 -5.0005653909003485e+002	  1.1309556842739601e+003	
  9.0000000000000000e+002	 -5.0005653909003485e+002	  1.1309556842739601e+003	
  9.3000000000000000e+002	 -5.0005653909003485e+002	  1.1309556842739601e+003	
  9.6000000000000000e+002	 -5.0005653909003485e+002	  1.1309556842739601e+003	
  9.9000000000000000e+002	 -5.0005653909003485e+002	  1.1309556842739601e+003	
  1.0200000000000000e+003	 -5.0005653909003485e+002	  1.1309556842739601e+003	
  1.0500000000000000e+003	 -5.0005653909003485e+002	  1.1309556842739601e+003	
  1.0800000000000000e+003	 -5.0005653909003485e+002	  1.1309556842739601e+003	
  1.1100000000000000e+003	 -5.0005653909003485e+002	  1.1309556842739601e+003	
  1.1400000000000000e+003	 -5.0005653909003485e+002	  1.1309556842739601e+003	
  1.1700000000000000e+003	 -5.0005653909003485e+002	  1.1309556842739601e+003	
  1.2000000000000000e+003	 -5.0005653909003485e+002	  1.1309556842739601e+003	
  1.2300000000000000e+003	 -5.0005653909003485e+002	  1.1309556842739601e+003	
  1.2600000000000000e+003	 -5.0005653909003485e+002	  1.1309556842739601e+003	
  1.2900000000000000e+003	 -5.0005653909003485e+002	  1.1309556842739601e+003	
  1.3200000000000000e+003	 -5.0005653909003485e+002	  1.1309556842739601e+003	
  1.3500000000000000e+003	 -5.0005653909003485e+002	  1.1309556842739601e+003	
  1.3800000000000000e+003	 -5.0005653909003485e+002	  1.1309556842739601e+003	
  1.4100000000000000e+003	 -5.0005653909003485e+002	  1.1309556842739601e+003	
  1.4400000000000000e+003	 -5.0005653909003485e+002	  1.1309556842739601e+003	
  1.4700000000000000e+003	 -5.0005653909003485e+002	  1.1309556842739601e+003	
  1.5000000000000000e+003	 -5.0005653909003485e+002	  1.1309556842739601e+003	
  1.5300000000000000e+003	 -5.0005653909003485e+002	  1.1309556842739601e+003	
  1.5600000000000000e+003	 -5.0005653909003485e+002	  1.1309556842739601e+003	
  1.5900000000000000e+003	 -5.0005653909003485e+002	  1.1309556842739601e+003	
  1.6200000000000000e+003	 -5.0005653909003485e+002	  1.1309556842739601e+003	
  1.6500000000000000e+003	 -4.9959576507169112e+002	  1.1249852784208783e+003	
  1.6800000000000000e+003	 -4.9650247499441952e+002	  1.0849044655985583e+003	
  1.7100000000000000e+003	 -4.8039804378069346e+002	  1.1002277149771762e+003	
  1.7400000000000000e+003	 -4.3504847168765554e+002	  1.0767698651605231e+003	
  1.7700000000000000e+003	 -3.8530394473577883e+002	  9.9300374376758066e+002	
  1.8000000000000000e+003	 -4.1078978645691598e+002	  9.2531181653955207e+002	
  1.8300000000000000e+003	 -4.5152570206048847e+002	  8.8017384714704099e+002	
  1.8600000000000000e+003	 -4.4364832929087532e+002	  8.8502504300721989e+002	
  1.8900000000000000e+003	 -4.4595918838528780e+002	  8.7155901725831757e+002	
  1.9200000000000000e+003	 -4.4901225439705706e+002	  8.5875086770492794e+002	
  1.9500000000000000e+003	 -3.8018383640944961e+002	  8.5333084109582853e+002	
  1.9800000000000000e+003	 -2.3510138570885221e+002	  8.3505591516789389e+002	
  2.0100000000000000e+003	 -1.6401499165030481e+002	  7.3326978184638438e+002	
  2.0400000000000000e+003	 -1.8879536608453913e+002	  5.9844807098160970e+002	
  2.0700000000000000e+003	 -7.1816142557487453e+001	  5.0762556397427835e+002	
  2.1000000000000000e+003	 -7.8891866454648492e+000	  4.0198563587279011e+002	
  2.1300000000000000e+003	  3.5756482162189698e+001	  3.3031078990630238e+002	
  2.1600000000000000e+003	  4.2559131629857490e+000	  2.6140104582884607e+002	
  2.1900000000000000e+003	  1.6736049547552959e+001	  2.3082669152225839e+002	
  2.2200000000000000e+003	  3.1277147192207451e+001	  2.2093171510234302e+002	
  2.2500000000000000e+003	  4.4633231757654983e+001	  3.0187037042451988e+002	
  2.2800000000000000e+003	  2.6159130049152837e+000	  3.9109883101002873e+002	
  2.3100000000000000e+003	 -8.1873567108134097e+001	  4.3748465600913221e+002	
  2.3400000000000000e+003	 -1.3090007953721874e+002	  4.6986458285955644e+002	
  2.3700000000000000e+003	 -1.3998578079623064e+002	  4.5787127594286494e+002	
  2.4000000000000000e+003	 -1.7414942820755113e+002	  4.1481160338487598e+002	
  2.4300000000000000e+003	 -1.2689686117414662e+002	  4.9167715529734488e+002	
  2.4600000000000000e+003	 -1.2210212136834816e+002	  4.9217696906797090e+002	
  2.4900000000000000e+003	 -1.3475271687494285e+002	  4.7858627068291332e+002	
  2.5200000000000000e+003	 -1.2816253359725241e+002	  4.7863079267882193e+002	
  2.5500000000000000e+003	 -1.3532461169226607e+002	  4.8477996321952287e+002	
  2.5800000000000000e+003	 -1.3626936913746735e+002	  4.8496920269338415e+002	
  2.6100000000000000e+003	 -1.3235575827195805e+002	  4.8605232032405928e+002	
  2.6400000000000000e+003	 -1.4243018982827491e+002	  4.7644788315016802e+002	
  2.6700000000000000e+003	 -1.3923192710960848e+002	  4.8139814141212418e+002	
  2.7000000000000000e+003	 -1.2536493129733381e+002	  4.8224192596758365e+002	
  2.7300000000000000e+003	 -1.2397377392824880e+002	  4.7140854241581764e+002	
  2.7600000000000000e+003	 -1.2511036208856657e+002	  4.7928312034061372e+002	
  2.7900000000000000e+003	 -1.3064642164098262e+002	  4.7591911851310590e+002	
  2.8200000000000000e+003	 -1.1837319444505030e+002	  4.8565268834050073e+002	
  2.8500000000000000e+003	 -1.0729576611769161e+002	  4.6456032605897451e+002	
  2.8800000000000000e+003	 -1.1241046660493635e+002	  4.5978259259265343e+002	
  2.9100000000000000e+003	 -1.3195691795640371e+002	  4.7070279182523547e+002	
  2.9400000000000000e+003	 -1.2097448005157644e+002	  4.8158070730498810e+002	
  2.9700000000000000e+003	 -1.1210033485850673e+002	  4.5843788467864687e+002	
  3.0000000000000000e+003	 -1.4229929823469334e+002	  4.5776106801499384e+002	
  3.0300000000000000e+003	 -9.8389336295817401e+001	  4.6521263822861329e+002	
  3.0600000000000000e+003	 -7.6567914084713706e+001	  4.7884229842888345e+002	
  3.0900000000000000e+003	 -1.1049044670093531e+002	  4.8146048556835785e+002	
  3.1200000000000000e+003	 -1.2827637823785471e+002	  4.8359999983883000e+002	
  3.1500000000000000e+003	 -1.1933409957242813e+002	  4.6967868642365227e+002	
  3.1800000000000000e+003	 -9.4203194037574292e+001	  4.8536104073416720e+002	
  3.2100000000000000e+003	 -9.6385019082304339e+001	  4.7735288328144469e+002	
  3.2400000000000000e+003	 -1.0981634173996959e+002	  4.8565714020152416e+002	
  3.2700000000000000e+003	 -1.1131152835980075e+002	  4.7325641411687650e+002	
  3.3000000000000000e+003	 -8.7573641921446637e+001	  4.7494397696047133e+002	
  3.3300000000000000e+003	 -1.0632949072283584e+002	  4.7512207984661575e+002	
  3.3600000000000000e+003	 -1.3195512237690673e+002	  4.8717105540507418e+002	
  3.3900000000000000e+003	 -1.4290527449014954e+002	  4.7656253443592215e+002	
  3.4200000000000000e+003	 -1.1922296229030906e+002	  4.7196290737851029e+002	
  3.4500000000000000e+003	 -1.0942017277343939e+002	  4.7028869595910874e+002	
  3.4800000000000000e+003	 -1.4007990574431460e+002	  4.7380632616346884e+002	
  3.5100000000000000e+003	 -1.5668980768401767e+002	  4.7160669767567913e+002	
  3.5400000000000000e+003	 -1.4246426405833310e+002	  4.8808830881430487e+002	
  3.5700000000000000e+003	 -1.3568043728415697e+002	  4.8268051926923033e+002	
  3.6000000000000000e+003	 -1.3172024739132456e+002	  4.7071838399588671e+002	
  3.6300000000000000e+003	 -1.1098884850250246e+002	  4.4917406745357437e+002	
  3.6600000000000000e+003	 -1.0274572054194645e+002	  4.9848977043153008e+002	
  3.6900000000000000e+003	 -1.2552811747401886e+002	  4.7926976694118332e+002	
  3.7200000000000000e+003	 -1.4441658255360713e+002	  4.7248388520560957e+002	
  3.7500000000000000e+003	 -1.4177941452028350e+002	  4.9277253283984453e+002	
  3.7800000000000000e+003	 -1.2984862266239983e+002	  4.9514580744328788e+002	
  3.8100000000000000e+003	 -1.4813116324342099e+002	  4.9480740321968881e+002	
  3.8400000000000000e+003	 -1.3784972003527227e+002	  4.8817289888431753e+002	
  3.8700000000000000e+003	 -1.3499024724989346e+002	  4.7485938773369128e+002	
  3.9000000000000000e+003	 -1.1804151662520034e+002	  4.6072655946432224e+002	
  3.9300000000000000e+003	 -1.1361875567586446e+002	  4.7927867039661066e+002	
  3.9600000000000000e+003	 -1.3658761373224951e+002	  4.8409647501672464e+002	
  3.9900000000000000e+003	 -1.3100138272197222e+002	  4.6630132191573739e+002	
  4.0200000000000000e+003	 -1.5300030494222992e+002	  5.1585746527228207e+002	
  4.0500000000000000e+003	 -1.8402573571928380e+002	  5.2033019022777501e+002	
  4.0800000000000000e+003	 -1.8277083298887118e+002	  5.1207937048652968e+002	
  4.1100000000000000e+003	 -1.5994903080135313e+002	  4.8182560746677626e+002	
  4.1400000000000000e+003	 -1.6677761067843025e+002	  4.7417812069167240e+002	
  4.1700000000000000e+003	 -1.4781561593730254e+002	  4.7225678065044178e+002	
  4.2000000000000000e+003	 -1.5603541204680391e+002	  4.8008015228177811e+002	
  4.2300000000000000e+003	 -1.5617886771721146e+002	  4.8841558240303402e+002	
  4.2600000000000000e+003	 -1.4403113135008147e+002	  4.9976546738086506e+002	
  4.2900000000000000e+003	 -1.4075577880964283e+002	  5.0233911549654295e+002	
  4.3200000000000000e+003	 -1.4071629370506724e+002	  5.1303891417718967e+002	
  4.3500000000000000e+003	 -1.4289633443762881e+002	  5.2708268235248966e+002	
  4.3800000000000000e+003	 -1.4706985847953462e+002	  5.2786635031256560e+002	
  4.4100000000000000e+003	 -1.4365463081266884e+002	  5.2588713793895295e+002	
  4.4400000000000000e+003	 -1.5110354282164150e+002	  5.0227455600616338e+002	
  4.4700000000000000e+003	 -1.3878550863629829e+002	  4.9825823467283118e+002	
  4.5000000000000000e+003	 -1.3715052537168756e+002	  5.0041110752998554e+002	
  4.5300000000000000e+003	 -1.3601931493449308e+002	  5.0654690700517915e+002	
  4.5600000000000000e+003	 -1.5355781435482194e+002	  5.2359846444005359e+002	
  4.5900000000000000e+003	 -1.4404365335324007e+002	  5.3412015007693901e+002	
  4.6200000000000000e+003	 -1.4239074278878510e+002	  5.3467227564057362e+002	
  4.6500000000000000e+003	 -1.4130616007005415e+002	  5.3503294767901366e+002	
  4.6800000000000000e+003	 -1.4935021835216358e+002	  5.3334538302169426e+002	
  4.7100000000000000e+003	 -1.3437894412174882e+002	  5.1530087879662369e+002	
  4.7400000000000000e+003	 -1.3735847554763532e+002	  5.0871758316346740e+002	
  4.7700000000000000e+003	 -1.3454566399529858e+002	  4.9039256874830835e+002	
  4.8000000000000000e+003	 -1.2643700320815978e+002	  4.8259814316313634e+002	
  4.8300000000000000e+003	 -1.0117886812364449e+002	  4.7533582163049931e+002	
  4.8600000000000000e+003	 -9.0970917979989323e+001	  4.4673400092182584e+002	
  4.8900000000000000e+003	 -1.2404190064119015e+002	  4.5463083498327399e+002	
  4.9200000000000000e+003	 -1.0600854306692170e+002	  4.6424196138521756e+002	
  4.9500000000000000e+003	 -9.7914221509659484e+001	  4.5724233966283100e+002	
  4.9800000000000000e+003	 -9.4818104913371911e+001	  4.6590503684269044e+002	
  5.0100000000000000e+003	 -1.0865820776505544e+002	  4.7894472169220199e+002	
  5.0400000000000000e+003	 -1.0693362011866387e+002	  4.7656921919291835e+002	
  5.0700000000000000e+003	 -9.9929318130017123e+001	  4.9100926262633794e+002	
  5.1000000000000000e+003	 -1.1107127976013960e+002	  4.8045418334949863e+002	
  5.1300000000000000e+003	 -1.4425164493759894e+002	  4.9617882780090531e+002	
  5.1600000000000000e+003	 -1.3903113543571646e+002	  4.9913541509540499e+002	
  5.1900000000000000e+003	 -1.2000100450274604e+002	  4.8733579770958806e+002	
  5.2200000000000000e+003	 -9.4590443608386295e+001	  5.0086528057556313e+002	
  5.2500000000000000e+003	 -1.0727062389130910e+002	  4.8391168747823792e+002	
  5.2800000000000000e+003	 -1.2419428947915473e+002	  4.8367791929335209e+002	
  5.3100000000000000e+003	 -9.7105710208070377e+001	  5.0801852473439038e+002	
  5.3400000000000000e+003	 -1.2561772182805062e+002	  4.5699299213660487e+002	
  5.3700000000000000e+003	 -1.2316166751899239e+002	  4.6510800796778528e+002	
  5.4000000000000000e+003	 -1.1876938289185287e+002	  4.8441929468335292e+002	
  5.4300000000000000e+003	 -1.2460302033956251e+002	  4.8516733770753399e+002	
  5.4600000000000000e+003	 -1.3799309605201103e+002	  4.6669983828082360e+002	
  5.4900000000000000e+003	 -1.2394330227030264e+002	  4.9161038156061858e+002	
  5.5200000000000000e+003	 -1.1815804330178305e+002	  4.6174622197231275e+002	
  5.5500000000000000e+003	 -1.0713260268561780e+002	  4.5570837696783076e+002	
  5.5800000000000000e+003	 -1.2467651260065895e+002	  4.5823973779654432e+002	
  5.6100000000000000e+003	 -1.2974106746389762e+002	  4.6261227328976730e+002	
  5.6400000000000000e+003	 -1.2656965431872175e+002	  4.7417143822503567e+002	
  5.6700000000000000e+003	 -1.2928210194761445e+002	  4.7020186544119031e+002	
  5.7000000000000000e+003	 -1.2775826145221599e+002	  4.7860853963822984e+002	
  5.7300000000000000e+003	 -1.2021974128002557e+002	  4.6521486753303327e+002	
  5.7600000000000000e+003	 -1.3611607872976901e+002	  4.5237109400632352e+002	
  5.7900000000000000e+003	 -1.4387336735626417e+002	  4.3653290369359581e+002	
  5.8200000000000000e+003	 -1.6424445291462203e+002	  4.9268347343774360e+002	
  5.8500000000000000e+003	 -1.2743559287406838e+002	  4.3554440300491086e+002	
  5.8800000000000000e+003	 -1.3038286306601307e+002	  4.7056699479578384e+002	
  5.9100000000000000e+003	 -1.2779233593314208e+002	  4.8561260752145427e+002	
  5.9400000000000000e+003	 -1.3000994954076947e+002	  4.8052319412475498e+002	
  5.9700000000000000e+003	 -1.2409746206492218e+002	  4.8905008517743573e+002	
  6.0000000000000000e+003	 -1.4221863556032417e+002	  5.1061666077993834e+002	
  6.0300000000000000e+003	 -1.3032192574902047e+002	  4.9610090840142345e+002	
  6.0600000000000000e+003	 -1.3007089886489075e+002	  4.7379963203679472e+002	
  6.0900000000000000e+003	 -1.2067148014124595e+002	  4.7167570929547054e+002	
  6.1200000000000000e+003	 -1.2959049521669311e+002	  4.7252839751379298e+002	
  6.1500000000000000e+003	 -1.3260589848532541e+002	  4.7232357675163223e+002	
  6.1800000000000000e+003	 -1.2567331682490067e+002	  4.8771204905700625e+002	
  6.2100000000000000e+003	 -1.3131510627073220e+002	  4.9121631679086812e+002	
  6.2400000000000000e+003	 -1.2667184900570285e+002	  4.8710425479723710e+002	
  6.2700000000000000e+003	 -1.2052630396571934e+002	  4.7745751319868378e+002	
  6.3000000000000000e+003	 -1.2443452902470931e+002	  4.7654694398192834e+002	
  6.3300000000000000e+003	 -9.8475393328784804e+001	  4.8068126148896511e+002	
  6.3600000000000000e+003	 -1.0178838690991995e+002	  4.7626865191068356e+002	
  6.3900000000000000e+003	 -1.1860800486620265e+002	  4.3778855606421547e+002	
  6.4200000000000000e+003	 -1.2201428786607303e+002	  4.4250839957033259e+002	
  6.4500000000000000e+003	 -1.4886978994556139e+002	  4.4956812255148515e+002	
  6.4800000000000000e+003	 -1.3956178662791157e+002	  4.5788797840660652e+002	
  6.5100000000000000e+003	 -1.1738175956065803e+002	  4.4273103881462674e+002	
  6.5400000000000000e+003	 -1.2671311178816018e+002	  4.1443423091005496e+002	
  6.5700000000000000e+003	 -1.2312399513056975e+002	  4.2738264278481557e+002	
  6.6000000000000000e+003	 -1.2448112490826527e+002	  4.7694768585392222e+002	
  6.6300000000000000e+003	 -1.1794649733662568e+002	  4.8134471619578017e+002	
  6.6600000000000000e+003	 -1.2947934292270662e+002	  4.8746492700735473e+002	
  6.6900000000000000e+003	 -1.3758974472008768e+002	  4.9571797331814912e+002	
  6.7200000000000000e+003	 -1.3613582593115493e+002	  4.8250685755928316e+002	
  6.7500000000000000e+003	 -1.2995796494497614e+002	  4.7064045788964950e+002	
  6.7800000000000000e+003	 -1.3504581616156662e+002	  4.8400073546585634e+002	
  6.8100000000000000e+003	 -6.3473294367908885e+001	  4.6284381155407601e+002	
  6.8400000000000000e+003	 -1.3959941118387047e+002	  5.2621218226077144e+002	
  6.8700000000000000e+003	 -1.2498486491172341e+002	  5.1482444451877484e+002	
  6.9000000000000000e+003	 -1.2852375309494201e+002	  5.1951089921845210e+002	
  6.9300000000000000e+003	 -1.4699992797870658e+002	  4.7734620861969449e+002	
  6.9600000000000000e+003	 -1.2468907413199470e+002	  4.4427166488078757e+002	
  6.9900000000000000e+003	 -1.4112147270172281e+002	  4.4895366005015939e+002	
  7.0200000000000000e+003	 -1.3142984691589351e+002	  4.5445940298527285e+002	
  7.0500000000000000e+003	 -1.2487192918204239e+002	  4.5002899073556716e+002	
  7.0800000000000000e+003	 -2.9193178977319405e+002	  4.7976178215077442e+002	
  7.1100000000000000e+003	 -2.1996839742966321e+002	  4.7256867574520328e+002	
  7.1400000000000000e+003	 -1.2917453025537426e+002	  4.5561042793969636e+002	
  7.1700000000000000e+003	 -1.0781384190453589e+002	  4.5294104596275321e+002	
  7.2000000000000000e+003	 -9.9957976087777496e+001	  4.5878073783519142e+002	
  7.2300000000000000e+003	 -8.4244431368473272e+001	  4.2188357285093480e+002	
  7.2600000000000000e+003	 -6.8161654847516843e+001	  3.8984428911881940e+002	
  7.2900000000000000e+003	 -5.7919577954125408e+001	  3.4871929155241571e+002	
  7.3200000000000000e+003	 -3.5655283674098172e+001	  3.1408409900037458e+002	
  7.3500000000000000e+003	 -1.2464157056041888e+001	  2.8060213883912593e+002	
  7.3800000000000000e+003	  1.4613523036056147e+001	  2.7642997444576059e+002	
  7.4100000000000000e+003	  4.6926148130347038e+001	  2.8889971656112618e+002	
  7.4400000000000000e+003	  4.9955982776015276e+001	  2.8047078568385916e+002	
  7.4700000000000000e+003	  7.5620968571562628e+001	  2.8015018646753623e+002	
  7.5000000000000000e+003	  7.8191859494590659e+001	  2.8388152786960916e+002	
  7.5300000000000000e+003	 -1.6787341477107756e+000	  3.4032598771686690e+002	
  7.5600000000000000e+003	  2.8805522515513097e+001	  3.1983510303526413e+002	
  7.5900000000000000e+003	  9.4128929650992831e+001	  2.7592606443182956e+002	
  7.6200000000000000e+003	  1.2370993192964809e+002	  3.2777388168528188e+002	
  7.6500000000000000e+003	  6.2216642494619258e+001	  3.0450191320086662e+002	
  7.6800000000000000e+003	  8.7134143091554051e+001	  2.8234314706135046e+002	
  7.7100000000000000e+003	  1.6895555637845752e+002	  2.3605525844669825e+002	
  7.7400000000000000e+003	  1.4554034614406649e+002	  2.4519662508844914e+002	
  7.7700000000000000e+003	  6.2204034210678287e+001	  2.9878913206598048e+002	
  7.8000000000000000e+003	  8.9100751709479738e+001	  2.8992382362751260e+002	
  7.8300000000000000e+003	  8.9688791172373357e+001	  3.2732415772599461e+002	
  7.8600000000000000e+003	  1.2193510508207132e+002	  2.5782888745027520e+002	
  7.8900000000000000e+003	  1.2333522202259716e+002	  2.7701104920570805e+002	
  7.9200000000000000e+003	  1.1049550758185167e+002	  2.8654201852571424e+002	
  7.9500000000000000e+003	  1.1117270717760090e+002	  2.8159451353181504e+002	
  7.9800000000000000e+003	  1.1693711325559703e+002	  2.3467008487145145e+002	
  8.0100000000000000e+003	  1.1584958931225360e+002	  2.6348934852866296e+002	
  8.0400000000000000e+003	  1.0044531640322914e+002	  2.6653388622347802e+002	
  8.0700000000000000e+003	  6.2814922034720418e+001	  2.9811453997855722e+002	
  8.1000000000000000e+003	  1.3084058931948386e+000	  3.5258925713059273e+002	
  8.1300000000000000e+003	  3.2684167553830690e+001	  3.2825436950106774e+002	
  8.1600000000000000e+003	  7.4952368941562682e+001	  2.8812271372414239e+002	
  8.1900000000000000e+003	  8.8532441128444233e+001	  2.6773610116874124e+002	
  8.2200000000000000e+003	  8.8532441128444233e+001	  2.6773610116874124e+002	
  8.2500000000000000e+003	  8.8532441128444233e+001	  2.6773610116874124e+002	
  8.2800000000000000e+003	  8.8532441128444233e+001	  2.6773610116874124e+002	
  8.3100000000000000e+003	  8.8532441128444233e+001	  2.6773610116874124e+002	
  8.3400000000000000e+003	  8.8532441128444233e+001	  2.6773610116874124e+002	
  8.3700000000000000e+003	  8.8532441128444233e+001	  2.6773610116874124e+002	
  8.4000000000000000e+003	  8.8532441128444233e+001	  2.6773610116874124e+002	
  8.4300000000000000e+003	  8.8532441128444233e+001	  2.6773610116874124e+002	
  8.4600000000000000e+003	  8.8532441128444233e+001	  2.6773610116874124e+002	
  8.4900000000000000e+003	  8.8532441128444233e+001	  2.6773610116874124e+002	
  8.5200000000000000e+003	  8.8532441128444233e+001	  2.6773610116874124e+002	
  8.5500000000000000e+003	  8.8532441128444233e+001	  2.6773610116874124e+002	
  8.5800000000000000e+003	  8.8532441128444233e+001	  2.6773610116874124e+002	
  8.6100000000000000e+003	  8.8532441128444233e+001	  2.6773610116874124e+002	
  8.6400000000000000e+003	  8.8532441128444233e+001	  2.6773610116874124e+002	
  8.6700000000000000e+003	  8.8532441128444233e+001	  2.6773610116874124e+002	
  8.7000000000000000e+003	  8.8532441128444233e+001	  2.6773610116874124e+002	
  8.7300000000000000e+003	  8.8532441128444233e+001	  2.6773610116874124e+002	
  8.7600000000000000e+003	  8.8532441128444233e+001	  2.6773610116874124e+002	
  8.7900000000000000e+003	  8.8532441128444233e+001	  2.6773610116874124e+002	
  8.8200000000000000e+003	  8.8532441128444233e+001	  2.6773610116874124e+002	
  8.8500000000000000e+003	  8.8532441128444233e+001	  2.6773610116874124e+002	
  8.8800000000000000e+003	  8.8532441128444233e+001	  2.6773610116874124e+002	
  8.9100000000000000e+003	  8.8532441128444233e+001	  2.6773610116874124e+002	
  8.9400000000000000e+003	  8.8532441128444233e+001	  2.6773610116874124e+002	
  8.9700000000000000e+003	  8.8532441128444233e+001	  2.6773610116874124e+002	
  9.0000000000000000e+003	  8.8532441128444233e+001	  2.6773610116874124e+002	
  9.0300000000000000e+003	  8.8532441128444233e+001	  2.6773610116874124e+002	
  9.0600000000000000e+003	  8.8532441128444233e+001	  2.6773610116874124e+002	
  9.0900000000000000e+003	  8.8532441128444233e+001	  2.6773610116874124e+002	
  9.1200000000000000e+003	  8.8532441128444233e+001	  2.6773610116874124e+002	
  9.1500000000000000e+003	  8.8532441128444233e+001	  2.6773610116874124e+002	
  9.1800000000000000e+003	  8.8532441128444233e+001	  2.6773610116874124e+002	
  9.2100000000000000e+003	  8.8532441128444233e+001	  2.6773610116874124e+002	
  9.2400000000000000e+003	  8.8532441128444233e+001	  2.6773610116874124e+002	
  9.2700000000000000e+003	  8.8532441128444233e+001	  2.6773610116874124e+002	
  9.3000000000000000e+003	  8.8532441128444233e+001	  2.6773610116874124e+002	
  9.3300000000000000e+003	  8.8532441128444233e+001	  2.6773610116874124e+002	
  9.3600000000000000e+003	  8.8532441128444233e+001	  2.6773610116874124e+002	
  9.3900000000000000e+003	  8.8532441128444233e+001	  2.6773610116874124e+002	
  9.4200000000000000e+003	  8.8532441128444233e+001	  2.6773610116874124e+002	
  9.4500000000000000e+003	  8.8532441128444233e+001	  2.6773610116874124e+002	
  9.4800000000000000e+003	  8.8532441128444233e+001	  2.6773610116874124e+002	
  9.5100000000000000e+003	  8.8532441128444233e+001	  2.6773610116874124e+002	
  9.5400000000000000e+003	  8.8532441128444233e+001	  2.6773610116874124e+002	
  9.5700000000000000e+003	  8.8532441128444233e+001	  2.6773610116874124e+002	
  9.6000000000000000e+003	  8.8532441128444233e+001	  2.6773610116874124e+002	
  9.6300000000000000e+003	  8.8532441128444233e+001	  2.6773610116874124e+002	
  9.6600000000000000e+003	  8.8532441128444233e+001	  2.6773610116874124e+002	
  9.6900000000000000e+003	  8.8532441128444233e+001	  2.6773610116874124e+002	
  9.7200000000000000e+003	  8.8532441128444233e+001	  2.6773610116874124e+002	
  9.7500000000000000e+003	  8.8532441128444233e+001	  2.6773610116874124e+002	
  9.7800000000000000e+003	  8.8532441128444233e+001	  2.6773610116874124e+002	
  9.8100000000000000e+003	  8.8532441128444233e+001	  2.6773610116874124e+002	
  9.8400000000000000e+003	  8.8532441128444233e+001	  2.6773610116874124e+002	
  9.8700000000000000e+003	  8.8532441128444233e+001	  2.6773610116874124e+002	
  9.9000000000000000e+003	  8.8532441128444233e+001	  2.6773610116874124e+002	
  9.9300000000000000e+003	  8.8532441128444233e+001	  2.6773610116874124e+002	
  9.9600000000000000e+003	  8.8532441128444233e+001	  2.6773610116874124e+002	
  9.9900000000000000e+003	  8.8532441128444233e+001	  2.6773610116874124e+002	
  1.0020000000000000e+004	  8.8532441128444233e+001	  2.6773610116874124e+002	
  1.0050000000000000e+004	  8.8532441128444233e+001	  2.6773610116874124e+002	
  1.0080000000000000e+004	  8.8532441128444233e+001	  2.6773610116874124e+002	
  1.0110000000000000e+004	  8.8532441128444233e+001	  2.6773610116874124e+002	
  1.0140000000000000e+004	  8.8532441128444233e+001	  2.6773610116874124e+002	
  1.0170000000000000e+004	  8.8532441128444233e+001	  2.6773610116874124e+002	
  1.0200000000000000e+004	  8.8532441128444233e+001	  2.6773610116874124e+002	
  1.0230000000000000e+004	  8.8532441128444233e+001	  2.6773610116874124e+002	
  1.0260000000000000e+004	  8.8532441128444233e+001	  2.6773610116874124e+002	
  1.0290000000000000e+004	  8.8532441128444233e+001	  2.6773610116874124e+002	
  1.0320000000000000e+004	  8.8532441128444233e+001	  2.6773610116874124e+002	
  1.0350000000000000e+004	  8.8532441128444233e+001	  2.6773610116874124e+002	
  1.0380000000000000e+004	  8.8532441128444233e+001	  2.6773610116874124e+002	
  1.0410000000000000e+004	  8.8532441128444233e+001	  2.6773610116874124e+002	
  1.0440000000000000e+004	  8.8532441128444233e+001	  2.6773610116874124e+002	
  1.0470000000000000e+004	  8.8532441128444233e+001	  2.6773610116874124e+002	
  1.0500000000000000e+004	  8.8532441128444233e+001	  2.6773610116874124e+002	
  1.0530000000000000e+004	  8.8532441128444233e+001	  2.6773610116874124e+002	
  1.0560000000000000e+004	  8.8532441128444233e+001	  2.6773610116874124e+002	
  1.0590000000000000e+004	  8.8532441128444233e+001	  2.6773610116874124e+002	
  1.0620000000000000e+004	  8.8532441128444233e+001	  2.6773610116874124e+002	
  1.0650000000000000e+004	  8.8532441128444233e+001	  2.6773610116874124e+002	
  1.0680000000000000e+004	  8.8532441128444233e+001	  2.6773610116874124e+002	
  1.0710000000000000e+004	  8.8532441128444233e+001	  2.6773610116874124e+002	
  1.0740000000000000e+004	  8.8532441128444233e+001	  2.6773610116874124e+002	
  1.0770000000000000e+004	  8.8532441128444233e+001	  2.6773610116874124e+002	
  1.0800000000000000e+004	  8.8532441128444233e+001	  2.6773610116874124e+002	
  1.0830000000000000e+004	  8.8532441128444233e+001	  2.6773610116874124e+002	
  1.0860000000000000e+004	  8.8532441128444233e+001	  2.6773610116874124e+002	
  1.0890000000000000e+004	  8.8532441128444233e+001	  2.6773610116874124e+002	
  1.0920000000000000e+004	  8.8532441128444233e+001	  2.6773610116874124e+002	
  1.0950000000000000e+004	  8.8532441128444233e+001	  2.6773610116874124e+002	
  1.0980000000000000e+004	  8.8532441128444233e+001	  2.6773610116874124e+002	
  1.1010000000000000e+004	  8.8532441128444233e+001	  2.6773610116874124e+002	
  1.1040000000000000e+004	  8.8532441128444233e+001	  2.6773610116874124e+002	
  1.1070000000000000e+004	  8.8532441128444233e+001	  2.6773610116874124e+002	
  1.1100000000000000e+004	  8.8532441128444233e+001	  2.6773610116874124e+002	
  1.1130000000000000e+004	  8.8532441128444233e+001	  2.6773610116874124e+002	
  1.1160000000000000e+004	  8.8532441128444233e+001	  2.6773610116874124e+002	
  1.1190000000000000e+004	  8.8532441128444233e+001	  2.6773610116874124e+002	
  1.1220000000000000e+004	  8.8532441128444233e+001	  2.6773610116874124e+002	
  1.1250000000000000e+004	  8.8532441128444233e+001	  2.6773610116874124e+002	
  1.1280000000000000e+004	  8.8532441128444233e+001	  2.6773610116874124e+002	
  1.1310000000000000e+004	  8.8532441128444233e+001	  2.6773610116874124e+002	
  1.1340000000000000e+004	  8.8532441128444233e+001	  2.6773610116874124e+002	
  1.1370000000000000e+004	  8.8532441128444233e+001	  2.6773610116874124e+002	
  1.1400000000000000e+004	  8.8532441128444233e+001	  2.6773610116874124e+002	
  1.1430000000000000e+004	  8.8532441128444233e+001	  2.6773610116874124e+002	
  1.1460000000000000e+004	  8.8532441128444233e+001	  2.6773610116874124e+002	
  1.1490000000000000e+004	  8.8532441128444233e+001	  2.6773610116874124e+002	
  1.1520000000000000e+004	  8.8532441128444233e+001	  2.6773610116874124e+002	
  1.1550000000000000e+004	  8.8532441128444233e+001	  2.6773610116874124e+002	
  1.1580000000000000e+004	  8.8532441128444233e+001	  2.6773610116874124e+002	
  1.1610000000000000e+004	  8.8532441128444233e+001	  2.6773610116874124e+002	
  1.1640000000000000e+004	  8.8532441128444233e+001	  2.6773610116874124e+002	
  1.1670000000000000e+004	  8.8532441128444233e+001	  2.6773610116874124e+002	
  1.1700000000000000e+004	  8.8532441128444233e+001	  2.6773610116874124e+002	
  1.1730000000000000e+004	  8.8532441128444233e+001	  2.6773610116874124e+002	
  1.1760000000000000e+004	  8.8532441128444233e+001	  2.6773610116874124e+002	
  1.1790000000000000e+004	  8.8532441128444233e+001	  2.6773610116874124e+002	
  1.1820000000000000e+004	  8.8532441128444233e+001	  2.6773610116874124e+002	
  1.1850000000000000e+004	  8.8532441128444233e+001	  2.6773610116874124e+002	
  1.1880000000000000e+004	  8.8532441128444233e+001	  2.6773610116874124e+002	
  1.1910000000000000e+004	  8.8532441128444233e+001	  2.6773610116874124e+002	
  1.1940000000000000e+004	  8.8532441128444233e+001	  2.6773610116874124e+002	
  1.1970000000000000e+004	  8.8532441128444233e+001	  2.6773610116874124e+002	
  1.2000000000000000e+004	  8.8532441128444233e+001	  2.6773610116874124e+002	
  1.2030000000000000e+004	  8.8532441128444233e+001	  2.6773610116874124e+002	
  1.2060000000000000e+004	  8.8532441128444233e+001	  2.6773610116874124e+002	
  1.2090000000000000e+004	  8.8532441128444233e+001	  2.6773610116874124e+002	
  1.2120000000000000e+004	  8.8532441128444233e+001	  2.6773610116874124e+002	
  1.2150000000000000e+004	  8.8532441128444233e+001	  2.6773610116874124e+002	
  1.2180000000000000e+004	  8.8532441128444233e+001	  2.6773610116874124e+002	
  1.2210000000000000e+004	  8.8532441128444233e+001	  2.6773610116874124e+002	
  1.2240000000000000e+004	  8.8532441128444233e+001	  2.6773610116874124e+002	
  1.2270000000000000e+004	  8.8532441128444233e+001	  2.6773610116874124e+002	
  1.2300000000000000e+004	  8.8532441128444233e+001	  2.6773610116874124e+002	
  1.2330000000000000e+004	  8.8532441128444233e+001	  2.6773610116874124e+002	
  1.2360000000000000e+004	  8.8532441128444233e+001	  2.6773610116874124e+002	
  1.2390000000000000e+004	  8.8532441128444233e+001	  2.6773610116874124e+002	
  1.2420000000000000e+004	  8.8532441128444233e+001	  2.6773610116874124e+002	
  1.2450000000000000e+004	  7.7576088541053835e+001	  3.0029599458962156e+002	
  1.2480000000000000e+004	  6.4755251015240404e+001	  3.3839673113285255e+002	
  1.2510000000000000e+004	  5.1934413489426987e+001	  3.7649746767608349e+002	
  1.2540000000000000e+004	  3.9113575963613556e+001	  4.1459820421931437e+002	
  1.2570000000000000e+004	  2.6292738437800139e+001	  4.5269894076254536e+002	
  1.2600000000000000e+004	  1.3471900911986713e+001	  4.9079967730577636e+002	
  1.2630000000000000e+004	  6.5106338617328674e-001	  5.2890041384900724e+002	
  1.2660000000000000e+004	 -1.2169774139640134e+001	  5.6700115039223817e+002	
  1.2690000000000000e+004	 -2.4990611665453557e+001	  6.0510188693546911e+002	
  1.2720000000000000e+004	 -3.7811449191266981e+001	  6.4320262347870005e+002	
  1.2750000000000000e+004	  6.0011577367784717e+001	  2.9941249626148272e+002	
  1.2780000000000000e+004	  6.0457853882777407e+001	  2.9172715400758386e+002	
  1.2810000000000000e+004	  5.7704169527995170e+001	  2.8774645654447397e+002	
  1.2840000000000000e+004	  4.3523495832784462e+001	  3.0037650291277839e+002	
  1.2870000000000000e+004	  3.0678427288485086e+001	  3.2009967937772501e+002	
  1.2900000000000000e+004	  2.1815064107523153e+001	  3.3159427490302750e+002	
  1.2930000000000000e+004	  1.7689755092881779e+001	  3.3760539380439207e+002	
  1.2960000000000000e+004	  1.7230736110054231e+001	  3.3792376741235807e+002	
  1.2990000000000000e+004	  1.3342448758248660e+001	  3.3714009511915617e+002	
  1.3020000000000000e+004	  1.3091509169819540e+001	  3.3840019554763978e+002	
  1.3050000000000000e+004	  1.2637824507411349e+001	  3.3726698906824367e+002	
  1.3080000000000000e+004	  1.1944208173795685e+001	  3.3779908878429262e+002	
  1.3110000000000000e+004	  1.2777728243944363e+001	  3.3949555473483343e+002	
  1.3140000000000000e+004	  1.0597610975789895e+001	  3.4340501363182199e+002	
  1.3170000000000000e+004	  9.5506366705071137e+000	  3.4103841468794155e+002	
  1.3200000000000000e+004	  1.0045466071281812e+001	  3.4033710596893127e+002	
  1.3230000000000000e+004	  1.2614670082539934e+001	  3.3996977452337603e+002	
  1.3260000000000000e+004	  1.0122251620907670e+001	  3.4566253540376982e+002	
  1.3290000000000000e+004	  1.0615425548932226e+001	  3.3940872389912283e+002	
  1.3320000000000000e+004	  8.5789251442826711e+000	  3.4197349024424250e+002	
  1.3350000000000000e+004	  4.5393212977249942e+000	  3.5124841567587896e+002	
  1.3380000000000000e+004	  6.9085361128973464e+000	  3.5042244671574588e+002	
  1.3410000000000000e+004	 -3.3777055673212142e+000	  3.4230153721855476e+002	
  1.3440000000000000e+004	 -1.6235507667594412e+001	  3.3215040034706578e+002	
  1.3470000000000000e+004	 -2.9093309767867613e+001	  3.2199926347557687e+002	
  1.3500000000000000e+004	 -4.1951111868140813e+001	  3.1184812660408795e+002	
  1.3530000000000000e+004	 -5.4808913968414018e+001	  3.0169698973259904e+002	
  1.3560000000000000e+004	 -6.7666716068687208e+001	  2.9154585286111012e+002	
  1.3590000000000000e+004	 -8.0524518168960412e+001	  2.8139471598962120e+002	
  1.3620000000000000e+004	 -5.6178939368815897e+001	  3.1857463096081034e+002	
  1.3650000000000000e+004	 -4.7609435901753791e+001	  3.3832228295848495e+002	
  1.3680000000000000e+004	 -4.4355504465954432e+001	  3.3392525027856522e+002	
  1.3710000000000000e+004	 -6.0777363672391559e+001	  2.9926111252471225e+002	
  1.3740000000000000e+004	 -6.0777363672391559e+001	  2.9926111252471225e+002	
  1.3770000000000000e+004	 -6.0777363672391559e+001	  2.9926111252471225e+002	
  1.3800000000000000e+004	 -6.0777363672391559e+001	  2.9926111252471225e+002	
  1.3830000000000000e+004	 -6.0777363672391559e+001	  2.9926111252471225e+002	
  1.3860000000000000e+004	 -6.0777363672391559e+001	  2.9926111252471225e+002	
  1.3890000000000000e+004	 -6.0777363672391559e+001	  2.9926111252471225e+002	
  1.3920000000000000e+004	 -6.0777363672391559e+001	  2.9926111252471225e+002	
  1.3950000000000000e+004	 -6.0777363672391559e+001	  2.9926111252471225e+002	
  1.3980000000000000e+004	 -6.0777363672391559e+001	  2.9926111252471225e+002	
  1.4010000000000000e+004	 -6.0777363672391559e+001	  2.9926111252471225e+002	
  1.4040000000000000e+004	 -6.0777363672391559e+001	  2.9926111252471225e+002	
  1.4070000000000000e+004	 -6.0777363672391559e+001	  2.9926111252471225e+002	
  1.4100000000000000e+004	 -6.0777363672391559e+001	  2.9926111252471225e+002	
  1.4130000000000000e+004	 -6.0777363672391559e+001	  2.9926111252471225e+002	
  1.4160000000000000e+004	 -6.0777363672391559e+001	  2.9926111252471225e+002	
  1.4190000000000000e+004	 -6.0777363672391559e+001	  2.9926111252471225e+002	
  1.4220000000000000e+004	 -6.0777363672391559e+001	  2.9926111252471225e+002	
  1.4250000000000000e+004	 -6.0777363672391559e+001	  2.9926111252471225e+002	
  1.4280000000000000e+004	 -6.0777363672391559e+001	  2.9926111252471225e+002	
  1.4310000000000000e+004	 -6.0777363672391559e+001	  2.9926111252471225e+002	
  1.4340000000000000e+004	 -6.0777363672391559e+001	  2.9926111252471225e+002	
  1.4370000000000000e+004	 -6.0777363672391559e+001	  2.9926111252471225e+002	
  1.4400000000000000e+004	 -6.0777363672391559e+001	  2.9926111252471225e+002	
  1.4430000000000000e+004	 -6.0777363672391559e+001	  2.9926111252471225e+002	
  1.4460000000000000e+004	 -6.0777363672391559e+001	  2.9926111252471225e+002	
  1.4490000000000000e+004	 -6.0777363672391559e+001	  2.9926111252471225e+002	
  1.4520000000000000e+004	 -6.0777363672391559e+001	  2.9926111252471225e+002	
  1.4550000000000000e+004	 -6.0777363672391559e+001	  2.9926111252471225e+002	
  1.4580000000000000e+004	 -6.0777363672391559e+001	  2.9926111252471225e+002	
  1.4610000000000000e+004	 -6.0777363672391559e+001	  2.9926111252471225e+002	
  1.4640000000000000e+004	 -6.0777363672391559e+001	  2.9926111252471225e+002	
  1.4670000000000000e+004	 -6.0777363672391559e+001	  2.9926111252471225e+002	
  1.4700000000000000e+004	 -6.0777363672391559e+001	  2.9926111252471225e+002	
  1.4730000000000000e+004	 -6.0777363672391559e+001	  2.9926111252471225e+002	
  1.4760000000000000e+004	 -6.0777363672391559e+001	  2.9926111252471225e+002	
  1.4790000000000000e+004	 -6.0777363672391559e+001	  2.9926111252471225e+002	
  1.4820000000000000e+004	 -6.0777363672391559e+001	  2.9926111252471225e+002	
  1.4850000000000000e+004	 -6.0777363672391559e+001	  2.9926111252471225e+002	
  1.4880000000000000e+004	 -6.0777363672391559e+001	  2.9926111252471225e+002	
  1.4910000000000000e+004	 -6.0777363672391559e+001	  2.9926111252471225e+002	
  1.4940000000000000e+004	 -6.0777363672391559e+001	  2.9926111252471225e+002	
  1.4970000000000000e+004	 -6.0777363672391559e+001	  2.9926111252471225e+002	
  1.5000000000000000e+004	 -6.0777363672391559e+001	  2.9926111252471225e+002	
  1.5030000000000000e+004	 -6.0777363672391559e+001	  2.9926111252471225e+002	
  1.5060000000000000e+004	 -6.0777363672391559e+001	  2.9926111252471225e+002	
  1.5090000000000000e+004	 -6.0777363672391559e+001	  2.9926111252471225e+002	
  1.5120000000000000e+004	 -6.0777363672391559e+001	  2.9926111252471225e+002	
  1.5150000000000000e+004	 -6.0777363672391559e+001	  2.9926111252471225e+002	
  1.5180000000000000e+004	 -6.0777363672391559e+001	  2.9926111252471225e+002	
  1.5210000000000000e+004	 -6.0777363672391559e+001	  2.9926111252471225e+002	
  1.5240000000000000e+004	 -6.0777363672391559e+001	  2.9926111252471225e+002	
  1.5270000000000000e+004	 -6.0777363672391559e+001	  2.9926111252471225e+002	
  1.5300000000000000e+004	 -6.0777363672391559e+001	  2.9926111252471225e+002	
  1.5330000000000000e+004	 -6.0777363672391559e+001	  2.9926111252471225e+002	
  1.5360000000000000e+004	 -6.0777363672391559e+001	  2.9926111252471225e+002	
  1.5390000000000000e+004	 -6.0777363672391559e+001	  2.9926111252471225e+002	
  1.5420000000000000e+004	 -6.0777363672391559e+001	  2.9926111252471225e+002	
  1.5450000000000000e+004	 -6.0777363672391559e+001	  2.9926111252471225e+002	
  1.5480000000000000e+004	 -6.0777363672391559e+001	  2.9926111252471225e+002	
  1.5510000000000000e+004	 -6.0777363672391559e+001	  2.9926111252471225e+002	
  1.5540000000000000e+004	 -6.0777363672391559e+001	  2.9926111252471225e+002	
  1.5570000000000000e+004	 -6.0777363672391559e+001	  2.9926111252471225e+002	
  1.5600000000000000e+004	 -6.0777363672391559e+001	  2.9926111252471225e+002	
  1.5630000000000000e+004	 -6.0777363672391559e+001	  2.9926111252471225e+002	
  1.5660000000000000e+004	 -5.2855291673843951e+001	  3.0389971996952988e+002	
  1.5690000000000000e+004	 -1.8164586431853468e+001	  3.2421215384175088e+002	
  1.5720000000000000e+004	  1.6526118810137014e+001	  3.4452458771397181e+002	
  1.5750000000000000e+004	  1.0722464310340580e+001	  3.3851041073605762e+002	
  1.5780000000000000e+004	  1.0086672010413810e+001	  3.3901467466409957e+002	
  1.5810000000000000e+004	 -1.5550090684696969e+000	  3.2875791941914611e+002	
  1.5840000000000000e+004	 -3.1331230128834953e+001	  3.1225182574420410e+002	
  1.5870000000000000e+004	 -5.0028892800580053e+001	  3.3065808467047975e+002	
  1.5900000000000000e+004	 -5.7787807691802165e+001	  3.4655418237231942e+002	
  1.5930000000000000e+004	 -7.3523817015615506e+001	  3.7153707277899622e+002	
  1.5960000000000000e+004	 -8.7915090806615325e+001	  3.9497488863448450e+002	
  1.5990000000000000e+004	 -1.1007091973099443e+002	  3.9394855095877335e+002	
  1.6020000000000000e+004	 -1.1826023224785149e+002	  3.9946542151971641e+002	
  1.6050000000000000e+004	 -1.1818856765212713e+002	  3.9844798020460291e+002	
  1.6080000000000000e+004	 -1.0830776588474637e+002	  3.9469324807912972e+002	
  1.6110000000000000e+004	 -1.1771529032752483e+002	  4.0035930138010599e+002	
  1.6140000000000000e+004	 -1.6131688521304108e+002	  4.1275112145926084e+002	
  1.6170000000000000e+004	 -1.4731097782117388e+002	  4.2561714046511059e+002	
  1.6200000000000000e+004	 -1.4324589777962586e+002	  4.2081492974458786e+002	
  1.6230000000000000e+004	 -1.4380883694806192e+002	  4.2156520437729466e+002	
  1.6260000000000000e+004	 -1.3125479640968214e+002	  3.9735373556920945e+002	
  1.6290000000000000e+004	 -1.0350315082702177e+002	  4.3025350658684084e+002	
  1.6320000000000000e+004	 -1.0430092234795298e+002	  4.4148539903449080e+002	
  1.6350000000000000e+004	 -9.5964606786059491e+001	  3.9974705425569613e+002	
  1.6380000000000000e+004	 -9.5731575152960588e+001	  4.0060420005887875e+002	
  1.6410000000000000e+004	 -8.7220453768502935e+001	  4.0177302733348381e+002	
  1.6440000000000000e+004	 -9.1980209449515129e+001	  4.1066725605882345e+002	
  1.6470000000000000e+004	 -9.8680673111501051e+001	  4.0666541032526595e+002	
  1.6500000000000000e+004	 -9.9760822950544110e+001	  4.0913665273163008e+002	
  1.6530000000000000e+004	 -9.4844130403184920e+001	  4.0599193996972792e+002	
  1.6560000000000000e+004	 -1.0196586055256793e+002	  4.0678229166782347e+002	
  1.6590000000000000e+004	 -1.0093502978829960e+002	  4.0393815392677408e+002	
  1.6620000000000000e+004	 -9.7542266079149428e+001	  3.9870068444932161e+002	
  1.6650000000000000e+004	 -1.2982979466392558e+002	  4.1729619392622556e+002	
  1.6680000000000000e+004	 -1.2290081020865841e+002	  4.2026279026284794e+002	
  1.6710000000000000e+004	 -1.0750099467201035e+002	  4.0496782671713493e+002	
  1.6740000000000000e+004	 -9.2782446157118670e+001	  3.9871180819552762e+002	
  1.6770000000000000e+004	 -1.1209493027173303e+002	  4.0735557049277634e+002	
  1.6800000000000000e+004	 -1.1249385600002185e+002	  4.1491957862941763e+002	
  1.6830000000000000e+004	 -1.0867076331778992e+002	  4.1196967177487443e+002	
  1.6860000000000000e+004	 -8.7305599364346904e+001	  4.0905316969459847e+002	
  1.6890000000000000e+004	 -8.0183870022830433e+001	  3.9709213798829023e+002	
  1.6920000000000000e+004	 -8.7085968859183012e+001	  4.0160605227649114e+002	
  1.6950000000000000e+004	 -9.7820152141988004e+001	  4.1733515652779079e+002	
  1.6980000000000000e+004	 -7.8960275971893481e+001	  4.0712180681608993e+002	
  1.7010000000000000e+004	 -9.6385916473510747e+001	  4.0410511670434153e+002	
  1.7040000000000000e+004	 -9.0590869604489882e+001	  3.8512554055161831e+002	
  1.7070000000000000e+004	 -1.0497770585123536e+002	  3.6162095169565970e+002	
  1.7100000000000000e+004	 -9.4351123623393661e+001	  4.1403460583568301e+002	
  1.7130000000000000e+004	 -8.8314005641238026e+001	  4.0181198990204814e+002	
  1.7160000000000000e+004	 -1.1225180951833207e+002	  4.0374890293261672e+002	
  1.7190000000000000e+004	 -1.0739793884135781e+002	  4.0908656314541952e+002	
  1.7220000000000000e+004	 -8.7628267567379879e+001	  4.1254852129175833e+002	
  1.7250000000000000e+004	 -8.7332494584608554e+001	  3.9356895459817918e+002	
  1.7280000000000000e+004	 -9.5722622313264452e+001	  3.9227767439520278e+002	
  1.7310000000000000e+004	 -8.3953179940688102e+001	  3.8650032342102492e+002	
  1.7340000000000000e+004	 -9.9527754710933522e+001	  3.8596044183279753e+002	
  1.7370000000000000e+004	 -9.2186342854376250e+001	  3.9920715448988688e+002	
  1.7400000000000000e+004	 -9.7748420021749183e+001	  4.0282497366702324e+002	
  1.7430000000000000e+004	 -9.3114139760976428e+001	  3.9811069696155965e+002	
  1.7460000000000000e+004	 -7.8319391143895274e+001	  3.8671738972190303e+002	
  1.7490000000000000e+004	 -9.9088465617321319e+001	  3.9863945108283053e+002	
  1.7520000000000000e+004	 -8.2998497644039759e+001	  3.9375819886714851e+002	
  1.7550000000000000e+004	 -6.1808048980851709e+001	  4.0001421674628045e+002	
  1.7580000000000000e+004	 -6.3235884621065658e+001	  3.9934631255387410e+002	
  1.7610000000000000e+004	 -6.4949287389322407e+001	  3.9854482752298651e+002	
  1.7640000000000000e+004	 -5.2933903888898861e+001	  3.9035189004295256e+002	
  1.7670000000000000e+004	 -5.1689185415375434e+001	  3.9075527630893868e+002	
  1.7700000000000000e+004	 -4.9199748468328586e+001	  3.9156204884091079e+002	
  1.7730000000000000e+004	 -4.6710311521281724e+001	  3.9236882137288302e+002	
  1.7760000000000000e+004	 -5.5305788916708387e+001	  3.9287210720334696e+002	
  1.7790000000000000e+004	 -6.7111054992202639e+001	  3.7744578203134904e+002	
  1.7820000000000000e+004	 -1.0620753619157479e+002	  4.0968989739815709e+002	
  1.7850000000000000e+004	 -8.4086720234112292e+001	  4.1012180656602931e+002	
  1.7880000000000000e+004	 -9.2874802001142399e+001	  4.0457375631229360e+002	
  1.7910000000000000e+004	 -8.9443529961434962e+001	  4.0344278091437513e+002	
  1.7940000000000000e+004	 -9.0188039684915381e+001	  4.0270415938092941e+002	
  1.7970000000000000e+004	 -9.1118676839265930e+001	  4.0178088246412233e+002	
  1.8000000000000000e+004	 -9.2049313993616465e+001	  4.0085760554731530e+002	
  1.8030000000000000e+004	 -8.4031095219467943e+001	  4.0145242624147215e+002	
  1.8060000000000000e+004	 -7.4557650505244467e+001	  3.9940669863580609e+002	
  1.8090000000000000e+004	 -8.1864089053870885e+001	  4.0532190124844800e+002	
  1.8120000000000000e+004	 -8.9170527602497302e+001	  4.1123710386108985e+002	
  1.8150000000000000e+004	 -9.6476966151123733e+001	  4.1715230647373170e+002	
  1.8180000000000000e+004	 -8.8423361269745556e+001	  3.9986950235691330e+002	
  1.8210000000000000e+004	 -9.2507272727188706e+001	  3.9777227556304814e+002	
  1.8240000000000000e+004	 -7.7476770113756999e+001	  3.8792072657107303e+002	
  1.8270000000000000e+004	 -8.7170250080326838e+001	  3.9731589488212023e+002	
  1.8300000000000000e+004	 -8.5608775589794249e+001	  3.9824873265523246e+002	
  1.8330000000000000e+004	 -8.8738943616993737e+001	  4.0071328832503752e+002	
  1.8360000000000000e+004	 -7.7682964468889992e+001	  3.9698861287138351e+002	
  1.8390000000000000e+004	 -1.4225989458313592e+002	  4.2528542222448124e+002	
  1.8420000000000000e+004	 -1.1343592991943862e+002	  4.1353033557785039e+002	
  1.8450000000000000e+004	 -9.2647142858665461e+001	  3.9613147846623190e+002	
  1.8480000000000000e+004	 -1.0758976621879461e+002	  4.1781160264552273e+002	
  1.8510000000000000e+004	 -9.1955120635938684e+001	  3.9499827367340220e+002	
  1.8540000000000000e+004	 -1.0054781675902063e+002	  4.0029028200000704e+002	
  1.8570000000000000e+004	 -9.8821402590750836e+001	  4.0087580663333711e+002	
  1.8600000000000000e+004	 -1.0156252658522367e+002	  4.0269695350535835e+002	
  1.8630000000000000e+004	 -6.9194316073989000e+001	  3.7426657220225798e+002	
  1.8660000000000000e+004	 -6.2758243674008547e+001	  3.7579162610859237e+002	
  1.8690000000000000e+004	 -8.5768281762847167e+001	  4.1491958420173222e+002	
  1.8720000000000000e+004	 -9.5099652157729366e+001	  4.1746873703804869e+002	
  1.8750000000000000e+004	 -9.7905279825961003e+001	  4.1245947386984005e+002	
  1.8780000000000000e+004	 -9.7905279825961003e+001	  4.1203646031661964e+002	
  1.8810000000000000e+004	 -9.5520903487788104e+001	  4.0865242517717638e+002	
  1.8840000000000000e+004	 -7.6616306809547183e+001	  3.9747618777267394e+002	
  1.8870000000000000e+004	 -1.0916373436712848e+002	  4.0160605790777481e+002	
  1.8900000000000000e+004	 -3.3303212408988337e+001	  3.7088253744324084e+002	
  1.8930000000000000e+004	 -7.4527778211127881e+001	  3.9621829412776026e+002	
  1.8960000000000000e+004	 -7.8594342614426679e+001	  3.9727766296999664e+002	
  1.8990000000000000e+004	 -9.0794035824323061e+001	  4.0045576949670561e+002	
  1.9020000000000000e+004	 -1.0299372903421944e+002	  4.0363387602341476e+002	
  1.9050000000000000e+004	 -1.1519342224411579e+002	  4.0681198255012379e+002	
  1.9080000000000000e+004	 -1.2848975142507774e+002	  4.2156520437729466e+002	
  1.9110000000000000e+004	 -1.2791603687966345e+002	  4.1044462344249598e+002	
  1.9140000000000000e+004	 -9.2957285988751536e+001	  3.9376932049839138e+002	
  1.9170000000000000e+004	 -1.2277976873607236e+002	  4.0415520701796970e+002	
  1.9200000000000000e+004	 -1.0202863584390241e+002	  3.9944650104348932e+002	
  1.9230000000000000e+004	 -1.0333729400560892e+002	  3.9914593425274626e+002	
  1.9260000000000000e+004	 -9.9265966849354555e+001	  3.9793369060211461e+002	
  1.9290000000000000e+004	 -9.5194639693100186e+001	  3.9672144695148296e+002	
  1.9320000000000000e+004	 -9.1123312536845802e+001	  3.9550920330085120e+002	
  1.9350000000000000e+004	 -1.0378551267928215e+002	  3.9826652832631669e+002	
  1.9380000000000000e+004	 -1.0842873688625428e+002	  4.0041495562536716e+002	
  1.9410000000000000e+004	 -9.6659344429302919e+001	  4.0822941621164421e+002	
  1.9440000000000000e+004	 -9.2284974616045730e+001	  4.0323127616105438e+002	
  1.9470000000000000e+004	 -1.0505838807652624e+002	  4.1672449944223496e+002	
  1.9500000000000000e+004	 -9.9524135408719857e+001	  4.1439637988143556e+002	
  1.9530000000000000e+004	 -9.3952214868239523e+001	  4.1038896475494778e+002	
  1.9560000000000000e+004	 -9.3952214868239523e+001	  4.1038896475494778e+002	
  1.9590000000000000e+004	 -9.3952214868239523e+001	  4.1038896475494778e+002	
  1.9620000000000000e+004	 -9.3952214868239523e+001	  4.1038896475494778e+002	
  1.9650000000000000e+004	 -9.3952214868239523e+001	  4.1038896475494778e+002	
  1.9680000000000000e+004	 -9.3952214868239523e+001	  4.1038896475494778e+002	
  1.9710000000000000e+004	 -9.3952214868239523e+001	  4.1038896475494778e+002	
  1.9740000000000000e+004	 -9.3952214868239523e+001	  4.1038896475494778e+002	
  1.9770000000000000e+004	 -9.3952214868239523e+001	  4.1038896475494778e+002	
  1.9800000000000000e+004	 -9.3952214868239523e+001	  4.1038896475494778e+002	
  1.9830000000000000e+004	 -9.3952214868239523e+001	  4.1038896475494778e+002	
  1.9860000000000000e+004	 -9.3952214868239523e+001	  4.1038896475494778e+002	
  1.9890000000000000e+004	 -9.3952214868239523e+001	  4.1038896475494778e+002	
  1.9920000000000000e+004	 -9.3952214868239523e+001	  4.1038896475494778e+002	
  1.9950000000000000e+004	 -9.3952214868239523e+001	  4.1038896475494778e+002	
  1.9980000000000000e+004	 -9.3952214868239523e+001	  4.1038896475494778e+002	
  2.0010000000000000e+004	 -9.3952214868239523e+001	  4.1038896475494778e+002	
  2.0040000000000000e+004	 -9.3952214868239523e+001	  4.1038896475494778e+002	
  2.0070000000000000e+004	 -9.3952214868239523e+001	  4.1038896475494778e+002	
  2.0100000000000000e+004	 -9.3952214868239523e+001	  4.1038896475494778e+002	
  2.0130000000000000e+004	 -9.3952214868239523e+001	  4.1038896475494778e+002	
  2.0160000000000000e+004	 -9.3952214868239523e+001	  4.1038896475494778e+002	
  2.0190000000000000e+004	 -9.8612737963286733e+001	  4.0331754682904409e+002	
  2.0220000000000000e+004	 -1.1447487182263953e+002	  3.8298381820553766e+002	
  2.0250000000000000e+004	 -9.7328884363960739e+001	  4.0649510316273035e+002	
  2.0280000000000000e+004	 -1.0365195955241947e+002	  4.0171736790520890e+002	
  2.0310000000000000e+004	 -1.0488985225638626e+002	  3.9902126371733823e+002	
  2.0340000000000000e+004	 -1.0889399264934312e+002	  4.0007989148463412e+002	
  2.0370000000000000e+004	 -9.8147304277326199e+001	  4.0566355386873710e+002	
  2.0400000000000000e+004	 -7.0469786194773761e+001	  3.9763648799599116e+002	
  2.0430000000000000e+004	 -9.4927506204993009e+001	  4.0640048919013827e+002	
  2.0460000000000000e+004	 -1.0510319447850024e+002	  4.1078748844461080e+002	
  2.0490000000000000e+004	 -9.9115374698173099e+001	  3.9967581225975965e+002	
  2.0520000000000000e+004	 -1.0085254728873898e+002	  4.0546652293094030e+002	
  2.0550000000000000e+004	 -1.0245353117372039e+002	  4.2022716940486134e+002	
  2.0580000000000000e+004	 -9.3106067223685656e+001	  4.2076816297788201e+002	
  2.0610000000000000e+004	 -9.1804557831283503e+001	  4.1267096761838832e+002	
  2.0640000000000000e+004	 -1.0463077497308817e+002	  4.3103607059746957e+002	
  2.0670000000000000e+004	 -9.3876083546308308e+001	  4.0818823479864449e+002	
  2.0700000000000000e+004	 -9.6070377140962094e+001	  4.0702830248646859e+002	
  2.0730000000000000e+004	 -9.3300554897278602e+001	  4.0090586598716936e+002	
  2.0760000000000000e+004	 -9.9644225017103750e+001	  4.2406427411765179e+002	
  2.0790000000000000e+004	 -8.1678139048551344e+001	  4.0085355204851123e+002	
  2.0820000000000000e+004	 -8.9992927437571808e+001	  4.0494667326102069e+002	
  2.0850000000000000e+004	 -8.6537378135219413e+001	  4.0168285079898931e+002	
  2.0880000000000000e+004	 -8.6843940104696500e+001	  4.1078191235705083e+002	
  2.0910000000000000e+004	 -8.6108985465279119e+001	  4.0407283486408011e+002	
  2.0940000000000000e+004	 -8.1230861997579936e+001	  3.9862498057551062e+002	
  2.0970000000000000e+004	 -8.1147950139284575e+001	  3.9958083367498011e+002	
  2.1000000000000000e+004	 -8.5471709259385477e+001	  4.0473644252500912e+002	
  2.1030000000000000e+004	 -8.9795468379486380e+001	  4.0989205137503808e+002	
  2.1060000000000000e+004	 -8.5658966475009578e+001	  4.0963868187413874e+002	
  2.1090000000000000e+004	 -9.2810247906199677e+001	  4.1370177976565481e+002	
  2.1120000000000000e+004	 -9.4586905652409044e+001	  3.9611589514733697e+002	
  2.1150000000000000e+004	 -9.5047572926417644e+001	  3.9743833369986777e+002	
  2.1180000000000000e+004	 -9.3147339532225729e+001	  4.1739303952027274e+002	
  2.1210000000000000e+004	 -9.8382135960401271e+001	  4.0954741733302347e+002	
  2.1240000000000000e+004	 -9.4158434382952564e+001	  4.1316299283341266e+002	
  2.1270000000000000e+004	 -9.2865851799065666e+001	  4.1565204653773583e+002	
  2.1300000000000000e+004	 -9.0040520461539089e+001	  4.0578266573828705e+002	
  2.1330000000000000e+004	 -9.0537018244345887e+001	  4.0553107696814396e+002	
  2.1360000000000000e+004	 -9.4714159935580511e+001	  4.1078301845725548e+002	
  2.1390000000000000e+004	 -9.5990599365573246e+001	  4.1443646212598941e+002	
  2.1420000000000000e+004	 -8.0479637206946862e+001	  4.0841866117122646e+002	
  2.1450000000000000e+004	 -8.6502573460525440e+001	  4.0916249860794494e+002	
  2.1480000000000000e+004	 -9.6540800549823061e+001	  4.1040222766914241e+002	
  2.1510000000000000e+004	 -1.0168351085281972e+002	  4.1929433211464402e+002	
  2.1540000000000000e+004	 -1.0918171549215658e+002	  4.3150025209544549e+002	
  2.1570000000000000e+004	 -9.8971966052013173e+001	  4.4398447520098415e+002	
  2.1600000000000000e+004	 -1.0033318444935975e+002	  4.3832836394864364e+002	
  2.1630000000000000e+004	 -1.0196664652617565e+002	  4.3154103044583502e+002	
  2.1660000000000000e+004	 -1.0360010860299155e+002	  4.2475369694302640e+002	
  2.1690000000000000e+004	 -1.0523357067980744e+002	  4.1796636344021778e+002	
  2.1720000000000000e+004	 -1.0686703275662335e+002	  4.1117902993740915e+002	
  2.1750000000000000e+004	 -8.4271356660426619e+001	  4.1426280577956351e+002	
  2.1780000000000000e+004	 -1.0242302273856903e+002	  4.1883490599815377e+002	
  2.1810000000000000e+004	 -1.2259154060317171e+002	  4.2391501735214285e+002	
  2.1840000000000000e+004	 -1.4276005846777440e+002	  4.2899512870613194e+002	
  2.1870000000000000e+004	 -1.4814189494050501e+002	  4.3274590387258922e+002	
  2.1900000000000000e+004	 -9.9963323687288067e+001	  3.7301314121315420e+002	
  2.1930000000000000e+004	 -1.0969089317590036e+002	  3.7106063426354081e+002	
  2.1960000000000000e+004	 -1.4314190731138609e+002	  3.2089893310688268e+002	
  2.1990000000000000e+004	 -1.7027707308935356e+002	  2.4123818129972787e+002	
  2.2020000000000000e+004	 -2.1927850652269541e+002	  1.8557296356430817e+002	
  2.2050000000000000e+004	 -2.5154633985610599e+002	  1.3920717954211946e+002	
  2.2080000000000000e+004	 -2.6304151818696300e+002	  6.9934546953907187e+001	
  2.2110000000000000e+004	 -2.6237998083844707e+002	  4.9525665692069722e+001	
  2.2140000000000000e+004	 -2.7591709162910604e+002	  2.7108620443463497e+001	
  2.2170000000000000e+004	 -2.7341274831374722e+002	  2.6463159769792593e+001	
  2.2200000000000000e+004	 -2.6974990733714901e+002	  2.9022849885795420e+001	
  2.2230000000000000e+004	 -2.6608706636055075e+002	  3.1582540001798236e+001	
  2.2260000000000000e+004	 -2.6242422538395255e+002	  3.4142230117801063e+001	
  2.2290000000000000e+004	 -2.5876138440735434e+002	  3.6701920233803882e+001	
  2.2320000000000000e+004	 -2.5509854343075611e+002	  3.9261610349806709e+001	
  2.2350000000000000e+004	 -2.7404903315081117e+002	  4.6595789328425994e+001	
  2.2380000000000000e+004	 -2.5333731770355743e+002	  5.6567535840674324e+001	
  2.2410000000000000e+004	 -2.6087764561116103e+002	  6.2868108733940304e+001	
  2.2440000000000000e+004	 -2.7033803278303162e+002	  7.0068067881477560e+001	
  2.2470000000000000e+004	 -2.4574320502095998e+002	  6.4433266143540280e+001	
  2.2500000000000000e+004	 -2.4532188596396364e+002	  6.2618779424116063e+001	
  2.2530000000000000e+004	 -2.5956176388753909e+002	  6.0788775904881824e+001	
  2.2560000000000000e+004	 -2.5374786489166999e+002	  6.6748576426246117e+001	
  2.2590000000000000e+004	 -2.4992748225973406e+002	  5.4256606209856457e+001	
  2.2620000000000000e+004	 -2.5180808243365064e+002	  6.7643621500171022e+001	
  2.2650000000000000e+004	 -2.4124515594949153e+002	  5.8059165634426996e+001	
  2.2680000000000000e+004	 -2.6737280465852945e+002	  7.1526338050830645e+001	
  2.2710000000000000e+004	 -2.6154814238082042e+002	  6.4720433641792397e+001	
  2.2740000000000000e+004	 -2.5541871200949467e+002	  6.3812082129350188e+001	
  2.2770000000000000e+004	 -2.2896299135723820e+002	  4.4607588414271547e+001	
  2.2800000000000000e+004	 -2.7365013767667295e+002	  8.6859204581867544e+001	
  2.2830000000000000e+004	 -2.9078800168969019e+002	  9.4831707394439576e+001	
  2.2860000000000000e+004	 -2.8842963157298539e+002	  7.3631377839565005e+001	
  2.2890000000000000e+004	 -2.9377294880709843e+002	  8.7688437891763314e+001	
  2.2920000000000000e+004	 -2.4463706350703313e+002	  7.7761241829880802e+001	
  2.2950000000000000e+004	 -2.3993195505007125e+002	  8.2572385944544152e+001	
  2.2980000000000000e+004	 -2.6888857024696642e+002	  7.7227996984252869e+001	
  2.3010000000000000e+004	 -2.7332656270588399e+002	  9.4998670200517779e+001	
  2.3040000000000000e+004	 -2.8049472634965377e+002	  1.0263762209935503e+002	
  2.3070000000000000e+004	 -2.8692013719900228e+002	  1.1996263068959425e+002	
  2.3100000000000000e+004	 -2.9334554804835079e+002	  1.3728763927983348e+002	
  2.3130000000000000e+004	 -2.9320195828656034e+002	  1.1269696709374247e+002	
  2.3160000000000000e+004	 -2.8279678408707377e+002	  1.0663132586754939e+002	
  2.3190000000000000e+004	 -2.9646388226771347e+002	  1.0038864440109163e+002	
  2.3220000000000000e+004	 -2.8466215961018162e+002	  7.8539356165079241e+001	
  2.3250000000000000e+004	 -2.7537118200771442e+002	  7.1407195650021848e+001	
  2.3280000000000000e+004	 -2.6075037778992271e+002	  7.2128556806268080e+001	
  2.3310000000000000e+004	 -2.6219960334466299e+002	  7.0193949144101992e+001	
  2.3340000000000000e+004	 -2.7048502314784417e+002	  7.2107382787146619e+001	
  2.3370000000000000e+004	 -2.6448827415184121e+002	  6.7276227245633081e+001	
  2.3400000000000000e+004	 -2.6999201508336546e+002	  7.4222342429024607e+001	
  2.3430000000000000e+004	 -2.4713437348976564e+002	  6.5250348106202708e+001	
  2.3460000000000000e+004	 -2.6467651552147333e+002	  5.4196496830064348e+001	
  2.3490000000000000e+004	 -2.6318850534212527e+002	  6.4059162105898437e+001	
  2.3520000000000000e+004	 -2.5882315849030886e+002	  6.0152037548283893e+001	
  2.3550000000000000e+004	 -2.5539899114013409e+002	  6.4493319284668559e+001	
  2.3580000000000000e+004	 -2.4267041629553336e+002	  4.3198402246648961e+001	
  2.3610000000000000e+004	 -2.4652482423629240e+002	  5.5287406970829188e+001	
  2.3640000000000000e+004	 -2.4763634005354515e+002	  5.6790280224325009e+001	
  2.3670000000000000e+004	 -2.5414404572633086e+002	  5.6500786042432615e+001	
  2.3700000000000000e+004	 -2.5414404572633086e+002	  6.2311491225252901e+001	
  2.3730000000000000e+004	 -2.5798055984374565e+002	  6.5550877067323498e+001	
  2.3760000000000000e+004	 -2.6366357476884508e+002	  6.5539714791610336e+001	
  2.3790000000000000e+004	 -2.6412971931029438e+002	  6.5717808805029449e+001	
  2.3820000000000000e+004	 -2.6398629103380392e+002	  6.2100001516584932e+001	
  2.3850000000000000e+004	 -2.6658577323287341e+002	  6.5550877067323498e+001	
  2.3880000000000000e+004	 -2.6556392510282382e+002	  6.7287369928112824e+001	
  2.3910000000000000e+004	 -2.5961195270254967e+002	  6.3201981174890115e+001	
  2.3940000000000000e+004	 -2.6407592145791136e+002	  7.0927568374899337e+001	
  2.3970000000000000e+004	 -2.6356499672962428e+002	  7.0103677020275072e+001	
  2.4000000000000000e+004	 -2.6886259431689700e+002	  7.2229913053686360e+001	
  2.4030000000000000e+004	 -2.5089019575363935e+002	  6.5506354440083825e+001	
  2.4060000000000000e+004	 -2.3566970952087473e+002	  5.5020134517485474e+001	
  2.4090000000000000e+004	 -2.5822176622811003e+002	  6.7305565785151799e+001	
  2.4120000000000000e+004	 -2.8077382293534532e+002	  7.9590997052818125e+001	
  2.4150000000000000e+004	 -2.9574856063500135e+002	  8.3817957999640470e+001	
  2.4180000000000000e+004	 -2.9144416778111838e+002	  8.1665135558481396e+001	
  2.4210000000000000e+004	 -2.7668258489214605e+002	  7.4970502203521079e+001	
  2.4240000000000000e+004	 -2.7052984916648040e+002	  7.2541542609367340e+001	
  2.4270000000000000e+004	 -2.7285864736015571e+002	  7.3487737894718109e+001	
  2.4300000000000000e+004	 -2.6868870045751021e+002	  7.0885115914752333e+001	
  2.4330000000000000e+004	 -2.5282459703074082e+002	  6.5686681993264600e+001	
  2.4360000000000000e+004	 -2.6579519678810425e+002	  7.3514506226538231e+001	
  2.4390000000000000e+004	 -2.5331580067753765e+002	  6.3455864187893191e+001	
  2.4420000000000000e+004	 -2.5700350779535586e+002	  7.8194211744102319e+001	
  2.4450000000000000e+004	 -2.6546173851975254e+002	  7.5242154378298395e+001	
  2.4480000000000000e+004	 -2.6435023176008946e+002	  7.2192017333842458e+001	
  2.4510000000000000e+004	 -2.6679195560783609e+002	  7.8298871163872562e+001	
  2.4540000000000000e+004	 -2.6212898438425680e+002	  7.3438759681629236e+001	
  2.4570000000000000e+004	 -2.5098342819147388e+002	  6.7302894817063901e+001	
  2.4600000000000000e+004	 -2.6687264587699616e+002	  7.3953086470970931e+001	
  2.4630000000000000e+004	 -2.7070554119333570e+002	  7.2882251119409645e+001	
  2.4660000000000000e+004	 -2.6780843630624622e+002	  8.1789811924343596e+001	
  2.4690000000000000e+004	 -2.6667184443771032e+002	  6.9618326972398933e+001	
  2.4720000000000000e+004	 -2.6366717526165013e+002	  6.6209818775361498e+001	
  2.4750000000000000e+004	 -2.6307376978318104e+002	  5.7282181753805560e+001	
  2.4780000000000000e+004	 -2.3812397657560186e+002	  5.5084771728394479e+001	
  2.4810000000000000e+004	 -2.4249651592106770e+002	  5.8731505854176000e+001	
  2.4840000000000000e+004	 -2.4684214296101109e+002	  5.9913777710364101e+001	
  2.4870000000000000e+004	 -2.3391997165272420e+002	  5.3163485420974723e+001	
  2.4900000000000000e+004	 -2.6645492342050602e+002	  6.6610621775633135e+001	
  2.4930000000000000e+004	 -2.8217380512413956e+002	  7.0346434831437222e+001	
  2.4960000000000000e+004	 -2.7472490584063922e+002	  6.9640635208938605e+001	
  2.4990000000000000e+004	 -2.8809707196802782e+002	  7.3066999556528415e+001	
  2.5020000000000000e+004	 -2.8081490881314096e+002	  7.5126347663398178e+001	
  2.5050000000000000e+004	 -2.5473566712584540e+002	  6.3075121230098524e+001	
  2.5080000000000000e+004	 -2.5338390899227684e+002	  6.1585724604502026e+001	
  2.5110000000000000e+004	 -2.6517131725178581e+002	  6.6292210688633460e+001	
  2.5140000000000000e+004	 -2.8368869954999172e+002	  7.3285181796582918e+001	
  2.5170000000000000e+004	 -2.7765426923666678e+002	  6.8977210275168460e+001	
  2.5200000000000000e+004	 -2.8912432652869660e+002	  7.3699213129162743e+001	
  2.5230000000000000e+004	 -2.7107663705790083e+002	  6.2739019054655600e+001	
  2.5260000000000000e+004	 -2.6914225473203197e+002	  6.2362734044423611e+001	
  2.5290000000000000e+004	 -2.7622005503173762e+002	  6.3246587847170403e+001	
  2.5320000000000000e+004	 -2.7095473424338826e+002	  5.7660650572701776e+001	
  2.5350000000000000e+004	 -2.6994182072336412e+002	  6.6824308687784892e+001	
  2.5380000000000000e+004	 -2.6557287382514772e+002	  6.7852898726901543e+001	
  2.5410000000000000e+004	 -2.6536670673029130e+002	  7.1944887131078829e+001	
  2.5440000000000000e+004	 -2.6570375768035217e+002	  6.5386119565592551e+001	
  2.5470000000000000e+004	 -2.5937531694141842e+002	  7.5847648633204898e+001	
  2.5500000000000000e+004	 -2.6416916405292477e+002	  5.8413217859722565e+001	
  2.5530000000000000e+004	 -2.4320466363179852e+002	  5.2934207021430154e+001	
  2.5560000000000000e+004	 -2.4324050422696442e+002	  5.5015832708897690e+001	
  2.5590000000000000e+004	 -2.3918708381278066e+002	  5.0538622669011552e+001	
  2.5620000000000000e+004	 -2.4396118748085965e+002	  5.1255524421077702e+001	
  2.5650000000000000e+004	 -2.7474641642197366e+002	  5.6812438212473467e+001	
  2.5680000000000000e+004	 -2.7582924145052010e+002	  5.9406214894433433e+001	
  2.5710000000000000e+004	 -2.9260945281900968e+002	  7.0152727424471621e+001	
  2.5740000000000000e+004	 -2.9592067668328627e+002	  7.0934093149037011e+001	
  2.5770000000000000e+004	 -3.0242299941989921e+002	  7.4574225023396380e+001	
  2.5800000000000000e+004	 -3.0749830734232876e+002	  7.7283629981848350e+001	
  2.5830000000000000e+004	 -3.0019819985615226e+002	  7.4545283135359298e+001	
  2.5860000000000000e+004	 -2.9850044544722925e+002	  7.5727459080399484e+001	
  2.5890000000000000e+004	 -2.9699811374310616e+002	  7.2379034873740281e+001	
  2.5920000000000000e+004	 -3.0902034574815241e+002	  8.5345273232266010e+001	
  2.5950000000000000e+004	 -3.3743373825596603e+002	  9.2082206268097679e+001	
  2.5980000000000000e+004	 -3.4708416394868618e+002	  1.0215639108870820e+002	
  2.6010000000000000e+004	 -3.2943088727316729e+002	  9.9596071864880471e+001	
  2.6040000000000000e+004	 -2.7103719501426292e+002	  7.5785346726401144e+001	
  2.6070000000000000e+004	 -2.2265966538188704e+002	  6.4050319882168054e+001	
  2.6100000000000000e+004	 -2.5630969411198885e+002	  6.6256547263519948e+001	
  2.6130000000000000e+004	 -2.7152483204006813e+002	  6.2137865789498370e+001	
  2.6160000000000000e+004	 -2.9509061549669616e+002	  6.7788360668181369e+001	
  2.6190000000000000e+004	 -2.0984952910402021e+002	  3.9279961425391456e+001	
  2.6220000000000000e+004	 -2.7003951976882036e+002	  5.1421330927266638e+001	
  2.6250000000000000e+004	 -2.6896478885580854e+002	  4.3469965013255845e+001	
  2.6280000000000000e+004	 -2.6522239598512562e+002	  4.1971728475560354e+001	
  2.6310000000000000e+004	 -2.6497590892566677e+002	  4.0488955081667235e+001	
  2.6340000000000000e+004	 -2.6284698815945922e+002	  3.8493064753185180e+001	
  2.6370000000000000e+004	 -2.6288731603922076e+002	  4.0057043181169476e+001	
  2.6400000000000000e+004	 -2.6152216398524854e+002	  3.6385725332716540e+001	
  2.6430000000000000e+004	 -2.6369946623071417e+002	  4.3871875355396625e+001	
  2.6460000000000000e+004	 -1.8846729084819674e+002	  9.8615362723714966e+001	
  2.6490000000000000e+004	 -1.1282640942965284e+002	  1.6693847189535367e+002	
  2.6520000000000000e+004	 -1.5459941119407597e+002	  2.7086188648044242e+002	
  2.6550000000000000e+004	 -1.1922747041324241e+002	  3.7733336228023501e+002	
  2.6580000000000000e+004	 -9.7914221727848670e+001	  4.5331283696741718e+002	
  2.6610000000000000e+004	 -1.3441116836499435e+002	  4.7668053473574184e+002	
  2.6640000000000000e+004	 -1.3917543935301342e+002	  4.6100373247107535e+002	
  2.6670000000000000e+004	 -7.3556089713490266e+001	  4.7340335207933350e+002	
  2.6700000000000000e+004	 -1.3519370077072591e+002	  4.9557326014273184e+002	
  2.6730000000000000e+004	 -1.5330058274284070e+002	  4.6462377374078898e+002	
  2.6760000000000000e+004	 -1.7061143631231280e+002	  4.3645164118292070e+002	
  2.6790000000000000e+004	 -1.5704114158308698e+002	  4.4025089468659246e+002	
  2.6820000000000000e+004	 -1.3474193393447604e+002	  4.4328763871829415e+002	
  2.6850000000000000e+004	 -9.4687313768028346e+001	  4.5589985469614919e+002	
  2.6880000000000000e+004	 -1.0323030180211501e+002	  4.4460195742610318e+002	
  2.6910000000000000e+004	 -1.3122364528639505e+002	  4.2683049996766033e+002	
  2.6940000000000000e+004	 -1.2570201444081316e+002	  4.4930542466410867e+002	
  2.6970000000000000e+004	 -1.2518206214743726e+002	  5.1027379650723407e+002	
  2.7000000000000000e+004	 -1.2518206214743726e+002	  5.1027379650723407e+002	
  2.7030000000000000e+004	 -1.1646159478371597e+002	  5.2045931522489673e+002	
  2.7060000000000000e+004	 -1.0774112741999467e+002	  5.3064483394255933e+002	
  2.7090000000000000e+004	 -1.0251806967934199e+002	  5.5598505262681158e+002	
  2.7120000000000000e+004	 -9.3281764037793238e+001	  6.3951073365792763e+002	
  2.7150000000000000e+004	 -1.8613583890269859e+002	  4.7929425070485092e+002	
  2.7180000000000000e+004	 -1.7883034740890949e+002	  4.8438143400806314e+002	
  2.7210000000000000e+004	 -1.4878729784394409e+002	  4.1344574278648116e+002	
  2.7240000000000000e+004	 -2.8829990625623384e+002	  3.9654006596280522e+002	
  2.7270000000000000e+004	 -1.6869098106728802e+002	  4.1973377480012107e+002	
  2.7300000000000000e+004	 -1.2652666699139527e+002	  4.4141304413323081e+002	
  2.7330000000000000e+004	 -9.1173451270082467e+001	  4.4624420826609560e+002	
  2.7360000000000000e+004	 -1.0210821353190104e+002	  4.6933427374544766e+002	
  2.7390000000000000e+004	 -1.1304297579371962e+002	  4.9242433922479984e+002	
  2.7420000000000000e+004	 -1.2397773805553820e+002	  5.1551440470415184e+002	
  2.7450000000000000e+004	 -1.3491250031735677e+002	  5.3860447018350396e+002	
  2.7480000000000000e+004	 -1.4584726257917535e+002	  5.6169453566285597e+002	
  2.7510000000000000e+004	 -1.3942645469347639e+002	  5.4289638682420036e+002	
  2.7540000000000000e+004	 -1.4454832995129868e+002	  5.0584227778450332e+002	
  2.7570000000000000e+004	 -1.5164944072184284e+002	  5.0699885008848685e+002	
  2.7600000000000000e+004	 -1.3861965619366916e+002	  4.6655623557069555e+002	
  2.7630000000000000e+004	 -1.2931436799648102e+002	  4.4634438093603666e+002	
  2.7660000000000000e+004	 -1.4310606350407653e+002	  6.0661875318217244e+002	
  2.7690000000000000e+004	 -1.6305852681875922e+002	  6.0030261326797631e+002	
  2.7720000000000000e+004	 -7.9812755577727884e+001	  4.7372059719389881e+002	
  2.7750000000000000e+004	 -1.2802629769467489e+002	  4.1310732869353899e+002	
  2.7780000000000000e+004	 -1.3930566352623856e+002	  4.3945507050722188e+002	
  2.7810000000000000e+004	 -1.4297107218094939e+002	  4.4483459192661684e+002	
  2.7840000000000000e+004	 -1.4663648083566022e+002	  4.5021411334601180e+002	
  2.7870000000000000e+004	 -1.5030188949037105e+002	  4.5559363476540676e+002	
  2.7900000000000000e+004	 -8.0624943373654645e+001	  4.7092988810024764e+002	
  2.7930000000000000e+004	 -1.2839293932208543e+002	  5.6592567592012097e+002	
  2.7960000000000000e+004	 -1.2315448197357993e+002	  5.9198834763464117e+002	
  2.7990000000000000e+004	 -9.8619749981865368e+001	  5.6131825795627469e+002	
  2.8020000000000000e+004	 -1.2536402118969075e+002	  5.7705293188405824e+002	
  2.8050000000000000e+004	 -1.3309799048358880e+002	  5.5994794959237299e+002	
  2.8080000000000000e+004	 -1.2018655597679943e+002	  5.2104817769131535e+002	
  2.8110000000000000e+004	 -1.1754853830960379e+002	  5.0979179973123485e+002	
  2.8140000000000000e+004	 -6.2731323786848634e+001	  6.4167251175802971e+002	
  2.8170000000000000e+004	 -9.7546755330212022e+001	  6.4355375774220920e+002	
  2.8200000000000000e+004	 -1.1207346573406717e+002	  5.3212757646739090e+002	
  2.8230000000000000e+004	 -1.6541156768995148e+002	  4.5852247769706980e+002	
  2.8260000000000000e+004	 -1.5761303631520352e+002	  4.5663008895344967e+002	
  2.8290000000000000e+004	 -1.3629836113530973e+002	  5.0028123668585664e+002	
  2.8320000000000000e+004	 -1.0432634836546904e+002	  5.6575795828446701e+002	
  2.8350000000000000e+004	 -8.0157012806627748e+001	  5.8751674056891386e+002	
  2.8380000000000000e+004	 -9.7443643895645479e+001	  5.2675986784791939e+002	
  2.8410000000000000e+004	 -1.1818848127208564e+002	  5.2877424326368146e+002	
  2.8440000000000000e+004	 -1.4682154227910803e+002	  5.3456764191159164e+002	
  2.8470000000000000e+004	 -1.2028160278623625e+002	  5.2943480685415648e+002	
  2.8500000000000000e+004	 -1.1229036266677171e+002	  5.1819512348119088e+002	
  2.8530000000000000e+004	 -1.2226078083172281e+002	  5.2191869352064919e+002	
  2.8560000000000000e+004	 -1.4412347604440293e+002	  5.2804668671107322e+002	
  2.8590000000000000e+004	 -1.5504143469875410e+002	  5.3268008035747880e+002	
  2.8620000000000000e+004	 -1.2656650474210430e+002	  5.1058364034775082e+002	
  2.8650000000000000e+004	 -1.2928301766442547e+002	  4.9329237944259040e+002	
  2.8680000000000000e+004	 -7.8296992409008681e+001	  4.5452619441273907e+002	
  2.8710000000000000e+004	 -5.5304879449155635e+001	  4.4464680374649095e+002	
  2.8740000000000000e+004	 -4.6175297484148281e+001	  4.2613477707921936e+002	
  2.8770000000000000e+004	 -2.4316945724826923e+001	  4.0222385796298812e+002	
  2.8800000000000000e+004	 -2.7494877556643509e+001	  3.9798824309179872e+002	
  2.8830000000000000e+004	 -7.8547621771748467e+001	  4.4868179581430411e+002	
  2.8860000000000000e+004	 -9.4394159850760531e+001	  4.8195806460479236e+002	
  2.8890000000000000e+004	 -8.7500076223217619e+001	  4.8833096698919326e+002	
  2.8920000000000000e+004	 -9.2688308377288720e+001	  4.8691111616866618e+002	
  2.8950000000000000e+004	 -1.2028782081093227e+002	  4.9494766102864867e+002	
  2.8980000000000000e+004	 -1.3400247435433440e+002	  5.0155767935470823e+002	
  2.9010000000000000e+004	 -1.1562659086934909e+002	  4.8056956593404601e+002	
  2.9040000000000000e+004	 -8.9375328747941509e+001	  4.5058654676167134e+002	
  2.9070000000000000e+004	 -6.3124066626533974e+001	  4.2060352758929668e+002	
  2.9100000000000000e+004	 -9.8975559850605649e+001	  4.8337958802898140e+002	
  2.9130000000000000e+004	 -1.1159836950577134e+002	  4.9464378021712525e+002	
  2.9160000000000000e+004	 -1.0121825435092296e+002	  4.7624416924707583e+002	
  2.9190000000000000e+004	 -1.0458091179842330e+002	  4.8210806323260925e+002	
  2.9220000000000000e+004	 -1.1010077266745476e+002	  5.0072673196518730e+002	
  2.9250000000000000e+004	 -1.1562063353648621e+002	  5.1934540069776540e+002	
  2.9280000000000000e+004	 -1.2114049440551769e+002	  5.3796406943034344e+002	
  2.9310000000000000e+004	 -1.2666035527454915e+002	  5.5658273816292149e+002	
  2.9340000000000000e+004	 -1.3218021614358059e+002	  5.7520140689549953e+002	
  2.9370000000000000e+004	 -1.3770007701261204e+002	  5.9382007562807769e+002	
  2.9400000000000000e+004	 -1.4321993788164355e+002	  6.1243874436065585e+002	
  2.9430000000000000e+004	 -1.4873979875067496e+002	  6.3105741309323389e+002	
  2.9460000000000000e+004	 -1.5425965961970644e+002	  6.4967608182581205e+002	
  2.9490000000000000e+004	 -1.3895043934582401e+002	  5.5345369485489095e+002	
  2.9520000000000000e+004	 -1.3032436427764304e+002	  5.3447581041933722e+002	
  2.9550000000000000e+004	 -1.1415047352480376e+002	  4.9889227710267380e+002	
  2.9580000000000000e+004	 -9.7976582771964445e+001	  4.6330874378601033e+002	
  2.9610000000000000e+004	 -8.1802692019125132e+001	  4.2772521046934685e+002	
  2.9640000000000000e+004	 -6.5628801266285819e+001	  3.9214167715268331e+002	
  2.9670000000000000e+004	 -4.9454910513446521e+001	  3.5655814383601989e+002	
  2.9700000000000000e+004	 -1.2975897311211014e+002	  4.4766461107094767e+002	
  2.9730000000000000e+004	 -1.4961733561855323e+002	  4.4417369734362211e+002	
  2.9760000000000000e+004	 -1.4134096164442289e+002	  4.5061522011880612e+002	
  2.9790000000000000e+004	 -1.2673559580772226e+002	  4.6198261325148371e+002	
  2.9820000000000000e+004	 -1.1213022997102166e+002	  4.7335000638416136e+002	
  2.9850000000000000e+004	 -9.7524864134321035e+001	  4.8471739951683907e+002	
  2.9880000000000000e+004	 -3.8299722829263700e+001	  4.0659528600169193e+002	
  2.9910000000000000e+004	 -1.1232175727019467e+002	  4.7053582994368219e+002	
  2.9940000000000000e+004	 -7.0234075995284826e+001	  4.6168388925913757e+002	
  2.9970000000000000e+004	 -8.3174039639991946e+001	  4.7494346762576220e+002	
  3.0000000000000000e+004	 -1.0360556118426634e+002	  4.9587964399411703e+002	
  3.0030000000000000e+004	 -1.2403708272854074e+002	  5.1681582036247175e+002	
  3.0060000000000000e+004	 -8.9701648853511173e+001	  4.3154812399891080e+002	
  3.0090000000000000e+004	 -9.5314709041828095e+001	  4.3818039571155003e+002	
  3.0120000000000000e+004	 -1.1906675501874237e+002	  4.8073395274464906e+002	
  3.0150000000000000e+004	 -1.4376398414132669e+002	  5.2790643871598513e+002	
  3.0180000000000000e+004	 -1.0736211686014343e+002	  4.7144639696572659e+002	
  3.0210000000000000e+004	 -1.1135989816368551e+002	  4.7794731902423791e+002	
  3.0240000000000000e+004	  5.5294758313636692e+001	  2.0412949884466741e+002	
  3.0270000000000000e+004	  3.5977732141256325e+001	  2.4862295561548430e+002	
  3.0300000000000000e+004	 -2.5275668873772482e+001	  3.5019399511879897e+002	
  3.0330000000000000e+004	 -1.1715577039631567e+002	  5.0255055437377081e+002	
  3.0360000000000000e+004	 -1.0750009202158125e+002	  4.6339705557207043e+002	
  3.0390000000000000e+004	 -1.1543842478174182e+002	  4.7386197688057484e+002	
  3.0420000000000000e+004	 -2.5981427633133302e+002	  7.3563002025028277e+002	
  3.0450000000000000e+004	 -4.4813060443949547e+002	  1.0770665985585977e+003	
  3.0480000000000000e+004	 -3.5470875184978917e+002	  8.9974005245749754e+002	
  3.0510000000000000e+004	 -7.6704991343087400e+001	  3.4973229117380845e+002	
  3.0540000000000000e+004	 -6.2917872499025520e+001	  3.4535417454567107e+002	
  3.0570000000000000e+004	 -5.9214351385105232e+001	  3.4433896140160988e+002	
  3.0600000000000000e+004	 -1.1260651225529558e+002	  4.5994177280572808e+002	
  3.0630000000000000e+004	 -9.8765769568993250e+001	  4.5935735775276697e+002	
  3.0660000000000000e+004	 -9.8449170977113496e+001	  4.5686563655586741e+002	
  3.0690000000000000e+004	 -9.7585720271986887e+001	  4.5007003329159568e+002	
  3.0720000000000000e+004	 -9.6722269566860291e+001	  4.4327443002732406e+002	
  3.0750000000000000e+004	 -9.5858818861733681e+001	  4.3647882676305238e+002	
  3.0780000000000000e+004	 -9.4995368156607071e+001	  4.2968322349878071e+002	
  3.0810000000000000e+004	 -9.4131917451480462e+001	  4.2288762023450903e+002	
  3.0840000000000000e+004	 -9.3268466746353866e+001	  4.1609201697023735e+002	
  3.0870000000000000e+004	 -9.2405016041227256e+001	  4.0929641370596573e+002	
  3.0900000000000000e+004	 -9.1541565336100646e+001	  4.0250081044169400e+002	
  3.0930000000000000e+004	 -9.2270664181800385e+001	  4.1475706040525273e+002	
  3.0960000000000000e+004	 -8.2781564543917355e+001	  4.2870285818979846e+002	
  3.0990000000000000e+004	 -7.8287141538620631e+001	  4.1352144528913971e+002	
  3.1020000000000000e+004	 -5.9952592607250402e+001	  3.8931664679450375e+002	
  3.1050000000000000e+004	 -8.6724261499220859e+001	  4.3782324931420345e+002	
  3.1080000000000000e+004	 -1.1761464868226368e+002	  4.9379240606770293e+002	
  3.1110000000000000e+004	 -1.1010501413055310e+002	  5.0695655530453189e+002	
  3.1140000000000000e+004	 -1.2533672184558340e+002	  5.2092685128835922e+002	
  3.1170000000000000e+004	 -1.5797609552064827e+002	  5.5086319982513203e+002	
  3.1200000000000000e+004	 -1.8247678666258196e+002	  5.7724439805034285e+002	
  3.1230000000000000e+004	 -1.4329607910918671e+002	  5.2231386467089339e+002	
  3.1260000000000000e+004	 -1.1416914055866982e+002	  4.8729794872487281e+002	
  3.1290000000000000e+004	 -8.8434132795436739e+001	  4.6112507679605380e+002	
  3.1320000000000000e+004	 -1.4670230308609715e+002	  5.2693574937285689e+002	
  3.1350000000000000e+004	 -1.6207700097263947e+002	  5.4021809619279213e+002	
  3.1380000000000000e+004	 -1.5445385846148233e+002	  5.3512596517805866e+002	
  3.1410000000000000e+004	 -1.4628620577095685e+002	  5.2967011051941574e+002	
  3.1440000000000000e+004	 -1.3811855308043138e+002	  5.2421425586077271e+002	
  3.1470000000000000e+004	 -1.2995090038990588e+002	  5.1875840120212979e+002	
  3.1500000000000000e+004	 -1.2178324769938041e+002	  5.1330254654348676e+002	
  3.1530000000000000e+004	 -9.5558594152954853e+001	  4.8026938810577502e+002	
  3.1560000000000000e+004	 -1.0263639601576844e+002	  5.2248862425886557e+002	
  3.1590000000000000e+004	 -1.0406832485464565e+002	  5.1772192517954284e+002	
  3.1620000000000000e+004	 -1.0937324384279225e+002	  5.0050825341546476e+002	
  3.1650000000000000e+004	 -1.1518836417549115e+002	  4.8863932346119873e+002	
  3.1680000000000000e+004	 -1.2217745325032676e+002	  5.1345413088303940e+002	
  3.1710000000000000e+004	 -1.1590453062826137e+002	  5.0017734797707055e+002	
  3.1740000000000000e+004	 -8.9980691795561995e+001	  4.4826119986152315e+002	
  3.1770000000000000e+004	 -1.3679913877308229e+002	  4.7438516488617159e+002	
  3.1800000000000000e+004	 -1.2931310222009935e+002	  4.6904194399576335e+002	
  3.1830000000000000e+004	 -1.1910487055694084e+002	  4.6175573369066115e+002	
  3.1860000000000000e+004	 -1.0889663889378232e+002	  4.5446952338555894e+002	
  3.1890000000000000e+004	 -9.8688407230623795e+001	  4.4718331308045674e+002	
  3.1920000000000000e+004	 -8.8480175567465253e+001	  4.3989710277535454e+002	
  3.1950000000000000e+004	 -7.8271943904306724e+001	  4.3261089247025240e+002	
  3.1980000000000000e+004	 -6.8063712241148210e+001	  4.2532468216515019e+002	
  3.2010000000000000e+004	 -5.8085505332263338e+001	  4.1833477693803059e+002	
  3.2040000000000000e+004	 -5.1539209991096399e+001	  3.7927362855242387e+002	
  3.2070000000000000e+004	 -5.7993973097629024e+001	  3.9707098047570651e+002	
  3.2100000000000000e+004	 -6.6397528379086410e+001	  4.0491216796953671e+002	
  3.2130000000000000e+004	 -2.4555713370127048e+000	  3.7217263263874850e+002	
  3.2160000000000000e+004	 -3.1304218240913805e+001	  4.4010729499909002e+002	
  3.2190000000000000e+004	 -1.5995887189291778e+002	  5.3649899768190664e+002	
  3.2220000000000000e+004	 -8.8715620322449155e+001	  4.1826687221362391e+002	
  3.2250000000000000e+004	 -1.0860280082845061e+002	  4.1794954623790608e+002	
  3.2280000000000000e+004	 -1.9923191073791253e+002	  5.8634345804312397e+002	
  3.2310000000000000e+004	 -1.4820467357118224e+002	  5.5188413158420121e+002	
  3.2340000000000000e+004	 -1.5105156398880831e+002	  5.6470786457608961e+002	
  3.2370000000000000e+004	 -1.0449905973096652e+002	  4.2726018381252635e+002	
  3.2400000000000000e+004	 -1.0705440295745228e+002	  4.3260973502357399e+002	
  3.2430000000000000e+004	 -1.2193554463885582e+002	  4.5902010898824534e+002	
  3.2460000000000000e+004	 -1.3681668632025935e+002	  4.8543048295291669e+002	
  3.2490000000000000e+004	 -1.5169782800166288e+002	  5.1184085691758810e+002	
  3.2520000000000000e+004	 -1.6657896968306639e+002	  5.3825123088225951e+002	
  3.2550000000000000e+004	 -1.7649973080400210e+002	  5.5585814685870707e+002	
  3.2580000000000000e+004	 -1.7649973080400210e+002	  5.5585814685870707e+002	
  3.2610000000000000e+004	 -1.7649973080400210e+002	  5.5585814685870707e+002	
  3.2640000000000000e+004	 -1.7649973080400210e+002	  5.5585814685870707e+002	
  3.2670000000000000e+004	 -1.7649973080400210e+002	  5.5585814685870707e+002	
  3.2700000000000000e+004	 -1.7649973080400210e+002	  5.5585814685870707e+002	
  3.2730000000000000e+004	 -1.7649973080400210e+002	  5.5585814685870707e+002	
  3.2760000000000000e+004	 -1.7649973080400210e+002	  5.5585814685870707e+002	
  3.2790000000000000e+004	 -1.7649973080400210e+002	  5.5585814685870707e+002	
  3.2820000000000000e+004	 -1.7649973080400210e+002	  5.5585814685870707e+002	
  3.2850000000000000e+004	 -1.6802925022600107e+002	  5.5025970255575828e+002	
  3.2880000000000000e+004	 -1.3449238834250733e+002	  5.2809398815248710e+002	
  3.2910000000000000e+004	 -1.0123978933238051e+002	  5.0408679952532020e+002	
  3.2940000000000000e+004	 -7.9152067814527399e+001	  3.9522247030951655e+002	
  3.2970000000000000e+004	 -1.0197983763595482e+002	  4.4583000766003101e+002	
  3.3000000000000000e+004	 -1.2480760745738222e+002	  4.9643754501054559e+002	
  3.3030000000000000e+004	 -1.4386620068978715e+002	  4.8481334855460716e+002	
  3.3060000000000000e+004	 -1.3168836892815645e+002	  4.6675809505210532e+002	
  3.3090000000000000e+004	 -9.0924494573701054e+001	  4.3708622614383233e+002	
  3.3120000000000000e+004	 -5.0160620219245651e+001	  4.0741435723555935e+002	
  3.3150000000000000e+004	 -9.3967458647902493e+000	  3.7774248832728631e+002	
  3.3180000000000000e+004	 -1.1932872444358036e+002	  4.5317369488995280e+002	
  3.3210000000000000e+004	 -1.0035240168548580e+002	  4.3797334797627826e+002	
  3.3240000000000000e+004	 -1.5366900361977687e+002	  4.6143899301878065e+002	
  3.3270000000000000e+004	 -1.6271792572946293e+002	  4.8078034225228464e+002	
  3.3300000000000000e+004	 -1.4046532758603371e+002	  5.1361888041096836e+002	
  3.3330000000000000e+004	 -1.6207253339931987e+002	  5.5355388573312928e+002	
  3.3360000000000000e+004	 -1.8731455072512688e+002	  5.8696571686576976e+002	
  3.3390000000000000e+004	 -1.9734502628962213e+002	  6.0379129644878208e+002	
  3.3420000000000000e+004	 -2.3631060934276647e+002	  6.2791371424692466e+002	
  3.3450000000000000e+004	 -2.5491046140217867e+002	  6.5216970752659006e+002	
  3.3480000000000000e+004	 -2.5223924488354686e+002	  6.7987653428360568e+002	
  3.3510000000000000e+004	 -2.4920053836872449e+002	  7.1509169798209246e+002	
  3.3540000000000000e+004	 -2.4158580159466956e+002	  7.5183191036439928e+002	
  3.3570000000000000e+004	 -2.4573154747270002e+002	  7.8499884108837443e+002	
  3.3600000000000000e+004	 -2.6038733371053695e+002	  8.1149231159893259e+002	
  3.3630000000000000e+004	 -2.7033264829144883e+002	  8.3390600948073768e+002	
  3.3660000000000000e+004	 -2.9045635076450236e+002	  8.4856090319842428e+002	
  3.3690000000000000e+004	 -3.2380163051556826e+002	  8.6173528187388797e+002	
  3.3720000000000000e+004	 -3.5619673978459639e+002	  8.5849039185047263e+002	
  3.3750000000000000e+004	 -3.6278961698002468e+002	  8.5829001689829329e+002	
  3.3780000000000000e+004	 -3.6548771031717729e+002	  8.6038834784005996e+002	
  3.3810000000000000e+004	 -3.6400867910816930e+002	  8.5540133914471187e+002	
  3.3840000000000000e+004	 -3.6828890299802362e+002	  8.6197461627438020e+002	
  3.3870000000000000e+004	 -3.6745526750309500e+002	  8.6238648967184201e+002	
  3.3900000000000000e+004	 -3.6795275042345315e+002	  8.6215828732863156e+002	
  3.3930000000000000e+004	 -3.6754938268253909e+002	  8.6164066392670998e+002	
  3.3960000000000000e+004	 -3.6827097046855414e+002	  8.6702841128685759e+002	
  3.3990000000000000e+004	 -3.7409294457586196e+002	  8.6012675059205617e+002	
  3.4020000000000000e+004	 -3.9929462711205758e+002	  8.5264067570394695e+002	
  3.4050000000000000e+004	 -4.3304327718689620e+002	  8.5200616697598309e+002	
  3.4080000000000000e+004	 -4.6370838201022360e+002	  8.5183919243188757e+002	
  3.4110000000000000e+004	 -4.9362502331295912e+002	  8.5193937907415329e+002	
  3.4140000000000000e+004	 -5.2976699320608861e+002	  8.5184475717988482e+002	
  3.4170000000000000e+004	 -5.6099234472466924e+002	  8.5298019670713074e+002	
  3.4200000000000000e+004	 -5.9173812438506138e+002	  8.5436052160629913e+002	
  3.4230000000000000e+004	 -6.0963880170919458e+002	  8.6747368212030574e+002	
  3.4260000000000000e+004	 -6.2721230145051447e+002	  8.6693379068621221e+002	
  3.4290000000000000e+004	 -6.3059612262062785e+002	  8.6832525083410690e+002	
  3.4320000000000000e+004	 -6.3052441419330989e+002	  8.6203027247918294e+002	
  3.4350000000000000e+004	 -6.3211997355046537e+002	  8.6497460786130762e+002	
  3.4380000000000000e+004	 -6.2882130316671078e+002	  8.6195235157702405e+002	
  3.4410000000000000e+004	 -5.5460116231693894e+002	  8.4543289258733023e+002	
  3.4440000000000000e+004	 -4.5236918809133965e+002	  8.8802280924567822e+002	
  3.4470000000000000e+004	 -3.7013542383067426e+002	  9.7035294440061114e+002	
  3.4500000000000000e+004	 -4.2377920164355891e+002	  1.0626236863574645e+003	
  3.4530000000000000e+004	 -4.7890199828286052e+002	  1.1013063779151262e+003	
  3.4560000000000000e+004	 -4.9001709402389986e+002	  1.1045957942404534e+003	
  3.4590000000000000e+004	 -4.9675717058261847e+002	  1.1394466107524124e+003	
  3.4620000000000000e+004	 -5.0532185324370721e+002	  1.1270172930385702e+003	
  3.4650000000000000e+004	 -5.0206710869926582e+002	  1.1232658996236580e+003	
  3.4680000000000000e+004	 -5.0814813809382679e+002	  1.1240918712550035e+003	
  3.4710000000000000e+004	 -4.9746868559765807e+002	  1.1454714366658138e+003	
  3.4740000000000000e+004	 -5.0067503148124922e+002	  1.1591300466591895e+003	
  3.4770000000000000e+004	 -5.0210714017789343e+002	  1.1588990385629911e+003	
  3.4800000000000000e+004	 -5.0358863193304251e+002	  1.1586600646703721e+003	
  3.4830000000000000e+004	 -5.0507012368819153e+002	  1.1584210907777529e+003	
  3.4860000000000000e+004	 -5.0655161544334061e+002	  1.1581821168851338e+003	
  3.4890000000000000e+004	 -5.0803310719848974e+002	  1.1579431429925148e+003	
  3.4920000000000000e+004	 -5.0951459895363871e+002	  1.1577041690998958e+003	
  3.4950000000000000e+004	 -5.1099609070878785e+002	  1.1574651952072766e+003	
  3.4980000000000000e+004	 -5.0756280027070773e+002	  1.1372028070282581e+003	
  3.5010000000000000e+004	 -5.0244358780408038e+002	  1.1356376862655818e+003	
  3.5040000000000000e+004	 -7.0472663258159776e+002	  1.2957049945415058e+003	
  3.5070000000000000e+004	 -7.0472663258159764e+002	  1.2957049945415058e+003	
  3.5100000000000000e+004	 -7.0472663258159764e+002	  1.2957049945415058e+003	
  3.5130000000000000e+004	 -7.0472663258159764e+002	  1.2957049945415058e+003	
  3.5160000000000000e+004	 -7.0472663258159764e+002	  1.2957049945415058e+003	
  3.5190000000000000e+004	 -7.0472663258159764e+002	  1.2957049945415058e+003	
  3.5220000000000000e+004	 -6.9052911072152779e+002	  1.2862856335170809e+003	
  3.5250000000000000e+004	 -6.5703105678654788e+002	  1.2640613138971439e+003	
  3.5280000000000000e+004	 -6.2353300285156809e+002	  1.2418369942772072e+003	
  3.5310000000000000e+004	 -5.9003494891658806e+002	  1.2196126746572700e+003	
  3.5340000000000000e+004	 -5.5653689498160804e+002	  1.1973883550373330e+003	
  3.5370000000000000e+004	 -5.2303884104662814e+002	  1.1751640354173960e+003	
  3.5400000000000000e+004	 -4.9217556755471526e+002	  1.1533014864724871e+003	
  3.5430000000000000e+004	 -4.9342692250488574e+002	  1.1463152200232946e+003	
  3.5460000000000000e+004	 -4.9498841476149738e+002	  1.1542142844901061e+003	
  3.5490000000000000e+004	 -4.9288013091457697e+002	  1.1521215203057886e+003	
  3.5520000000000000e+004	 -4.9097262522660111e+002	  1.1483812643385893e+003	
  3.5550000000000000e+004	 -4.9480733963351832e+002	  1.1570951675368474e+003	
  3.5580000000000000e+004	 -4.8974458691296968e+002	  1.1557460022750670e+003	
  3.5610000000000000e+004	 -4.9324764468374468e+002	  1.1509794086266497e+003	
  3.5640000000000000e+004	 -4.9021429835969718e+002	  1.1449794142534479e+003	
  3.5670000000000000e+004	 -4.9815800043294064e+002	  1.1546461888728004e+003	
  3.5700000000000000e+004	 -4.9898625769345773e+002	  1.1539894226138781e+003	
  3.5730000000000000e+004	 -4.9745703591008748e+002	  1.1524398879440075e+003	
