  0.0000000000000000e+000	 -1.8350944522353655e+002	  3.9036300838872398e+002	
  3.0000000000000000e+001	 -2.0331941792872755e+002	  3.5674524880470034e+002	
  6.0000000000000000e+001	 -2.0197483829506436e+002	  3.1533531189831251e+002	
  9.0000000000000000e+001	 -1.8189592446401684e+002	  2.7359139409197650e+002	
  1.2000000000000000e+002	 -1.8001354422863983e+002	  2.3073432068947656e+002	
  1.5000000000000000e+002	 -2.0529144506357733e+002	  1.9589205247511782e+002	
  1.8000000000000000e+002	 -2.3747139981100003e+002	  1.8442635755101378e+002	
  2.1000000000000000e+002	 -2.3836778244002875e+002	  1.6795146852913365e+002	
  2.4000000000000000e+002	 -2.8004938708052845e+002	  1.7925015427429176e+002	
  2.7000000000000000e+002	 -2.8302478611604988e+002	  1.8072058068243308e+002	
  3.0000000000000000e+002	 -2.8897558418709275e+002	  1.6596208607238290e+002	
  3.3000000000000000e+002	 -2.9492638225813562e+002	  1.5120359146233272e+002	
  3.6000000000000000e+002	 -3.0087718032917849e+002	  1.3644509685228257e+002	
  3.9000000000000000e+002	 -3.0682797840022135e+002	  1.2168660224223241e+002	
  4.2000000000000000e+002	 -3.1572526203686192e+002	  1.1351739981008454e+002	
  4.5000000000000000e+002	 -2.8641367553363722e+002	  1.0572514374333167e+002	
  4.8000000000000000e+002	 -3.1178119041903875e+002	  1.1162497827067244e+002	
  5.1000000000000000e+002	 -3.3194971262324373e+002	  1.2687541803458232e+002	
  5.4000000000000000e+002	 -2.9483963467631730e+002	  1.1529843711219105e+002	
  5.7000000000000000e+002	 -2.9959043652651678e+002	  1.1262686555052663e+002	
  6.0000000000000000e+002	 -3.1348430498271392e+002	  1.1952850564727736e+002	
  6.3000000000000000e+002	 -3.0998842662331577e+002	  1.2798860639115692e+002	
  6.6000000000000000e+002	 -3.0756822404528270e+002	  1.2910178133075684e+002	
  6.9000000000000000e+002	 -3.0989878434087973e+002	  1.3644867724054563e+002	
  7.2000000000000000e+002	 -3.0478942369568921e+002	  1.2654147920165627e+002	
  7.5000000000000000e+002	 -3.0281739370593823e+002	  1.1730216940493494e+002	
  7.8000000000000000e+002	 -3.0048682947837835e+002	  1.1719084838357811e+002	
  8.1000000000000000e+002	 -3.0443089238013505e+002	  1.2008509032930310e+002	
  8.4000000000000000e+002	 -3.0828530736844453e+002	  1.3299786922876697e+002	
  8.7000000000000000e+002	 -3.0998842662331577e+002	  1.3589214738980033e+002	
  9.0000000000000000e+002	 -3.0658218428388665e+002	  1.2019639857764390e+002	
  9.3000000000000000e+002	 -2.9475001254401161e+002	  9.9157513320874841e+001	
  9.6000000000000000e+002	 -2.9376399413043680e+002	  9.8712208716846334e+001	
  9.9000000000000000e+002	 -2.9591530291040903e+002	  1.1051181530609742e+002	
  1.0200000000000000e+003	 -3.0434124549403867e+002	  1.2954703647149256e+002	
  1.0500000000000000e+003	 -2.9743913745045126e+002	  1.1129101351252000e+002	
  1.0800000000000000e+003	 -2.9779768472713369e+002	  1.1140239228596634e+002	
  1.1100000000000000e+003	 -3.0192103924161887e+002	  1.2331329376587503e+002	
  1.1400000000000000e+003	 -2.7044022676170158e+002	  1.0287552426803431e+002	
  1.1700000000000000e+003	 -2.5631329478323005e+002	  1.3956561800148242e+002	
  1.2000000000000000e+003	 -2.2941295869451270e+002	  1.6938741214592210e+002	
  1.2300000000000000e+003	 -2.0251266316263417e+002	  1.9481227885963074e+002	
  1.2600000000000000e+003	 -1.7768295907154516e+002	  2.2549128010575814e+002	
  1.2900000000000000e+003	 -1.6635275217934046e+002	  2.5367675624806461e+002	
  1.3200000000000000e+003	 -1.5270984082209861e+002	  2.9277129883233243e+002	
  1.3500000000000000e+003	 -1.2933232097461598e+002	  3.3124251354886042e+002	
  1.3800000000000000e+003	 -1.2509245376644381e+002	  3.7309775787501519e+002	
  1.4100000000000000e+003	 -9.4015010461674848e+001	  3.9970253201155009e+002	
  1.4400000000000000e+003	 -8.7130816830063537e+001	  4.3426649782689594e+002	
  1.4700000000000000e+003	 -1.1073244840261194e+002	  4.6594733503700508e+002	
  1.5000000000000000e+003	 -1.1685471408738276e+002	  4.7021077186001475e+002	
  1.5300000000000000e+003	 -1.2570197908885045e+002	  4.5947980877887892e+002	
  1.5600000000000000e+003	 -1.2416916352758592e+002	  4.8587310425208273e+002	
  1.5900000000000000e+003	 -1.2416916352758592e+002	  4.8587310425208267e+002	
  1.6200000000000000e+003	 -1.2416916352758592e+002	  4.8587310425208267e+002	
  1.6500000000000000e+003	 -1.2416916352758592e+002	  4.8587310425208267e+002	
  1.6800000000000000e+003	 -1.2416916352758592e+002	  4.8587310425208267e+002	
  1.7100000000000000e+003	 -1.2416916352758592e+002	  4.8587310425208267e+002	
  1.7400000000000000e+003	 -1.2416916352758592e+002	  4.8587310425208267e+002	
  1.7700000000000000e+003	 -1.2416916352758592e+002	  4.8587310425208267e+002	
  1.8000000000000000e+003	 -1.2416916352758592e+002	  4.8587310425208267e+002	
  1.8300000000000000e+003	 -1.2416916352758592e+002	  4.8587310425208267e+002	
  1.8600000000000000e+003	 -1.2416916352758592e+002	  4.8587310425208267e+002	
  1.8900000000000000e+003	 -1.2416916352758592e+002	  4.8587310425208267e+002	
  1.9200000000000000e+003	 -1.2416916352758592e+002	  4.8587310425208267e+002	
  1.9500000000000000e+003	 -1.2416916352758592e+002	  4.8587310425208267e+002	
  1.9800000000000000e+003	 -1.2416916352758592e+002	  4.8587310425208267e+002	
  2.0100000000000000e+003	 -1.2416916352758592e+002	  4.8587310425208267e+002	
  2.0400000000000000e+003	 -1.2416916352758592e+002	  4.8587310425208267e+002	
  2.0700000000000000e+003	 -1.2416916352758592e+002	  4.8587310425208267e+002	
  2.1000000000000000e+003	 -1.2416916352758592e+002	  4.8587310425208267e+002	
  2.1300000000000000e+003	 -1.2416916352758592e+002	  4.8587310425208267e+002	
  2.1600000000000000e+003	 -1.2416916352758592e+002	  4.8587310425208267e+002	
  2.1900000000000000e+003	 -1.2416916352758592e+002	  4.8587310425208267e+002	
  2.2200000000000000e+003	 -1.2416916352758592e+002	  4.8587310425208267e+002	
  2.2500000000000000e+003	 -1.2416916352758592e+002	  4.8587310425208267e+002	
  2.2800000000000000e+003	 -1.2416916352758592e+002	  4.8587310425208267e+002	
  2.3100000000000000e+003	 -1.2416916352758592e+002	  4.8587310425208267e+002	
  2.3400000000000000e+003	 -1.2416916352758592e+002	  4.8587310425208267e+002	
  2.3700000000000000e+003	 -1.2416916352758592e+002	  4.8587310425208267e+002	
  2.4000000000000000e+003	 -1.2416916352758592e+002	  4.8587310425208267e+002	
  2.4300000000000000e+003	 -1.2416916352758592e+002	  4.8587310425208267e+002	
  2.4600000000000000e+003	 -1.2416916352758592e+002	  4.8587310425208267e+002	
  2.4900000000000000e+003	 -1.2416916352758592e+002	  4.8587310425208267e+002	
  2.5200000000000000e+003	 -1.2416916352758592e+002	  4.8587310425208267e+002	
  2.5500000000000000e+003	 -1.2416916352758592e+002	  4.8587310425208267e+002	
  2.5800000000000000e+003	 -1.2416916352758592e+002	  4.8587310425208267e+002	
  2.6100000000000000e+003	 -1.2416916352758592e+002	  4.8587310425208267e+002	
  2.6400000000000000e+003	 -1.2416916352758592e+002	  4.8587310425208267e+002	
  2.6700000000000000e+003	 -1.2416916352758592e+002	  4.8587310425208267e+002	
  2.7000000000000000e+003	 -1.2416916352758592e+002	  4.8587310425208267e+002	
  2.7300000000000000e+003	 -1.2416916352758592e+002	  4.8587310425208267e+002	
  2.7600000000000000e+003	 -1.2416916352758592e+002	  4.8587310425208267e+002	
  2.7900000000000000e+003	 -1.2416916352758592e+002	  4.8587310425208267e+002	
  2.8200000000000000e+003	 -1.2416916352758592e+002	  4.8587310425208267e+002	
  2.8500000000000000e+003	 -1.2416916352758592e+002	  4.8587310425208267e+002	
  2.8800000000000000e+003	 -1.2416916352758592e+002	  4.8587310425208267e+002	
  2.9100000000000000e+003	 -1.2416916352758592e+002	  4.8587310425208267e+002	
  2.9400000000000000e+003	 -1.2416916352758592e+002	  4.8587310425208267e+002	
  2.9700000000000000e+003	 -1.2416916352758592e+002	  4.8587310425208267e+002	
  3.0000000000000000e+003	 -1.2416916352758592e+002	  4.8587310425208267e+002	
  3.0300000000000000e+003	 -1.2416916352758592e+002	  4.8587310425208267e+002	
  3.0600000000000000e+003	 -1.2416916352758592e+002	  4.8587310425208267e+002	
  3.0900000000000000e+003	 -1.2416916352758592e+002	  4.8587310425208267e+002	
  3.1200000000000000e+003	 -1.2416916352758592e+002	  4.8587310425208267e+002	
  3.1500000000000000e+003	 -1.2416916352758592e+002	  4.8587310425208267e+002	
  3.1800000000000000e+003	 -1.2416916352758592e+002	  4.8587310425208267e+002	
  3.2100000000000000e+003	 -1.2416916352758592e+002	  4.8587310425208267e+002	
  3.2400000000000000e+003	 -1.2416916352758592e+002	  4.8587310425208267e+002	
  3.2700000000000000e+003	 -1.2416916352758592e+002	  4.8587310425208267e+002	
  3.3000000000000000e+003	 -1.2416916352758592e+002	  4.8587310425208267e+002	
  3.3300000000000000e+003	 -1.2416916352758592e+002	  4.8587310425208267e+002	
  3.3600000000000000e+003	 -1.2416916352758592e+002	  4.8587310425208267e+002	
  3.3900000000000000e+003	 -1.2416916352758592e+002	  4.8587310425208267e+002	
  3.4200000000000000e+003	 -1.2416916352758592e+002	  4.8587310425208267e+002	
  3.4500000000000000e+003	 -1.2416916352758592e+002	  4.8587310425208267e+002	
  3.4800000000000000e+003	 -1.2416916352758592e+002	  4.8587310425208267e+002	
  3.5100000000000000e+003	 -1.2416916352758592e+002	  4.8587310425208267e+002	
  3.5400000000000000e+003	 -1.2416916352758592e+002	  4.8587310425208267e+002	
  3.5700000000000000e+003	 -1.2416916352758592e+002	  4.8587310425208267e+002	
  3.6000000000000000e+003	 -1.2416916352758592e+002	  4.8587310425208267e+002	
  3.6300000000000000e+003	 -1.2416916352758592e+002	  4.8587310425208267e+002	
  3.6600000000000000e+003	 -1.2416916352758592e+002	  4.8587310425208267e+002	
  3.6900000000000000e+003	 -1.2416916352758592e+002	  4.8587310425208267e+002	
  3.7200000000000000e+003	 -1.2416916352758592e+002	  4.8587310425208267e+002	
  3.7500000000000000e+003	 -1.2416916352758592e+002	  4.8587310425208267e+002	
  3.7800000000000000e+003	 -1.2416916352758592e+002	  4.8587310425208267e+002	
  3.8100000000000000e+003	 -1.2416916352758592e+002	  4.8587310425208267e+002	
  3.8400000000000000e+003	 -1.2416916352758592e+002	  4.8587310425208267e+002	
  3.8700000000000000e+003	 -1.2416916352758592e+002	  4.8587310425208267e+002	
  3.9000000000000000e+003	 -1.2416916352758592e+002	  4.8587310425208267e+002	
  3.9300000000000000e+003	 -1.2416916352758592e+002	  4.8587310425208267e+002	
  3.9600000000000000e+003	 -1.2416916352758592e+002	  4.8587310425208267e+002	
  3.9900000000000000e+003	 -1.2416916352758592e+002	  4.8587310425208267e+002	
  4.0200000000000000e+003	 -1.2416916352758592e+002	  4.8587310425208267e+002	
  4.0500000000000000e+003	 -1.2416916352758592e+002	  4.8587310425208267e+002	
  4.0800000000000000e+003	 -1.2416916352758592e+002	  4.8587310425208267e+002	
  4.1100000000000000e+003	 -1.2416916352758592e+002	  4.8587310425208267e+002	
  4.1400000000000000e+003	 -1.2416916352758592e+002	  4.8587310425208267e+002	
  4.1700000000000000e+003	 -1.2416916352758592e+002	  4.8587310425208267e+002	
  4.2000000000000000e+003	 -1.2416916352758592e+002	  4.8587310425208267e+002	
  4.2300000000000000e+003	 -1.2416916352758592e+002	  4.8587310425208267e+002	
  4.2600000000000000e+003	 -1.2416916352758592e+002	  4.8587310425208267e+002	
  4.2900000000000000e+003	 -1.2416916352758592e+002	  4.8587310425208267e+002	
  4.3200000000000000e+003	 -1.2416916352758592e+002	  4.8587310425208267e+002	
  4.3500000000000000e+003	 -1.2416916352758592e+002	  4.8587310425208267e+002	
  4.3800000000000000e+003	 -1.2416916352758592e+002	  4.8587310425208267e+002	
  4.4100000000000000e+003	 -1.2416916352758592e+002	  4.8587310425208267e+002	
  4.4400000000000000e+003	 -1.2416916352758592e+002	  4.8587310425208267e+002	
  4.4700000000000000e+003	 -1.2416916352758592e+002	  4.8587310425208267e+002	
  4.5000000000000000e+003	 -1.2416916352758592e+002	  4.8587310425208267e+002	
  4.5300000000000000e+003	 -1.2416916352758592e+002	  4.8587310425208267e+002	
  4.5600000000000000e+003	 -1.2416916352758592e+002	  4.8587310425208267e+002	
  4.5900000000000000e+003	 -1.2416916352758592e+002	  4.8587310425208267e+002	
  4.6200000000000000e+003	 -1.2416916352758592e+002	  4.8587310425208267e+002	
  4.6500000000000000e+003	 -1.2416916352758592e+002	  4.8587310425208267e+002	
  4.6800000000000000e+003	 -1.2416916352758592e+002	  4.8587310425208267e+002	
  4.7100000000000000e+003	 -1.2416916352758592e+002	  4.8587310425208267e+002	
  4.7400000000000000e+003	 -1.2416916352758592e+002	  4.8587310425208267e+002	
  4.7700000000000000e+003	 -1.2416916352758592e+002	  4.8587310425208267e+002	
  4.8000000000000000e+003	 -1.2416916352758592e+002	  4.8587310425208267e+002	
  4.8300000000000000e+003	 -1.2416916352758592e+002	  4.8587310425208267e+002	
  4.8600000000000000e+003	 -1.2416916352758592e+002	  4.8587310425208267e+002	
  4.8900000000000000e+003	 -1.2416916352758592e+002	  4.8587310425208267e+002	
  4.9200000000000000e+003	 -1.2416916352758592e+002	  4.8587310425208267e+002	
  4.9500000000000000e+003	 -1.2416916352758592e+002	  4.8587310425208267e+002	
  4.9800000000000000e+003	 -1.2416916352758592e+002	  4.8587310425208267e+002	
  5.0100000000000000e+003	 -1.2416916352758592e+002	  4.8587310425208267e+002	
  5.0400000000000000e+003	 -1.2416916352758592e+002	  4.8587310425208267e+002	
  5.0700000000000000e+003	 -1.2416916352758592e+002	  4.8587310425208267e+002	
  5.1000000000000000e+003	 -1.2416916352758592e+002	  4.8587310425208267e+002	
  5.1300000000000000e+003	 -1.2416916352758592e+002	  4.8587310425208267e+002	
  5.1600000000000000e+003	 -1.2416916352758592e+002	  4.8587310425208267e+002	
  5.1900000000000000e+003	 -1.2416916352758592e+002	  4.8587310425208267e+002	
  5.2200000000000000e+003	 -1.2416916352758592e+002	  4.8587310425208267e+002	
  5.2500000000000000e+003	 -1.2416916352758592e+002	  4.8587310425208267e+002	
  5.2800000000000000e+003	 -1.2416916352758592e+002	  4.8587310425208267e+002	
  5.3100000000000000e+003	 -1.2416916352758592e+002	  4.8587310425208267e+002	
  5.3400000000000000e+003	 -1.2416916352758592e+002	  4.8587310425208267e+002	
  5.3700000000000000e+003	 -1.2416916352758592e+002	  4.8587310425208267e+002	
  5.4000000000000000e+003	 -1.2416916352758592e+002	  4.8587310425208267e+002	
  5.4300000000000000e+003	 -1.2416916352758592e+002	  4.8587310425208267e+002	
  5.4600000000000000e+003	 -1.2416916352758592e+002	  4.8587310425208267e+002	
  5.4900000000000000e+003	 -1.2416916352758592e+002	  4.8587310425208267e+002	
  5.5200000000000000e+003	 -1.2416916352758592e+002	  4.8587310425208267e+002	
  5.5500000000000000e+003	 -1.2416916352758592e+002	  4.8587310425208267e+002	
  5.5800000000000000e+003	 -1.2416916352758592e+002	  4.8587310425208267e+002	
  5.6100000000000000e+003	 -1.2416916352758592e+002	  4.8587310425208267e+002	
  5.6400000000000000e+003	 -1.2416916352758592e+002	  4.8587310425208267e+002	
  5.6700000000000000e+003	 -1.2416916352758592e+002	  4.8587310425208267e+002	
  5.7000000000000000e+003	 -1.2416916352758592e+002	  4.8587310425208267e+002	
  5.7300000000000000e+003	 -1.2416916352758592e+002	  4.8587310425208267e+002	
  5.7600000000000000e+003	 -1.2416916352758592e+002	  4.8587310425208267e+002	
  5.7900000000000000e+003	 -1.2416916352758592e+002	  4.8587310425208267e+002	
  5.8200000000000000e+003	 -1.2416916352758592e+002	  4.8587310425208267e+002	
  5.8500000000000000e+003	 -1.2416916352758592e+002	  4.8587310425208267e+002	
  5.8800000000000000e+003	 -1.2416916352758592e+002	  4.8587310425208267e+002	
  5.9100000000000000e+003	 -1.2416916352758592e+002	  4.8587310425208267e+002	
  5.9400000000000000e+003	 -1.2416916352758592e+002	  4.8587310425208267e+002	
  5.9700000000000000e+003	 -1.2416916352758592e+002	  4.8587310425208267e+002	
  6.0000000000000000e+003	 -1.2416916352758592e+002	  4.8587310425208267e+002	
  6.0300000000000000e+003	 -1.2416916352758592e+002	  4.8587310425208267e+002	
  6.0600000000000000e+003	 -1.2416916352758592e+002	  4.8587310425208267e+002	
  6.0900000000000000e+003	 -1.2416916352758592e+002	  4.8587310425208267e+002	
  6.1200000000000000e+003	 -1.2416916352758592e+002	  4.8587310425208267e+002	
  6.1500000000000000e+003	 -1.2416916352758592e+002	  4.8587310425208267e+002	
  6.1800000000000000e+003	 -1.2416916352758592e+002	  4.8587310425208267e+002	
  6.2100000000000000e+003	 -1.2416916352758592e+002	  4.8587310425208267e+002	
  6.2400000000000000e+003	 -1.2416916352758592e+002	  4.8587310425208267e+002	
  6.2700000000000000e+003	 -1.2416916352758592e+002	  4.8587310425208267e+002	
  6.3000000000000000e+003	 -1.2416916352758592e+002	  4.8587310425208267e+002	
  6.3300000000000000e+003	 -1.2416916352758592e+002	  4.8587310425208267e+002	
  6.3600000000000000e+003	 -1.2416916352758592e+002	  4.8587310425208267e+002	
  6.3900000000000000e+003	 -1.2416916352758592e+002	  4.8587310425208267e+002	
  6.4200000000000000e+003	 -1.2416916352758592e+002	  4.8587310425208267e+002	
  6.4500000000000000e+003	 -1.2416916352758592e+002	  4.8587310425208267e+002	
  6.4800000000000000e+003	 -1.2416916352758592e+002	  4.8587310425208267e+002	
  6.5100000000000000e+003	 -1.2416916352758592e+002	  4.8587310425208267e+002	
  6.5400000000000000e+003	 -1.2416916352758592e+002	  4.8587310425208267e+002	
  6.5700000000000000e+003	 -1.2416916352758592e+002	  4.8587310425208267e+002	
  6.6000000000000000e+003	 -1.2416916352758592e+002	  4.8587310425208267e+002	
  6.6300000000000000e+003	 -1.2416916352758592e+002	  4.8587310425208267e+002	
  6.6600000000000000e+003	 -1.2416916352758592e+002	  4.8587310425208267e+002	
  6.6900000000000000e+003	 -1.2416916352758592e+002	  4.8587310425208267e+002	
  6.7200000000000000e+003	 -1.2416916352758592e+002	  4.8587310425208267e+002	
  6.7500000000000000e+003	 -1.2416916352758592e+002	  4.8587310425208267e+002	
  6.7800000000000000e+003	 -1.2416916352758592e+002	  4.8587310425208267e+002	
  6.8100000000000000e+003	 -1.2416916352758592e+002	  4.8587310425208267e+002	
  6.8400000000000000e+003	 -1.2416916352758592e+002	  4.8587310425208267e+002	
  6.8700000000000000e+003	 -1.2416916352758592e+002	  4.8587310425208267e+002	
  6.9000000000000000e+003	 -1.2416916352758592e+002	  4.8587310425208267e+002	
  6.9300000000000000e+003	 -1.2416916352758592e+002	  4.8587310425208267e+002	
  6.9600000000000000e+003	 -1.2416916352758592e+002	  4.8587310425208267e+002	
  6.9900000000000000e+003	 -1.2416916352758592e+002	  4.8587310425208267e+002	
  7.0200000000000000e+003	 -1.2416916352758592e+002	  4.8587310425208267e+002	
  7.0500000000000000e+003	 -1.2416916352758592e+002	  4.8587310425208267e+002	
  7.0800000000000000e+003	 -1.2416916352758592e+002	  4.8587310425208267e+002	
  7.1100000000000000e+003	 -1.2416916352758592e+002	  4.8587310425208267e+002	
  7.1400000000000000e+003	 -1.2416916352758592e+002	  4.8587310425208267e+002	
  7.1700000000000000e+003	 -1.2416916352758592e+002	  4.8587310425208267e+002	
  7.2000000000000000e+003	 -1.2416916352758592e+002	  4.8587310425208267e+002	
  7.2300000000000000e+003	 -1.2416916352758592e+002	  4.8587310425208267e+002	
  7.2600000000000000e+003	 -1.2416916352758592e+002	  4.8587310425208267e+002	
  7.2900000000000000e+003	 -1.2416916352758592e+002	  4.8587310425208267e+002	
  7.3200000000000000e+003	 -1.2416916352758592e+002	  4.8587310425208267e+002	
  7.3500000000000000e+003	 -1.2416916352758592e+002	  4.8587310425208267e+002	
  7.3800000000000000e+003	 -1.2416916352758592e+002	  4.8587310425208267e+002	
  7.4100000000000000e+003	 -1.2416916352758592e+002	  4.8587310425208267e+002	
  7.4400000000000000e+003	 -1.2416916352758592e+002	  4.8587310425208267e+002	
  7.4700000000000000e+003	 -1.2416916352758592e+002	  4.8587310425208267e+002	
  7.5000000000000000e+003	 -1.2416916352758592e+002	  4.8587310425208267e+002	
  7.5300000000000000e+003	 -1.2416916352758592e+002	  4.8587310425208267e+002	
  7.5600000000000000e+003	 -1.2416916352758592e+002	  4.8587310425208267e+002	
  7.5900000000000000e+003	 -1.2416916352758592e+002	  4.8587310425208267e+002	
  7.6200000000000000e+003	 -1.2416916352758592e+002	  4.8587310425208267e+002	
  7.6500000000000000e+003	 -1.2416916352758592e+002	  4.8587310425208267e+002	
  7.6800000000000000e+003	 -1.2416916352758592e+002	  4.8587310425208267e+002	
  7.7100000000000000e+003	 -1.2416916352758592e+002	  4.8587310425208267e+002	
  7.7400000000000000e+003	 -1.2416916352758592e+002	  4.8587310425208267e+002	
  7.7700000000000000e+003	 -1.2416916352758592e+002	  4.8587310425208267e+002	
  7.8000000000000000e+003	 -1.2416916352758592e+002	  4.8587310425208267e+002	
  7.8300000000000000e+003	 -1.2416916352758592e+002	  4.8587310425208267e+002	
  7.8600000000000000e+003	 -1.2416916352758592e+002	  4.8587310425208267e+002	
  7.8900000000000000e+003	 -1.2416916352758592e+002	  4.8587310425208267e+002	
  7.9200000000000000e+003	 -1.2416916352758592e+002	  4.8587310425208267e+002	
  7.9500000000000000e+003	 -1.2416916352758592e+002	  4.8587310425208267e+002	
  7.9800000000000000e+003	 -1.2416916352758592e+002	  4.8587310425208267e+002	
  8.0100000000000000e+003	 -1.2416916352758592e+002	  4.8587310425208267e+002	
  8.0400000000000000e+003	 -1.2416916352758592e+002	  4.8587310425208267e+002	
  8.0700000000000000e+003	 -1.2416916352758592e+002	  4.8587310425208267e+002	
  8.1000000000000000e+003	 -1.2416916352758592e+002	  4.8587310425208267e+002	
  8.1300000000000000e+003	 -1.2416916352758592e+002	  4.8587310425208267e+002	
  8.1600000000000000e+003	 -1.2416916352758592e+002	  4.8587310425208267e+002	
  8.1900000000000000e+003	 -1.2416916352758592e+002	  4.8587310425208267e+002	
  8.2200000000000000e+003	 -1.2416916352758592e+002	  4.8587310425208267e+002	
  8.2500000000000000e+003	 -1.2416916352758592e+002	  4.8587310425208267e+002	
  8.2800000000000000e+003	 -1.2416916352758592e+002	  4.8587310425208267e+002	
  8.3100000000000000e+003	 -1.2416916352758592e+002	  4.8587310425208267e+002	
  8.3400000000000000e+003	 -1.2416916352758592e+002	  4.8587310425208267e+002	
  8.3700000000000000e+003	 -1.2416916352758592e+002	  4.8587310425208267e+002	
  8.4000000000000000e+003	 -1.2416916352758592e+002	  4.8587310425208267e+002	
  8.4300000000000000e+003	 -1.2416916352758592e+002	  4.8587310425208267e+002	
  8.4600000000000000e+003	 -1.2416916352758592e+002	  4.8587310425208267e+002	
  8.4900000000000000e+003	 -1.2416916352758592e+002	  4.8587310425208267e+002	
  8.5200000000000000e+003	 -1.2416916352758592e+002	  4.8587310425208267e+002	
  8.5500000000000000e+003	 -1.2416916352758592e+002	  4.8587310425208267e+002	
  8.5800000000000000e+003	 -1.2416916352758592e+002	  4.8587310425208267e+002	
  8.6100000000000000e+003	 -1.2416916352758592e+002	  4.8587310425208267e+002	
  8.6400000000000000e+003	 -1.2416916352758592e+002	  4.8587310425208267e+002	
  8.6700000000000000e+003	 -1.2416916352758592e+002	  4.8587310425208267e+002	
  8.7000000000000000e+003	 -1.2416916352758592e+002	  4.8587310425208267e+002	
  8.7300000000000000e+003	 -1.2416916352758592e+002	  4.8587310425208267e+002	
  8.7600000000000000e+003	 -1.2416916352758592e+002	  4.8587310425208267e+002	
  8.7900000000000000e+003	 -1.2416916352758592e+002	  4.8587310425208267e+002	
  8.8200000000000000e+003	 -1.2416916352758592e+002	  4.8587310425208267e+002	
  8.8500000000000000e+003	 -1.2416916352758592e+002	  4.8587310425208267e+002	
  8.8800000000000000e+003	 -1.2416916352758592e+002	  4.8587310425208267e+002	
  8.9100000000000000e+003	 -1.2416916352758592e+002	  4.8587310425208267e+002	
  8.9400000000000000e+003	 -1.2416916352758592e+002	  4.8587310425208267e+002	
  8.9700000000000000e+003	 -1.2416916352758592e+002	  4.8587310425208267e+002	
  9.0000000000000000e+003	 -1.2416916352758592e+002	  4.8587310425208267e+002	
  9.0300000000000000e+003	 -1.2416916352758592e+002	  4.8587310425208267e+002	
  9.0600000000000000e+003	 -1.2416916352758592e+002	  4.8587310425208267e+002	
  9.0900000000000000e+003	 -1.2416916352758592e+002	  4.8587310425208267e+002	
  9.1200000000000000e+003	 -1.2416916352758592e+002	  4.8587310425208267e+002	
  9.1500000000000000e+003	 -1.2416916352758592e+002	  4.8587310425208267e+002	
  9.1800000000000000e+003	 -1.2416916352758592e+002	  4.8587310425208267e+002	
  9.2100000000000000e+003	 -1.2416916352758592e+002	  4.8587310425208267e+002	
  9.2400000000000000e+003	 -1.2416916352758592e+002	  4.8587310425208267e+002	
  9.2700000000000000e+003	 -1.2416916352758592e+002	  4.8587310425208267e+002	
  9.3000000000000000e+003	 -1.2416916352758592e+002	  4.8587310425208267e+002	
  9.3300000000000000e+003	 -1.2416916352758592e+002	  4.8587310425208267e+002	
  9.3600000000000000e+003	 -1.2416916352758592e+002	  4.8587310425208267e+002	
  9.3900000000000000e+003	 -1.2416916352758592e+002	  4.8587310425208267e+002	
  9.4200000000000000e+003	 -1.2416916352758592e+002	  4.8587310425208267e+002	
  9.4500000000000000e+003	 -1.2416916352758592e+002	  4.8587310425208267e+002	
  9.4800000000000000e+003	 -1.2416916352758592e+002	  4.8587310425208267e+002	
  9.5100000000000000e+003	 -1.2416916352758592e+002	  4.8587310425208267e+002	
  9.5400000000000000e+003	 -1.2416916352758592e+002	  4.8587310425208267e+002	
  9.5700000000000000e+003	 -1.2416916352758592e+002	  4.8587310425208267e+002	
  9.6000000000000000e+003	 -1.2416916352758592e+002	  4.8587310425208267e+002	
  9.6300000000000000e+003	 -1.2416916352758592e+002	  4.8587310425208267e+002	
  9.6600000000000000e+003	 -1.2416916352758592e+002	  4.8587310425208267e+002	
  9.6900000000000000e+003	 -1.2416916352758592e+002	  4.8587310425208267e+002	
  9.7200000000000000e+003	 -1.2416916352758592e+002	  4.8587310425208267e+002	
  9.7500000000000000e+003	 -1.2416916352758592e+002	  4.8587310425208267e+002	
  9.7800000000000000e+003	 -1.2416916352758592e+002	  4.8587310425208267e+002	
  9.8100000000000000e+003	 -1.2416916352758592e+002	  4.8587310425208267e+002	
  9.8400000000000000e+003	 -1.2416916352758592e+002	  4.8587310425208267e+002	
  9.8700000000000000e+003	 -1.2416916352758592e+002	  4.8587310425208267e+002	
  9.9000000000000000e+003	 -1.2416916352758592e+002	  4.8587310425208267e+002	
  9.9300000000000000e+003	 -1.2416916352758592e+002	  4.8587310425208267e+002	
  9.9600000000000000e+003	 -1.2416916352758592e+002	  4.8587310425208267e+002	
  9.9900000000000000e+003	 -1.2416916352758592e+002	  4.8587310425208267e+002	
  1.0020000000000000e+004	 -1.2416916352758592e+002	  4.8587310425208267e+002	
  1.0050000000000000e+004	 -1.2416916352758592e+002	  4.8587310425208267e+002	
  1.0080000000000000e+004	 -1.2416916352758592e+002	  4.8587310425208267e+002	
  1.0110000000000000e+004	 -1.2416916352758592e+002	  4.8587310425208267e+002	
  1.0140000000000000e+004	 -1.2416916352758592e+002	  4.8587310425208267e+002	
  1.0170000000000000e+004	 -1.2416916352758592e+002	  4.8587310425208267e+002	
  1.0200000000000000e+004	 -1.2416916352758592e+002	  4.8587310425208267e+002	
  1.0230000000000000e+004	 -1.2416916352758592e+002	  4.8587310425208267e+002	
  1.0260000000000000e+004	 -1.2416916352758592e+002	  4.8587310425208267e+002	
  1.0290000000000000e+004	 -1.2416916352758592e+002	  4.8587310425208267e+002	
  1.0320000000000000e+004	 -1.2416916352758592e+002	  4.8587310425208267e+002	
  1.0350000000000000e+004	 -1.2416916352758592e+002	  4.8587310425208267e+002	
  1.0380000000000000e+004	 -1.2416916352758592e+002	  4.8587310425208267e+002	
  1.0410000000000000e+004	 -1.2416916352758592e+002	  4.8587310425208267e+002	
  1.0440000000000000e+004	 -1.2416916352758592e+002	  4.8587310425208267e+002	
  1.0470000000000000e+004	 -1.2416916352758592e+002	  4.8587310425208267e+002	
  1.0500000000000000e+004	 -1.2416916352758592e+002	  4.8587310425208267e+002	
  1.0530000000000000e+004	 -1.2416916352758592e+002	  4.8587310425208267e+002	
  1.0560000000000000e+004	 -1.2416916352758592e+002	  4.8587310425208267e+002	
  1.0590000000000000e+004	 -1.2416916352758592e+002	  4.8587310425208267e+002	
  1.0620000000000000e+004	 -1.2416916352758592e+002	  4.8587310425208267e+002	
  1.0650000000000000e+004	 -1.2416916352758592e+002	  4.8587310425208267e+002	
  1.0680000000000000e+004	 -1.2416916352758592e+002	  4.8587310425208267e+002	
  1.0710000000000000e+004	 -1.2416916352758592e+002	  4.8587310425208267e+002	
  1.0740000000000000e+004	 -1.2416916352758592e+002	  4.8587310425208267e+002	
  1.0770000000000000e+004	 -1.2416916352758592e+002	  4.8587310425208267e+002	
  1.0800000000000000e+004	 -1.2416916352758592e+002	  4.8587310425208267e+002	
  1.0830000000000000e+004	 -1.2416916352758592e+002	  4.8587310425208267e+002	
  1.0860000000000000e+004	 -1.2416916352758592e+002	  4.8587310425208267e+002	
  1.0890000000000000e+004	 -1.2416916352758592e+002	  4.8587310425208267e+002	
  1.0920000000000000e+004	 -1.2416916352758592e+002	  4.8587310425208267e+002	
  1.0950000000000000e+004	 -1.2416916352758592e+002	  4.8587310425208267e+002	
  1.0980000000000000e+004	 -1.2416916352758592e+002	  4.8587310425208267e+002	
  1.1010000000000000e+004	 -1.2416916352758592e+002	  4.8587310425208267e+002	
  1.1040000000000000e+004	 -1.2416916352758592e+002	  4.8587310425208267e+002	
  1.1070000000000000e+004	 -1.2416916352758592e+002	  4.8587310425208267e+002	
  1.1100000000000000e+004	 -1.2416916352758592e+002	  4.8587310425208267e+002	
  1.1130000000000000e+004	 -1.2416916352758592e+002	  4.8587310425208267e+002	
  1.1160000000000000e+004	 -1.2416916352758592e+002	  4.8587310425208267e+002	
  1.1190000000000000e+004	 -1.2416916352758592e+002	  4.8587310425208267e+002	
  1.1220000000000000e+004	 -1.2416916352758592e+002	  4.8587310425208267e+002	
  1.1250000000000000e+004	 -1.2416916352758592e+002	  4.8587310425208267e+002	
  1.1280000000000000e+004	 -1.2416916352758592e+002	  4.8587310425208267e+002	
  1.1310000000000000e+004	 -1.2416916352758592e+002	  4.8587310425208267e+002	
  1.1340000000000000e+004	 -1.2416916352758592e+002	  4.8587310425208267e+002	
  1.1370000000000000e+004	 -1.2416916352758592e+002	  4.8587310425208267e+002	
  1.1400000000000000e+004	 -1.2416916352758592e+002	  4.8587310425208267e+002	
  1.1430000000000000e+004	 -1.2416916352758592e+002	  4.8587310425208267e+002	
  1.1460000000000000e+004	 -1.2416916352758592e+002	  4.8587310425208267e+002	
  1.1490000000000000e+004	 -1.2416916352758592e+002	  4.8587310425208267e+002	
  1.1520000000000000e+004	 -1.2416916352758592e+002	  4.8587310425208267e+002	
  1.1550000000000000e+004	 -1.2416916352758592e+002	  4.8587310425208267e+002	
  1.1580000000000000e+004	 -1.2416916352758592e+002	  4.8587310425208267e+002	
  1.1610000000000000e+004	 -1.2416916352758592e+002	  4.8587310425208267e+002	
  1.1640000000000000e+004	 -1.2416916352758592e+002	  4.8587310425208267e+002	
  1.1670000000000000e+004	 -1.2416916352758592e+002	  4.8587310425208267e+002	
  1.1700000000000000e+004	 -1.2416916352758592e+002	  4.8587310425208267e+002	
  1.1730000000000000e+004	 -1.2416916352758592e+002	  4.8587310425208267e+002	
  1.1760000000000000e+004	 -1.2416916352758592e+002	  4.8587310425208267e+002	
  1.1790000000000000e+004	 -1.2416916352758592e+002	  4.8587310425208267e+002	
  1.1820000000000000e+004	 -1.2416916352758592e+002	  4.8587310425208267e+002	
  1.1850000000000000e+004	 -1.2416916352758592e+002	  4.8587310425208267e+002	
  1.1880000000000000e+004	 -1.2416916352758592e+002	  4.8587310425208267e+002	
  1.1910000000000000e+004	 -1.2416916352758592e+002	  4.8587310425208267e+002	
  1.1940000000000000e+004	 -1.2416916352758592e+002	  4.8587310425208267e+002	
  1.1970000000000000e+004	 -1.2416916352758592e+002	  4.8587310425208267e+002	
  1.2000000000000000e+004	 -1.2416916352758592e+002	  4.8587310425208267e+002	
  1.2030000000000000e+004	 -1.2416916352758592e+002	  4.8587310425208267e+002	
  1.2060000000000000e+004	 -1.2416916352758592e+002	  4.8587310425208267e+002	
  1.2090000000000000e+004	 -1.2416916352758592e+002	  4.8587310425208267e+002	
  1.2120000000000000e+004	 -1.2416916352758592e+002	  4.8587310425208267e+002	
  1.2150000000000000e+004	 -1.2416916352758592e+002	  4.8587310425208267e+002	
  1.2180000000000000e+004	 -1.2416916352758592e+002	  4.8587310425208267e+002	
  1.2210000000000000e+004	 -1.2416916352758592e+002	  4.8587310425208267e+002	
  1.2240000000000000e+004	 -1.2416916352758592e+002	  4.8587310425208267e+002	
  1.2270000000000000e+004	 -1.2416916352758592e+002	  4.8587310425208267e+002	
  1.2300000000000000e+004	 -1.2416916352758592e+002	  4.8587310425208267e+002	
  1.2330000000000000e+004	 -1.2416916352758592e+002	  4.8587310425208267e+002	
  1.2360000000000000e+004	 -1.2416916352758592e+002	  4.8587310425208267e+002	
  1.2390000000000000e+004	 -1.2416916352758592e+002	  4.8587310425208267e+002	
  1.2420000000000000e+004	 -1.2416916352758592e+002	  4.8587310425208267e+002	
  1.2450000000000000e+004	 -1.2416916352758592e+002	  4.8587310425208267e+002	
  1.2480000000000000e+004	 -1.2416916352758592e+002	  4.8587310425208267e+002	
  1.2510000000000000e+004	 -1.2416916352758592e+002	  4.8587310425208267e+002	
  1.2540000000000000e+004	 -1.2416916352758592e+002	  4.8587310425208267e+002	
  1.2570000000000000e+004	 -1.2416916352758592e+002	  4.8587310425208267e+002	
  1.2600000000000000e+004	 -1.2416916352758592e+002	  4.8587310425208267e+002	
  1.2630000000000000e+004	 -1.2416916352758592e+002	  4.8587310425208267e+002	
  1.2660000000000000e+004	 -1.2416916352758592e+002	  4.8587310425208267e+002	
  1.2690000000000000e+004	 -1.2416916352758592e+002	  4.8587310425208267e+002	
  1.2720000000000000e+004	 -1.2416916352758592e+002	  4.8587310425208267e+002	
  1.2750000000000000e+004	 -1.2416916352758592e+002	  4.8587310425208267e+002	
  1.2780000000000000e+004	 -1.2416916352758592e+002	  4.8587310425208267e+002	
  1.2810000000000000e+004	 -1.2416916352758592e+002	  4.8587310425208267e+002	
  1.2840000000000000e+004	 -1.2416916352758592e+002	  4.8587310425208267e+002	
  1.2870000000000000e+004	 -1.2416916352758592e+002	  4.8587310425208267e+002	
  1.2900000000000000e+004	 -1.2416916352758592e+002	  4.8587310425208267e+002	
  1.2930000000000000e+004	 -1.2416916352758592e+002	  4.8587310425208267e+002	
  1.2960000000000000e+004	 -1.2416916352758592e+002	  4.8587310425208267e+002	
  1.2990000000000000e+004	 -1.2416916352758592e+002	  4.8587310425208267e+002	
  1.3020000000000000e+004	 -1.2416916352758592e+002	  4.8587310425208267e+002	
  1.3050000000000000e+004	 -1.2416916352758592e+002	  4.8587310425208267e+002	
  1.3080000000000000e+004	 -1.2416916352758592e+002	  4.8587310425208267e+002	
  1.3110000000000000e+004	 -1.2416916352758592e+002	  4.8587310425208267e+002	
  1.3140000000000000e+004	 -1.2416916352758592e+002	  4.8587310425208267e+002	
  1.3170000000000000e+004	 -1.2416916352758592e+002	  4.8587310425208267e+002	
  1.3200000000000000e+004	 -1.2416916352758592e+002	  4.8587310425208267e+002	
  1.3230000000000000e+004	 -1.2416916352758592e+002	  4.8587310425208267e+002	
  1.3260000000000000e+004	 -1.2416916352758592e+002	  4.8587310425208267e+002	
  1.3290000000000000e+004	 -1.2416916352758592e+002	  4.8587310425208267e+002	
  1.3320000000000000e+004	 -1.2416916352758592e+002	  4.8587310425208267e+002	
  1.3350000000000000e+004	 -1.2416916352758592e+002	  4.8587310425208267e+002	
  1.3380000000000000e+004	 -1.2416916352758592e+002	  4.8587310425208267e+002	
  1.3410000000000000e+004	 -1.2416916352758592e+002	  4.8587310425208267e+002	
  1.3440000000000000e+004	 -1.2416916352758592e+002	  4.8587310425208267e+002	
  1.3470000000000000e+004	 -1.2416916352758592e+002	  4.8587310425208267e+002	
  1.3500000000000000e+004	 -1.2416916352758592e+002	  4.8587310425208267e+002	
  1.3530000000000000e+004	 -1.2416916352758592e+002	  4.8587310425208267e+002	
  1.3560000000000000e+004	 -1.2416916352758592e+002	  4.8587310425208267e+002	
  1.3590000000000000e+004	 -1.2416916352758592e+002	  4.8587310425208267e+002	
  1.3620000000000000e+004	 -1.2416916352758592e+002	  4.8587310425208267e+002	
  1.3650000000000000e+004	 -1.2416916352758592e+002	  4.8587310425208267e+002	
  1.3680000000000000e+004	 -1.2416916352758592e+002	  4.8587310425208267e+002	
  1.3710000000000000e+004	 -1.2416916352758592e+002	  4.8587310425208267e+002	
  1.3740000000000000e+004	 -1.2416916352758592e+002	  4.8587310425208267e+002	
  1.3770000000000000e+004	 -1.2416916352758592e+002	  4.8587310425208267e+002	
  1.3800000000000000e+004	 -1.2416916352758592e+002	  4.8587310425208267e+002	
  1.3830000000000000e+004	 -1.2416916352758592e+002	  4.8587310425208267e+002	
  1.3860000000000000e+004	 -1.2416916352758592e+002	  4.8587310425208267e+002	
  1.3890000000000000e+004	 -1.2416916352758592e+002	  4.8587310425208267e+002	
  1.3920000000000000e+004	 -1.2416916352758592e+002	  4.8587310425208267e+002	
  1.3950000000000000e+004	 -1.2416916352758592e+002	  4.8587310425208267e+002	
  1.3980000000000000e+004	 -1.2416916352758592e+002	  4.8587310425208267e+002	
  1.4010000000000000e+004	 -1.2416916352758592e+002	  4.8587310425208267e+002	
  1.4040000000000000e+004	 -1.2416916352758592e+002	  4.8587310425208267e+002	
  1.4070000000000000e+004	 -1.2416916352758592e+002	  4.8587310425208267e+002	
  1.4100000000000000e+004	 -1.2416916352758592e+002	  4.8587310425208267e+002	
  1.4130000000000000e+004	 -1.2416916352758592e+002	  4.8587310425208267e+002	
  1.4160000000000000e+004	 -1.2416916352758592e+002	  4.8587310425208267e+002	
  1.4190000000000000e+004	 -1.2416916352758592e+002	  4.8587310425208267e+002	
  1.4220000000000000e+004	 -1.2416916352758592e+002	  4.8587310425208267e+002	
  1.4250000000000000e+004	 -1.2416916352758592e+002	  4.8587310425208267e+002	
  1.4280000000000000e+004	 -1.2416916352758592e+002	  4.8587310425208267e+002	
  1.4310000000000000e+004	 -1.2416916352758592e+002	  4.8587310425208267e+002	
  1.4340000000000000e+004	 -1.2416916352758592e+002	  4.8587310425208267e+002	
  1.4370000000000000e+004	 -1.2416916352758592e+002	  4.8587310425208267e+002	
  1.4400000000000000e+004	 -1.2416916352758592e+002	  4.8587310425208267e+002	
  1.4430000000000000e+004	 -1.2416916352758592e+002	  4.8587310425208267e+002	
  1.4460000000000000e+004	 -1.2416916352758592e+002	  4.8587310425208267e+002	
  1.4490000000000000e+004	 -1.2416916352758592e+002	  4.8587310425208267e+002	
  1.4520000000000000e+004	 -1.2416916352758592e+002	  4.8587310425208267e+002	
  1.4550000000000000e+004	 -1.2416916352758592e+002	  4.8587310425208267e+002	
  1.4580000000000000e+004	 -1.2416916352758592e+002	  4.8587310425208267e+002	
  1.4610000000000000e+004	 -1.2416916352758592e+002	  4.8587310425208267e+002	
  1.4640000000000000e+004	 -1.2416916352758592e+002	  4.8587310425208267e+002	
  1.4670000000000000e+004	 -1.2416916352758592e+002	  4.8587310425208267e+002	
  1.4700000000000000e+004	 -1.2416916352758592e+002	  4.8587310425208267e+002	
  1.4730000000000000e+004	 -1.2416916352758592e+002	  4.8587310425208267e+002	
  1.4760000000000000e+004	 -1.2416916352758592e+002	  4.8587310425208267e+002	
  1.4790000000000000e+004	 -1.2416916352758592e+002	  4.8587310425208267e+002	
  1.4820000000000000e+004	 -1.2416916352758592e+002	  4.8587310425208267e+002	
  1.4850000000000000e+004	 -1.2416916352758592e+002	  4.8587310425208267e+002	
  1.4880000000000000e+004	 -1.2416916352758592e+002	  4.8587310425208267e+002	
  1.4910000000000000e+004	 -1.2416916352758592e+002	  4.8587310425208267e+002	
  1.4940000000000000e+004	 -1.2416916352758592e+002	  4.8587310425208267e+002	
  1.4970000000000000e+004	 -1.2416916352758592e+002	  4.8587310425208267e+002	
  1.5000000000000000e+004	 -1.2416916352758592e+002	  4.8587310425208267e+002	
  1.5030000000000000e+004	 -1.2416916352758592e+002	  4.8587310425208267e+002	
  1.5060000000000000e+004	 -1.2416916352758592e+002	  4.8587310425208267e+002	
  1.5090000000000000e+004	 -1.2416916352758592e+002	  4.8587310425208267e+002	
  1.5120000000000000e+004	 -1.2416916352758592e+002	  4.8587310425208267e+002	
  1.5150000000000000e+004	 -1.2416916352758592e+002	  4.8587310425208267e+002	
  1.5180000000000000e+004	 -1.2416916352758592e+002	  4.8587310425208267e+002	
  1.5210000000000000e+004	 -1.2416916352758592e+002	  4.8587310425208267e+002	
  1.5240000000000000e+004	 -1.2416916352758592e+002	  4.8587310425208267e+002	
  1.5270000000000000e+004	 -1.2416916352758592e+002	  4.8587310425208267e+002	
  1.5300000000000000e+004	 -1.2416916352758592e+002	  4.8587310425208267e+002	
  1.5330000000000000e+004	 -1.2416916352758592e+002	  4.8587310425208267e+002	
  1.5360000000000000e+004	 -1.2416916352758592e+002	  4.8587310425208267e+002	
  1.5390000000000000e+004	 -1.2416916352758592e+002	  4.8587310425208267e+002	
  1.5420000000000000e+004	 -1.2416916352758592e+002	  4.8587310425208267e+002	
  1.5450000000000000e+004	 -1.2416916352758592e+002	  4.8587310425208267e+002	
  1.5480000000000000e+004	 -1.2416916352758592e+002	  4.8587310425208267e+002	
  1.5510000000000000e+004	 -1.2416916352758592e+002	  4.8587310425208267e+002	
  1.5540000000000000e+004	 -1.2416916352758592e+002	  4.8587310425208267e+002	
  1.5570000000000000e+004	 -1.2416916352758592e+002	  4.8587310425208267e+002	
  1.5600000000000000e+004	 -1.2416916352758592e+002	  4.8587310425208267e+002	
  1.5630000000000000e+004	 -1.2416916352758592e+002	  4.8587310425208267e+002	
  1.5660000000000000e+004	 -1.2416916352758592e+002	  4.8587310425208267e+002	
  1.5690000000000000e+004	 -1.2416916352758592e+002	  4.8587310425208267e+002	
  1.5720000000000000e+004	 -1.2416916352758592e+002	  4.8587310425208267e+002	
  1.5750000000000000e+004	 -1.1616653434278831e+002	  5.1539123338527372e+002	
  1.5780000000000000e+004	 -1.0564766936221419e+002	  5.5419063388992663e+002	
  1.5810000000000000e+004	 -9.5128804381640094e+001	  5.9299003439457954e+002	
  1.5840000000000000e+004	 -8.4609939401065972e+001	  6.3178943489923245e+002	
  1.5870000000000000e+004	 -7.4091074420491864e+001	  6.7058883540388535e+002	
  1.5900000000000000e+004	 -6.3572209439917742e+001	  7.0938823590853826e+002	
  1.5930000000000000e+004	 -5.3053344459343641e+001	  7.4818763641319117e+002	
  1.5960000000000000e+004	 -4.2534479478769526e+001	  7.8698703691784408e+002	
  1.5990000000000000e+004	 -3.2015614498195418e+001	  8.2578643742249699e+002	
  1.6020000000000000e+004	 -2.1496749517621307e+001	  8.6458583792714990e+002	
  1.6050000000000000e+004	  3.6092876128538256e+000	  9.2006544005530816e+002	
  1.6080000000000000e+004	 -7.6841712570961080e+000	  9.0709699510151108e+002	
  1.6110000000000000e+004	 -7.8298192106730369e-001	  9.2307100553936868e+002	
  1.6140000000000000e+004	  2.8476184144930059e+000	  9.1110441557846639e+002	
  1.6170000000000000e+004	 -2.7535420501181056e+000	  9.0926768250988005e+002	
  1.6200000000000000e+004	 -1.1853038655683701e+001	  8.7615084337325459e+002	
  1.6230000000000000e+004	 -6.0033320211173987e+001	  8.6819167821921326e+002	
  1.6260000000000000e+004	 -8.3607993250794607e+001	  8.7687440712120554e+002	
  1.6290000000000000e+004	 -8.2890912317860654e+001	  8.7908683680271440e+002	
  1.6320000000000000e+004	 -9.0689450938887418e+001	  8.6130392814644199e+002	
  1.6350000000000000e+004	 -1.2717205130924154e+002	  8.5967591785127354e+002	
  1.6380000000000000e+004	 -1.5930718748331645e+002	  8.5995420679779818e+002	
  1.6410000000000000e+004	 -1.9852375691005963e+002	  8.6218054776433780e+002	
  1.6440000000000000e+004	 -2.4154994772823346e+002	  8.6557572259165704e+002	
  1.6470000000000000e+004	 -2.5414404475276532e+002	  8.9051075387468723e+002	
  1.6500000000000000e+004	 -2.5275466462399237e+002	  9.3080754250188716e+002	
  1.6530000000000000e+004	 -2.8264888325185223e+002	  9.7577965082554942e+002	
  1.6560000000000000e+004	 -2.5714691382529662e+002	  9.9436960555697112e+002	
  1.6590000000000000e+004	 -2.2985219602154035e+002	  1.0077276543937663e+003	
  1.6620000000000000e+004	 -2.0681526659379611e+002	  1.0323843949072802e+003	
  1.6650000000000000e+004	 -2.0771166286244562e+002	  9.9871097092320792e+002	
  1.6680000000000000e+004	 -2.0751356863585488e+002	  1.0006021324175904e+003	
  1.6710000000000000e+004	 -2.0727585556394604e+002	  1.0028715262108491e+003	
  1.6740000000000000e+004	 -2.0703814249203717e+002	  1.0051409200041080e+003	
  1.6770000000000000e+004	 -2.0680042942012832e+002	  1.0074103137973666e+003	
  1.6800000000000000e+004	 -2.0656271634821945e+002	  1.0096797075906253e+003	
  1.6830000000000000e+004	 -2.0632500327631058e+002	  1.0119491013838842e+003	
  1.6860000000000000e+004	 -2.0672564585492236e+002	  9.9390207649181286e+002	
  1.6890000000000000e+004	 -2.1335882680095446e+002	  1.0024957560602925e+003	
  1.6920000000000000e+004	 -2.1029322174814843e+002	  9.9873323703828896e+002	
  1.6950000000000000e+004	 -2.1699812305033066e+002	  1.0162768080156605e+003	
  1.6980000000000000e+004	 -2.1400420641424762e+002	  1.0299910800186765e+003	
  1.7010000000000000e+004	 -2.1075933526050284e+002	  1.0496719405883746e+003	
  1.7040000000000000e+004	 -2.2146209383301539e+002	  1.0007592076908875e+003	
  1.7070000000000000e+004	 -2.3112504243268296e+002	  9.9040671616996929e+002	
  1.7100000000000000e+004	 -2.1524123121069675e+002	  1.0034753454115823e+003	
  1.7130000000000000e+004	 -2.0835706177459465e+002	  9.9868870822156839e+002	
  1.7160000000000000e+004	 -1.9713436658209315e+002	  9.7455515923423775e+002	
  1.7190000000000000e+004	 -2.0744274636872265e+002	  9.8176850835985101e+002	
  1.7220000000000000e+004	 -1.9783354111606394e+002	  9.9628426052180146e+002	
  1.7250000000000000e+004	 -2.0437712463913130e+002	  1.0081506636485916e+003	
  1.7280000000000000e+004	 -2.1154814463113317e+002	  9.8822490175884582e+002	
  1.7310000000000000e+004	 -2.0857217692834260e+002	  9.8081118184978573e+002	
  1.7340000000000000e+004	 -2.1093860337988696e+002	  9.8610987573543935e+002	
  1.7370000000000000e+004	 -2.1348431547225542e+002	  9.8953844536762904e+002	
  1.7400000000000000e+004	 -2.1943628344559812e+002	  1.0060579023698203e+003	
  1.7430000000000000e+004	 -2.4062666110335255e+002	  9.8875922654722604e+002	
  1.7460000000000000e+004	 -2.4211465386106755e+002	  9.7146054830736955e+002	
  1.7490000000000000e+004	 -2.3860085834494038e+002	  9.7524532900744487e+002	
  1.7520000000000000e+004	 -2.4216844620433426e+002	  9.7936406323412052e+002	
  1.7550000000000000e+004	 -2.4057288530291720e+002	  9.8815811141521863e+002	
  1.7580000000000000e+004	 -2.3587587141343852e+002	  9.5841418021440825e+002	
  1.7610000000000000e+004	 -2.3687980470162492e+002	  9.6467020341853799e+002	
  1.7640000000000000e+004	 -2.4225807749204742e+002	  9.6495962899235508e+002	
  1.7670000000000000e+004	 -2.3480020342852040e+002	  1.0000690430610042e+003	
  1.7700000000000000e+004	 -2.4016055192531394e+002	  9.5732327608264620e+002	
  1.7730000000000000e+004	 -2.3546353028239528e+002	  9.6656259233233413e+002	
  1.7760000000000000e+004	 -2.3099956106154542e+002	  9.8631024558416505e+002	
  1.7790000000000000e+004	 -2.2237640878028310e+002	  9.9935661302570190e+002	
  1.7820000000000000e+004	 -2.2205368901055107e+002	  1.0067703354029902e+003	
  1.7850000000000000e+004	 -2.2789810174816930e+002	  9.9016182114567857e+002	
  1.7880000000000000e+004	 -2.2612326819394906e+002	  9.9172025998603453e+002	
  1.7910000000000000e+004	 -2.2384648082308405e+002	  9.9203194510611615e+002	
  1.7940000000000000e+004	 -2.2395402089122982e+002	  1.0270300420412125e+003	
  1.7970000000000000e+004	 -2.0534518856101994e+002	  1.0128482492954452e+003	
  1.8000000000000000e+004	 -1.9616630307535988e+002	  9.7426574142436345e+002	
  1.8030000000000000e+004	 -2.0604437957112614e+002	  1.0191487948243291e+003	
  1.8060000000000000e+004	 -2.0652842650516132e+002	  1.0212415515904838e+003	
  1.8090000000000000e+004	 -2.0733516448888835e+002	  1.0127814569286365e+003	
  1.8120000000000000e+004	 -1.9901679299593965e+002	  1.0177461947333875e+003	
  1.8150000000000000e+004	 -2.0875143857914946e+002	  1.0274975774775278e+003	
  1.8180000000000000e+004	 -2.0448469963545665e+002	  1.0184140983821233e+003	
  1.8210000000000000e+004	 -2.0703039644863867e+002	  1.0528110844835551e+003	
  1.8240000000000000e+004	 -2.2689414293499630e+002	  1.0577535669290749e+003	
  1.8270000000000000e+004	 -2.5647465652524886e+002	  1.0259836618985651e+003	
  1.8300000000000000e+004	 -2.3683499495731093e+002	  9.7552362334877648e+002	
  1.8330000000000000e+004	 -2.2571988920061557e+002	  9.9473695191546472e+002	
  1.8360000000000000e+004	 -2.0216305098623835e+002	  1.0163658650270620e+003	
  1.8390000000000000e+004	 -2.2523584868974496e+002	  1.0177016672562311e+003	
  1.8420000000000000e+004	 -2.1810964012187159e+002	  1.0199614057524086e+003	
  1.8450000000000000e+004	 -2.1258794236132843e+002	  1.0180578874910273e+003	
  1.8480000000000000e+004	 -2.2263634995814559e+002	  1.0058909243726845e+003	
  1.8510000000000000e+004	 -2.1497231846976337e+002	  1.0225550954154266e+003	
  1.8540000000000000e+004	 -2.0813295872060490e+002	  9.7118225713690367e+002	
  1.8570000000000000e+004	 -2.1951695276843557e+002	  9.9689650327535855e+002	
  1.8600000000000000e+004	 -2.0944166458310104e+002	  1.0198946175606586e+003	
  1.8630000000000000e+004	 -2.0909207874083683e+002	  1.0308370880785612e+003	
  1.8660000000000000e+004	 -2.1442551185353713e+002	  1.0158315460828769e+003	
  1.8690000000000000e+004	 -2.1247141446319225e+002	  1.0374159303051497e+003	
  1.8720000000000000e+004	 -2.0600853711956947e+002	  1.0396867977397608e+003	
  1.8750000000000000e+004	 -2.0159833581309357e+002	  1.0333751168264821e+003	
  1.8780000000000000e+004	 -2.0736205560339039e+002	  1.0518871512606038e+003	
  1.8810000000000000e+004	 -2.0813296169071828e+002	  1.0356237205884097e+003	
  1.8840000000000000e+004	 -2.0014620899846156e+002	  1.0434159202860687e+003	
  1.8870000000000000e+004	 -2.0724554379245419e+002	  1.0264845934283355e+003	
  1.8900000000000000e+004	 -2.0810605755672341e+002	  9.9090764649907032e+002	
  1.8930000000000000e+004	 -2.0276365408385058e+002	  9.8720078572140756e+002	
  1.8960000000000000e+004	 -1.9854172309558112e+002	  1.0411005261019186e+003	
  1.8990000000000000e+004	 -2.0387515002518967e+002	  1.0380838275650992e+003	
  1.9020000000000000e+004	 -1.8431615977041733e+002	  9.7556815132609552e+002	
  1.9050000000000000e+004	 -1.8162702114463650e+002	  9.7073698430409092e+002	
  1.9080000000000000e+004	 -1.8492569527807356e+002	  1.0112452792247335e+003	
  1.9110000000000000e+004	 -1.9962632460553377e+002	  1.0027072569115347e+003	
  1.9140000000000000e+004	 -2.1335884958522183e+002	  9.8750134430211142e+002	
  1.9170000000000000e+004	 -2.1709672140246130e+002	  9.9576107044059461e+002	
  1.9200000000000000e+004	 -2.0956714978600502e+002	  1.0031413951741008e+003	
  1.9230000000000000e+004	 -2.0125771793858928e+002	  1.0218871975005384e+003	
  1.9260000000000000e+004	 -2.0081848413892322e+002	  1.0240912724849120e+003	
  1.9290000000000000e+004	 -2.1767936149334020e+002	  1.0504845532318973e+003	
  1.9320000000000000e+004	 -2.1337676610175149e+002	  1.0554159030481828e+003	
  1.9350000000000000e+004	 -2.1360983099976153e+002	  1.0412341037328351e+003	
  1.9380000000000000e+004	 -2.1016772032393820e+002	  1.0247814400784739e+003	
  1.9410000000000000e+004	 -2.0421577657032128e+002	  1.0192155878211382e+003	
  1.9440000000000000e+004	 -2.0397376428717175e+002	  1.0109892476835336e+003	
  1.9470000000000000e+004	 -1.9990418056507278e+002	  1.0082063218988529e+003	
  1.9500000000000000e+004	 -2.0002071499902794e+002	  1.0087963010401909e+003	
  1.9530000000000000e+004	 -2.1792139760395744e+002	  1.0060579013184945e+003	
  1.9560000000000000e+004	 -2.2024301469779402e+002	  1.0207517581347001e+003	
  1.9590000000000000e+004	 -2.1516951680552341e+002	  1.0378277972782817e+003	
  1.9620000000000000e+004	 -2.2084357682191722e+002	  1.0363695453309017e+003	
  1.9650000000000000e+004	 -2.2191923307195094e+002	  1.0013937119111445e+003	
  1.9680000000000000e+004	 -2.2325484488650312e+002	  1.0056460289362374e+003	
  1.9710000000000000e+004	 -2.2916198360205607e+002	  9.6770916491490243e+002	
  1.9740000000000000e+004	 -2.3209313960140321e+002	  9.6475925579917987e+002	
  1.9770000000000000e+004	 -2.3242608721151080e+002	  1.0052269994019325e+003	
  1.9800000000000000e+004	 -2.2142623939866144e+002	  1.0315495174774037e+003	
  1.9830000000000000e+004	 -2.2756644591903350e+002	  1.0331636120659382e+003	
  1.9860000000000000e+004	 -2.2967291955907021e+002	  1.0410671289115260e+003	
  1.9890000000000000e+004	 -2.2873172548979647e+002	  1.0476904989767529e+003	
  1.9920000000000000e+004	 -2.2788017265617677e+002	  1.0499168394444482e+003	
  1.9950000000000000e+004	 -2.2129178654421366e+002	  1.0447962537820731e+003	
  1.9980000000000000e+004	 -2.2200889509065746e+002	  1.0403992264441690e+003	
  2.0010000000000000e+004	 -2.2671487897057597e+002	  9.9871097297009112e+002	
  2.0040000000000000e+004	 -2.1438968568454047e+002	  9.9843267821733969e+002	
  2.0070000000000000e+004	 -2.2375683043055224e+002	  1.0409558138732998e+003	
  2.0100000000000000e+004	 -2.1613761793209423e+002	  1.0258166888939118e+003	
  2.0130000000000000e+004	 -2.2178479299856767e+002	  1.0259836645950272e+003	
  2.0160000000000000e+004	 -2.1282100741548857e+002	  1.0218649263178586e+003	
  2.0190000000000000e+004	 -2.1291063951082688e+002	  1.0356125877323234e+003	
  2.0220000000000000e+004	 -2.1349329340295156e+002	  1.0397313219697057e+003	
  2.0250000000000000e+004	 -2.1232800901273691e+002	  1.0304920061521157e+003	
  2.0280000000000000e+004	 -2.1147642409450435e+002	  1.0277090745865266e+003	
  2.0310000000000000e+004	 -2.1107305813175171e+002	  1.0304920051861548e+003	
  2.0340000000000000e+004	 -2.0833910858745125e+002	  1.0643880588300178e+003	
  2.0370000000000000e+004	 -2.1412073319380926e+002	  1.0461320541712837e+003	
  2.0400000000000000e+004	 -2.1367257600221319e+002	  1.0449075684278673e+003	
  2.0430000000000000e+004	 -2.0807019136709414e+002	  1.0728481574781486e+003	
  2.0460000000000000e+004	 -2.0591889263399997e+002	  1.1047405088752196e+003	
  2.0490000000000000e+004	 -2.1093862276484771e+002	  1.0892674306944141e+003	
  2.0520000000000000e+004	 -2.4020536820283027e+002	  1.0439613752001103e+003	
  2.0550000000000000e+004	 -1.7346998788285373e+002	  1.0653899185147334e+003	
  2.0580000000000000e+004	 -1.7732440380541487e+002	  1.0595457676804263e+003	
  2.0610000000000000e+004	 -1.7122903679172833e+002	  1.0651116246624829e+003	
  2.0640000000000000e+004	 -1.6625415467868237e+002	  1.0668370392791917e+003	
  2.0670000000000000e+004	 -1.6553705623654841e+002	  1.0688407460517763e+003	
  2.0700000000000000e+004	 -1.7871380763690280e+002	  1.0503064473957925e+003	
  2.0730000000000000e+004	 -1.7795188161742036e+002	  1.0435161079169545e+003	
  2.0760000000000000e+004	 -1.7364926491560763e+002	  1.0472452287465517e+003	
  2.0790000000000000e+004	 -1.7481454175143750e+002	  1.1009557287721641e+003	
  2.0820000000000000e+004	 -1.8019281176214778e+002	  1.1145920736584510e+003	
  2.0850000000000000e+004	 -1.8122365168726554e+002	  1.1149260243766835e+003	
  2.0880000000000000e+004	 -1.6948111540661912e+002	  1.1105846576064055e+003	
  2.0910000000000000e+004	 -1.5666289402658455e+002	  1.1054084149247556e+003	
  2.0940000000000000e+004	 -1.7378372845706048e+002	  1.1498795925967736e+003	
  2.0970000000000000e+004	 -1.8409208417984414e+002	  1.1250002246518309e+003	
  2.1000000000000000e+004	 -1.8803613753585418e+002	  1.0934418251010131e+003	
  2.1030000000000000e+004	 -1.9507270256130010e+002	  1.0878759676079114e+003	
  2.1060000000000000e+004	 -2.1255208999084448e+002	  1.0572637686488554e+003	
  2.1090000000000000e+004	 -2.1900601578349816e+002	  1.0267072238450796e+003	
  2.1120000000000000e+004	 -2.1519640532275352e+002	  9.9587238892154642e+002	
  2.1150000000000000e+004	 -2.1640651861921705e+002	  1.0195272745576501e+003	
  2.1180000000000000e+004	 -2.1546531161146231e+002	  1.0179688305611799e+003	
  2.1210000000000000e+004	 -2.1421039478371330e+002	  1.0169669773307016e+003	
  2.1240000000000000e+004	 -2.1214872033141700e+002	  1.0200838562495519e+003	
  2.1270000000000000e+004	 -2.1026631710053326e+002	  1.0240356146654303e+003	
  2.1300000000000000e+004	 -2.1147643447338987e+002	  1.0105105841044933e+003	
  2.1330000000000000e+004	 -2.3003147012808830e+002	  1.0175235602376233e+003	
  2.1360000000000000e+004	 -2.4795902684304002e+002	  1.0425699104090040e+003	
  2.1390000000000000e+004	 -2.4226704983839667e+002	  1.0298797635065030e+003	
  2.1420000000000000e+004	 -2.2823871908553420e+002	  1.0152972169053259e+003	
  2.1450000000000000e+004	 -2.1855782905531314e+002	  1.0445179620696351e+003	
  2.1480000000000000e+004	 -2.1743735262709453e+002	  1.0200838571574586e+003	
  2.1510000000000000e+004	 -2.1268653517436661e+002	  1.0350560093984063e+003	
  2.1540000000000000e+004	 -2.0833910957695963e+002	  1.0437387409337066e+003	
  2.1570000000000000e+004	 -2.1017667409380965e+002	  1.0611042072226949e+003	
  2.1600000000000000e+004	 -2.0865285589904101e+002	  1.0846477733266306e+003	
  2.1630000000000000e+004	 -2.0668081089918718e+002	  1.0552044038761651e+003	
  2.1660000000000000e+004	 -2.0815985460374958e+002	  1.0678945514701438e+003	
  2.1690000000000000e+004	 -2.1981274309035271e+002	  1.0970596317805703e+003	
  2.1720000000000000e+004	 -2.1801999492582826e+002	  1.0914937763132555e+003	
  2.1750000000000000e+004	 -2.0515697583383189e+002	  1.0795828467975780e+003	
  2.1780000000000000e+004	 -2.0318493984223852e+002	  1.0513639628581832e+003	
  2.1810000000000000e+004	 -2.0600854104588535e+002	  1.0373380078728624e+003	
  2.1840000000000000e+004	 -2.1506195435833769e+002	  1.0452971752070778e+003	
  2.1870000000000000e+004	 -2.1613760224023221e+002	  1.0635531885481721e+003	
  2.1900000000000000e+004	 -2.0829428460836897e+002	  1.0637758191876242e+003	
  2.1930000000000000e+004	 -2.2747680957573394e+002	  1.0370597104591666e+003	
  2.1960000000000000e+004	 -2.3930899385099104e+002	  1.0331079521889642e+003	
  2.1990000000000000e+004	 -2.2980737468167436e+002	  1.0558723080406476e+003	
  2.2020000000000000e+004	 -2.2165034807488141e+002	  1.0296571254664971e+003	
  2.2050000000000000e+004	 -2.3921934549316452e+002	  1.0179131715077772e+003	
  2.2080000000000000e+004	 -2.2909028259201733e+002	  1.0955011910967019e+003	
  2.2110000000000000e+004	 -2.2550476063828023e+002	  1.0810299664487907e+003	
  2.2140000000000000e+004	 -2.1161089981278127e+002	  1.0819761630151052e+003	
  2.2170000000000000e+004	 -2.2944882747555343e+002	  1.0683398174810004e+003	
  2.2200000000000000e+004	 -2.2106767810632519e+002	  1.0566515259657840e+003	
  2.2230000000000000e+004	 -2.4177403332458272e+002	  1.0465216713161396e+003	
  2.2260000000000000e+004	 -2.3298951285099420e+002	  1.0332192777309185e+003	
  2.2290000000000000e+004	 -2.3227242408197691e+002	  1.0416793707214438e+003	
  2.2320000000000000e+004	 -2.4405979712479629e+002	  1.0516979127218608e+003	
  2.2350000000000000e+004	 -2.1712362816534346e+002	  1.0259280030701630e+003	
  2.2380000000000000e+004	 -2.2371200982639067e+002	  1.0241469286057240e+003	
  2.2410000000000000e+004	 -2.2711823847521001e+002	  1.0222545412151900e+003	
  2.2440000000000000e+004	 -2.4123620671304252e+002	  1.0240912689003490e+003	
  2.2470000000000000e+004	 -2.1707881936150238e+002	  1.0321061028241129e+003	
  2.2500000000000000e+004	 -2.2541513180939191e+002	  1.0206961008988137e+003	
  2.2530000000000000e+004	 -2.2393610395121641e+002	  1.0368370757893117e+003	
  2.2560000000000000e+004	 -2.2057468822143386e+002	  1.0321061028348345e+003	
  2.2590000000000000e+004	 -2.0506735010016604e+002	  1.0545921564871137e+003	
  2.2620000000000000e+004	 -2.1084897310700003e+002	  1.0744622603871453e+003	
  2.2650000000000000e+004	 -2.1483786456408552e+002	  1.0430708382315147e+003	
  2.2680000000000000e+004	 -2.1300027653945989e+002	  1.0471339132453004e+003	
  2.2710000000000000e+004	 -2.1846818867552602e+002	  1.0352786414324469e+003	
  2.2740000000000000e+004	 -2.1528603879969623e+002	  1.0383398619901723e+003	
  2.2770000000000000e+004	 -2.0932511526330745e+002	  1.0382842030528493e+003	
  2.2800000000000000e+004	 -2.0784609555795441e+002	  1.0381172267637523e+003	
  2.2830000000000000e+004	 -1.9619318770138210e+002	  1.0614938159423023e+003	
  2.2860000000000000e+004	 -2.0542589903100915e+002	  1.0592118200159750e+003	
  2.2890000000000000e+004	 -2.1577905425958093e+002	  1.0402322527465897e+003	
  2.2920000000000000e+004	 -2.3814369242354627e+002	  1.0425142518403304e+003	
  2.2950000000000000e+004	 -2.3760587432231506e+002	  1.0282100028254235e+003	
  2.2980000000000000e+004	 -2.1125234853553252e+002	  9.9286682453915307e+002	
  2.3010000000000000e+004	 -2.1501713629990462e+002	  9.8256999093789204e+002	
  2.3040000000000000e+004	 -1.9614834808223361e+002	  9.2969437154127695e+002	
  2.3070000000000000e+004	 -1.8391278498033748e+002	  8.9524172982706045e+002	
  2.3100000000000000e+004	 -1.8718458896707838e+002	  9.3692998318866341e+002	
  2.3130000000000000e+004	 -2.1824410470293196e+002	  9.7160525946765335e+002	
  2.3160000000000000e+004	 -2.2469800776925157e+002	  1.0332749321662491e+003	
  2.3190000000000000e+004	 -2.3648538628918641e+002	  1.0696756215639955e+003	
  2.3220000000000000e+004	 -2.3845743428715295e+002	  1.0432934697478192e+003	
  2.3250000000000000e+004	 -2.5091710025157599e+002	  1.1040169491275503e+003	
  2.3280000000000000e+004	 -2.4777976157223185e+002	  1.0753527992333882e+003	
  2.3310000000000000e+004	 -2.2286044100945136e+002	  1.0183027784254089e+003	
  2.3340000000000000e+004	 -2.1600315162570774e+002	  1.0224771719108012e+003	
  2.3370000000000000e+004	 -2.2752161181669197e+002	  1.0429038622636999e+003	
  2.3400000000000000e+004	 -2.5840184933216551e+002	  1.0950559211485929e+003	
  2.3430000000000000e+004	 -2.2904543836555030e+002	  1.0412897678039874e+003	
  2.3460000000000000e+004	 -2.2218814347671204e+002	  1.0599910368549995e+003	
  2.3490000000000000e+004	 -2.2608741890242763e+002	  1.1000651920783762e+003	
  2.3520000000000000e+004	 -2.2312935623397917e+002	  1.0710114281812253e+003	
  2.3550000000000000e+004	 -2.2658042389683555e+002	  1.0562619121418156e+003	
  2.3580000000000000e+004	 -2.1246245884949522e+002	  1.0123473150740720e+003	
  2.3610000000000000e+004	 -2.0775646862235854e+002	  1.0268185380908349e+003	
  2.3640000000000000e+004	 -2.0450088630847003e+002	  1.0611920540976191e+003	
  2.3670000000000000e+004	 -2.0459808625904279e+002	  1.0794185512808215e+003	
  2.3700000000000000e+004	 -2.0469528620961563e+002	  1.0976450484640234e+003	
  2.3730000000000000e+004	 -2.1031113101687339e+002	  1.0559724923925155e+003	
  2.3760000000000000e+004	 -2.4473207861564038e+002	  1.0730930602477110e+003	
  2.3790000000000000e+004	 -2.4518027323355471e+002	  1.0073714362460096e+003	
  2.3820000000000000e+004	 -2.7370303000904499e+002	  9.9009502837406274e+002	
  2.3850000000000000e+004	 -2.9077006806156766e+002	  9.8029912691981770e+002	
  2.3880000000000000e+004	 -3.1882671219986224e+002	  9.6756445175564966e+002	
  2.3910000000000000e+004	 -3.5145489828074705e+002	  9.6373513814546891e+002	
  2.3940000000000000e+004	 -3.4188158542359531e+002	  9.2637712660930629e+002	
  2.3970000000000000e+004	 -3.5312217310392242e+002	  8.9852558392279229e+002	
  2.4000000000000000e+004	 -3.4856856787142607e+002	  8.6631041676724726e+002	
  2.4030000000000000e+004	 -3.7581846917657703e+002	  8.5297462549017541e+002	
  2.4060000000000000e+004	 -3.9204292172136763e+002	  8.1586150414266092e+002	
  2.4090000000000000e+004	 -3.9801281291174593e+002	  7.7431795613757242e+002	
  2.4120000000000000e+004	 -3.9690128826777806e+002	  7.3339780137012235e+002	
  2.4150000000000000e+004	 -3.9663239090129343e+002	  6.9347948957394567e+002	
  2.4180000000000000e+004	 -3.9996691264452136e+002	  6.5289327165661348e+002	
  2.4210000000000000e+004	 -3.9847892600399899e+002	  6.1362059346799435e+002	
  2.4240000000000000e+004	 -3.9994898088220123e+002	  5.7770970800949817e+002	
  2.4270000000000000e+004	 -3.9941114762198583e+002	  5.5057059380415103e+002	
  2.4300000000000000e+004	 -3.6712360733611928e+002	  5.2140551593294606e+002	
  2.4330000000000000e+004	 -3.3644951901803978e+002	  4.9212911906826309e+002	
  2.4360000000000000e+004	 -3.0620571386777004e+002	  4.6113842799910981e+002	
  2.4390000000000000e+004	 -2.7868690064726820e+002	  4.2847798907184068e+002	
  2.4420000000000000e+004	 -2.5403648845238257e+002	  3.9250031097633996e+002	
  2.4450000000000000e+004	 -2.2823870820042953e+002	  3.5525360747977629e+002	
  2.4480000000000000e+004	 -2.0701247123101567e+002	  3.2123510030511170e+002	
  2.4510000000000000e+004	 -1.8808097924555105e+002	  2.7953571475538422e+002	
  2.4540000000000000e+004	 -1.7594399734912520e+002	  2.3979550142717022e+002	
  2.4570000000000000e+004	 -1.9295727365443847e+002	  2.0132431681210682e+002	
  2.4600000000000000e+004	 -2.2940402489632953e+002	  1.8460447906090744e+002	
  2.4630000000000000e+004	 -2.4616628820361257e+002	  1.3375483500862936e+002	
  2.4660000000000000e+004	 -2.8741762137061477e+002	  1.1215933298006989e+002	
  2.4690000000000000e+004	 -3.1689055794967032e+002	  8.0322666550206378e+001	
  2.4720000000000000e+004	 -3.0611607715371315e+002	  3.7064785071502662e+001	
  2.4750000000000000e+004	 -3.3175250695342851e+002	  5.7620599108972730e+000	
  2.4780000000000000e+004	 -3.5613398728731016e+002	 -2.8545301003637768e+001	
  2.4810000000000000e+004	 -3.9338749461878092e+002	 -4.8827452457786535e+001	
  2.4840000000000000e+004	 -4.3080232011639993e+002	 -6.5903490759701498e+001	
  2.4870000000000000e+004	 -4.6710565649605053e+002	 -8.7276383307094662e+001	
  2.4900000000000000e+004	 -4.9084175885607840e+002	 -1.1690900813320771e+002	
  2.4930000000000000e+004	 -4.7872271964174359e+002	 -1.5141726887490933e+002	
  2.4960000000000000e+004	 -4.6518740477415031e+002	 -1.8007031776130378e+002	
  2.4990000000000000e+004	 -4.7180267391512177e+002	 -1.9215935276198374e+002	
  2.5020000000000000e+004	 -4.6723114253659003e+002	 -1.9498678646779905e+002	
  2.5050000000000000e+004	 -4.8338389964456974e+002	 -2.0520570609472915e+002	
  2.5080000000000000e+004	 -5.1522325518006039e+002	 -2.3002942730647882e+002	
  2.5110000000000000e+004	 -5.4344124577813739e+002	 -2.5189210410647928e+002	
  2.5140000000000000e+004	 -5.4541327714070064e+002	 -2.7005906355268951e+002	
  2.5170000000000000e+004	 -5.6957964641743570e+002	 -2.6952474911919029e+002	
  2.5200000000000000e+004	 -5.6713339945418466e+002	 -2.6861984865207830e+002	
  2.5230000000000000e+004	 -5.6101778204605671e+002	 -2.6635759748429825e+002	
  2.5260000000000000e+004	 -5.5631324458212157e+002	 -2.7854141862835644e+002	
  2.5290000000000000e+004	 -5.5165207030778254e+002	 -2.7509060894627731e+002	
  2.5320000000000000e+004	 -5.4985932705496464e+002	 -2.6362492916942699e+002	
  2.5350000000000000e+004	 -5.4636344433008344e+002	 -2.6596259397344750e+002	
  2.5380000000000000e+004	 -5.5156243397473770e+002	 -2.6484943003911155e+002	
  2.5410000000000000e+004	 -5.5003859828926909e+002	 -2.6896813012098460e+002	
  2.5440000000000000e+004	 -5.5057642268377015e+002	 -2.6640784896853006e+002	
  2.5470000000000000e+004	 -5.5039714610541307e+002	 -2.6562864324607290e+002	
  2.5500000000000000e+004	 -5.5326555517415750e+002	 -2.4269732585815038e+002	
  2.5530000000000000e+004	 -5.4618417405711580e+002	 -2.6395888268054955e+002	
  2.5560000000000000e+004	 -5.4869402736398195e+002	 -2.6395888268054955e+002	
  2.5590000000000000e+004	 -5.6482884682816189e+002	 -2.4581420437887837e+002	
  2.5620000000000000e+004	 -5.5514795513315676e+002	 -2.5616668383114956e+002	
  2.5650000000000000e+004	 -5.4519814448963155e+002	 -2.6184386006754818e+002	
  2.5680000000000000e+004	 -5.2744986384156812e+002	 -2.6317968505468491e+002	
  2.5710000000000000e+004	 -5.4448104913474356e+002	 -2.8087906848213072e+002	
  2.5740000000000000e+004	 -5.3596544168146659e+002	 -2.7163977079455202e+002	
  2.5770000000000000e+004	 -5.5030750232838000e+002	 -2.6128726437282472e+002	
  2.5800000000000000e+004	 -5.4833546957180556e+002	 -2.6729838105758000e+002	
  2.5830000000000000e+004	 -5.5030750232838000e+002	 -2.5750249480450532e+002	
  2.5860000000000000e+004	 -5.5918165781277162e+002	 -2.6540602555879923e+002	
  2.5890000000000000e+004	 -5.4699090647926562e+002	 -2.6974734969595971e+002	
  2.5920000000000000e+004	 -5.5864382342826411e+002	 -2.6562864324607290e+002	
  2.5950000000000000e+004	 -5.5873347150146219e+002	 -2.6306834211776840e+002	
  2.5980000000000000e+004	 -5.5469976639716162e+002	 -2.6329098090586967e+002	
  2.6010000000000000e+004	 -5.5066605548866733e+002	 -2.5416298835912443e+002	
  2.6040000000000000e+004	 -5.4277792201366117e+002	 -2.6507202107842028e+002	
  2.6070000000000000e+004	 -5.4788729680128210e+002	 -2.5794775110902248e+002	
  2.6100000000000000e+004	 -5.5774745708276305e+002	 -2.4893106295241927e+002	
  2.6130000000000000e+004	 -5.5909201698155175e+002	 -2.6518337426359722e+002	
  2.6160000000000000e+004	 -5.6944373791412431e+002	 -2.5922252572569499e+002	
  2.6190000000000000e+004	 -5.5930715109284313e+002	 -2.6311287018169082e+002	
  2.6220000000000000e+004	 -5.4764526500474983e+002	 -2.5734663960007549e+002	
  2.6250000000000000e+004	 -5.4193533258707600e+002	 -2.5298303514009135e+002	
  2.6280000000000000e+004	 -6.1408484110287679e+002	 -2.9323529466437367e+002	
  2.6310000000000000e+004	 -6.1507085347375437e+002	 -2.9746532504424380e+002	
  2.6340000000000000e+004	 -5.5595468964169447e+002	 -2.6440414825361859e+002	
  2.6370000000000000e+004	 -5.5335519535137621e+002	 -2.7163975880417257e+002	
  2.6400000000000000e+004	 -5.5958501802586375e+002	 -2.5399600729463054e+002	
  2.6430000000000000e+004	 -5.5617878739660546e+002	 -2.5371771381853583e+002	
  2.6460000000000000e+004	 -5.3264884612242417e+002	 -2.5989581740178943e+002	
  2.6490000000000000e+004	 -5.4295720381912292e+002	 -2.5132439958282072e+002	
  2.6520000000000000e+004	 -5.5097979481176628e+002	 -2.5945054421246289e+002	
  2.6550000000000000e+004	 -5.4165745310819761e+002	 -2.6073068974838679e+002	
  2.6580000000000000e+004	 -5.2924261528487386e+002	 -2.9991429906076320e+002	
  2.6610000000000000e+004	 -5.5044196960986142e+002	 -2.6128729076039946e+002	
  2.6640000000000000e+004	 -5.3013898766608827e+002	 -2.5032253664224535e+002	
  2.6670000000000000e+004	 -5.4089553774306273e+002	 -2.5894961275155345e+002	
  2.6700000000000000e+004	 -5.4793210150291588e+002	 -2.4208507817704154e+002	
  2.6730000000000000e+004	 -5.5106943132814104e+002	 -2.5638931012996147e+002	
  2.6760000000000000e+004	 -5.5474458322684291e+002	 -2.4631511364713774e+002	
  2.6790000000000000e+004	 -5.4470514629086313e+002	 -2.6034108992959511e+002	
  2.6820000000000000e+004	 -5.4770800910097887e+002	 -2.5388469652366493e+002	
  2.6850000000000000e+004	 -5.4627380783234457e+002	 -2.5922791914132222e+002	
  2.6880000000000000e+004	 -5.5604433276549639e+002	 -2.5766948990478579e+002	
  2.6910000000000000e+004	 -5.5062124260351629e+002	 -2.6373625824242129e+002	
  2.6940000000000000e+004	 -5.4537743167719179e+002	 -2.6234479298845457e+002	
  2.6970000000000000e+004	 -5.4587043546925361e+002	 -2.5906092605763268e+002	
  2.7000000000000000e+004	 -5.5183135552008048e+002	 -2.6952474911919029e+002	
  2.7030000000000000e+004	 -5.4618417400598742e+002	 -2.6228913336373768e+002	
  2.7060000000000000e+004	 -5.5263809028602316e+002	 -2.6490507970821398e+002	
  2.7090000000000000e+004	 -5.4654272011936007e+002	 -2.6562863667372437e+002	
  2.7120000000000000e+004	 -5.4743910361612245e+002	 -2.7202937046677368e+002	
  2.7150000000000000e+004	 -5.4528779386950680e+002	 -2.8471952246124539e+002	
  2.7180000000000000e+004	 -5.2915297697185304e+002	 -3.2729830014214673e+002	
  2.7210000000000000e+004	 -5.3026965363840714e+002	 -3.0921399091053729e+002	
  2.7240000000000000e+004	 -5.3250300697151522e+002	 -2.7304537244731841e+002	
  2.7270000000000000e+004	 -5.3359901148091205e+002	 -2.6963606690367442e+002	
  2.7300000000000000e+004	 -5.7603357092304941e+002	 -2.6262308300477434e+002	
  2.7330000000000000e+004	 -5.5468183235481536e+002	 -2.6102010510762278e+002	
  2.7360000000000000e+004	 -5.4580768614977603e+002	 -2.5369544050069908e+002	
  2.7390000000000000e+004	 -5.4765422977518608e+002	 -2.5289394739929858e+002	
  2.7420000000000000e+004	 -5.4512644633604361e+002	 -2.5382904054981071e+002	
  2.7450000000000000e+004	 -5.4198912113525546e+002	 -2.5282718300908650e+002	
  2.7480000000000000e+004	 -5.4114652248741766e+002	 -2.4888656188130872e+002	
  2.7510000000000000e+004	 -5.4410457134371609e+002	 -2.3739862281012651e+002	
  2.7540000000000000e+004	 -5.2994178226045426e+002	 -2.3579565895213591e+002	
  2.7570000000000000e+004	 -5.2802353597719286e+002	 -2.3697563658900481e+002	
  2.7600000000000000e+004	 -5.4724188842322110e+002	 -2.5630027121662556e+002	
  2.7630000000000000e+004	 -5.4245524081527651e+002	 -2.5828171368779493e+002	
  2.7660000000000000e+004	 -5.5265601648424695e+002	 -2.6533919401293809e+002	
  2.7690000000000000e+004	 -5.5322970170134158e+002	 -2.6395889095671373e+002	
  2.7720000000000000e+004	 -5.4679371037348142e+002	 -2.6667501365924238e+002	
  2.7750000000000000e+004	 -5.6316157691696060e+002	 -2.7500153039169385e+002	
  2.7780000000000000e+004	 -5.5810600371261830e+002	 -2.8689020899482961e+002	
  2.7810000000000000e+004	 -5.8658394285083671e+002	 -3.1675659017900421e+002	
  2.7840000000000000e+004	 -5.8879800638072663e+002	 -3.0102748808199937e+002	
  2.7870000000000000e+004	 -5.7410635420488063e+002	 -2.9094215865962218e+002	
  2.7900000000000000e+004	 -5.9206082133372706e+002	 -2.8561006716619352e+002	
  2.7930000000000000e+004	 -5.9460653082045826e+002	 -2.7777332148820034e+002	
  2.7960000000000000e+004	 -5.9347709942112147e+002	 -2.7775105513527438e+002	
  2.7990000000000000e+004	 -6.5643871782227507e+002	 -2.8399594771596367e+002	
  2.8020000000000000e+004	 -6.3175110234969645e+002	 -2.8452733422293278e+002	
  2.8050000000000000e+004	 -5.6442124196993689e+002	 -2.8597657015103044e+002	
  2.8080000000000000e+004	 -6.1360975667228070e+002	 -3.1373988905688208e+002	
  2.8110000000000000e+004	 -5.6210384922814103e+002	 -2.8902750111274224e+002	
  2.8140000000000000e+004	 -5.7908126209271438e+002	 -2.9007387968559459e+002	
  2.8170000000000000e+004	 -5.9301098086389220e+002	 -2.9100892191305843e+002	
  2.8200000000000000e+004	 -5.6549216488561001e+002	 -2.8348391279189190e+002	
  2.8230000000000000e+004	 -5.7180266068914125e+002	 -3.0561374426504261e+002	
  2.8260000000000000e+004	 -5.7899162091967844e+002	 -2.9209984907314089e+002	
  2.8290000000000000e+004	 -5.7646382878713973e+002	 -2.9579557126234198e+002	
  2.8320000000000000e+004	 -5.7902747615193073e+002	 -3.0487905851785808e+002	
  2.8350000000000000e+004	 -5.8325838266409892e+002	 -3.0472321480048390e+002	
  2.8380000000000000e+004	 -5.8553518444415511e+002	 -3.1028906151570408e+002	
  2.8410000000000000e+004	 -5.9993102806258617e+002	 -3.1672319133074245e+002	
  2.8440000000000000e+004	 -5.9243729259198642e+002	 -3.0138369267564298e+002	
  2.8470000000000000e+004	 -5.6547423154680769e+002	 -2.9840039627890866e+002	
  2.8500000000000000e+004	 -5.7791597231404558e+002	 -2.9345792718990998e+002	
  2.8530000000000000e+004	 -5.7791597231404558e+002	 -2.9345792718990998e+002	
  2.8560000000000000e+004	 -5.7791597231404558e+002	 -2.9345792718990998e+002	
  2.8590000000000000e+004	 -5.7791597231404558e+002	 -2.9345792718990998e+002	
  2.8620000000000000e+004	 -5.7791597231404558e+002	 -2.9345792718990998e+002	
  2.8650000000000000e+004	 -5.7791597231404558e+002	 -2.9345792718990998e+002	
  2.8680000000000000e+004	 -5.7791597231404558e+002	 -2.9345792718990998e+002	
  2.8710000000000000e+004	 -5.7791597231404558e+002	 -2.9345792718990998e+002	
  2.8740000000000000e+004	 -5.7791597231404558e+002	 -2.9345792718990998e+002	
  2.8770000000000000e+004	 -5.7791597231404558e+002	 -2.9345792718990998e+002	
  2.8800000000000000e+004	 -5.7791597231404558e+002	 -2.9345792718990998e+002	
  2.8830000000000000e+004	 -5.7791597231404558e+002	 -2.9345792718990998e+002	
  2.8860000000000000e+004	 -5.7791597231404558e+002	 -2.9345792718990998e+002	
  2.8890000000000000e+004	 -5.7791597231404558e+002	 -2.9345792718990998e+002	
  2.8920000000000000e+004	 -5.7791597231404558e+002	 -2.9345792718990998e+002	
  2.8950000000000000e+004	 -5.7791597231404558e+002	 -2.9345792718990998e+002	
  2.8980000000000000e+004	 -5.5534967000808160e+002	 -2.7696615887659107e+002	
  2.9010000000000000e+004	 -5.4351295760356402e+002	 -2.8185868500583905e+002	
  2.9040000000000000e+004	 -5.7415117318102227e+002	 -3.0078258153609801e+002	
  2.9070000000000000e+004	 -5.9191739812669732e+002	 -3.1153581486892210e+002	
  2.9100000000000000e+004	 -5.8487186136813079e+002	 -3.0608128283337930e+002	
  2.9130000000000000e+004	 -5.8422646543734652e+002	 -3.0245232947737276e+002	
  2.9160000000000000e+004	 -5.7710922951395969e+002	 -3.0073804177819693e+002	
  2.9190000000000000e+004	 -5.7712715878948006e+002	 -3.0196254579606659e+002	
  2.9220000000000000e+004	 -5.8008520294540392e+002	 -3.0209613952607754e+002	
  2.9250000000000000e+004	 -5.9781557288701754e+002	 -3.1396252707114434e+002	
  2.9280000000000000e+004	 -5.9304683817365856e+002	 -3.1229276752533337e+002	
  2.9310000000000000e+004	 -5.9241936672194856e+002	 -3.1293840791596415e+002	
  2.9340000000000000e+004	 -6.0900236943922278e+002	 -3.2340221226124038e+002	
  2.9370000000000000e+004	 -6.1136880841565960e+002	 -3.2678626576402917e+002	
  2.9400000000000000e+004	 -5.9103895084287865e+002	 -3.1347273336637522e+002	
  2.9430000000000000e+004	 -5.9485751761622282e+002	 -3.1440779812819585e+002	
  2.9460000000000000e+004	 -5.9786934737003151e+002	 -3.1716847398521503e+002	
  2.9490000000000000e+004	 -5.8786577240265854e+002	 -3.0957661577585708e+002	
  2.9520000000000000e+004	 -6.0755024346909101e+002	 -3.2246716229629345e+002	
  2.9550000000000000e+004	 -6.0570369608165265e+002	 -3.2805527564576789e+002	
  2.9580000000000000e+004	 -5.8653912561845152e+002	 -3.0886420536196925e+002	
  2.9610000000000000e+004	 -5.7757534193468859e+002	 -2.9764343855619734e+002	
  2.9640000000000000e+004	 -5.8386792736580117e+002	 -3.0846344809948380e+002	
  2.9670000000000000e+004	 -5.8062302782185191e+002	 -2.9771023469529501e+002	
  2.9700000000000000e+004	 -5.8196760086152153e+002	 -3.0648201187994539e+002	
  2.9730000000000000e+004	 -5.8700524237452066e+002	 -2.9234474992846162e+002	
  2.9760000000000000e+004	 -5.9822790284782036e+002	 -3.0581411767821254e+002	
  2.9790000000000000e+004	 -5.9955454433744057e+002	 -3.0365457249241234e+002	
  2.9820000000000000e+004	 -5.9023220749714415e+002	 -2.9929094534327112e+002	
  2.9850000000000000e+004	 -5.9474995957812462e+002	 -2.9588461796056094e+002	
  2.9880000000000000e+004	 -5.8661084147420945e+002	 -2.8740226717144753e+002	
  2.9910000000000000e+004	 -5.9121821895931873e+002	 -2.9706457953031338e+002	
  2.9940000000000000e+004	 -5.9829961251745408e+002	 -2.9100895959641230e+002	
  2.9970000000000000e+004	 -6.2217913236466552e+002	 -3.0078257684772262e+002	
  3.0000000000000000e+004	 -6.2542402922574024e+002	 -3.1545416122769393e+002	
  3.0030000000000000e+004	 -5.9799484474146436e+002	 -2.8876033555559331e+002	
  3.0060000000000000e+004	 -5.8177039837267569e+002	 -2.7382158971844035e+002	
  3.0090000000000000e+004	 -5.8899519936975196e+002	 -2.8515366785687553e+002	
  3.0120000000000000e+004	 -5.9197630554318619e+002	 -2.8682659767997018e+002	
  3.0150000000000000e+004	 -6.1480193843064740e+002	 -3.1616661578930734e+002	
  3.0180000000000000e+004	 -6.0368684427994481e+002	 -3.0492357243470218e+002	
  3.0210000000000000e+004	 -6.0942366741364185e+002	 -3.1883820430209869e+002	
  3.0240000000000000e+004	 -6.0718272358236902e+002	 -3.0230761618802842e+002	
  3.0270000000000000e+004	 -6.1179907201723074e+002	 -3.0692729382396817e+002	
  3.0300000000000000e+004	 -5.9889121697898031e+002	 -2.9006274821264685e+002	
  3.0330000000000000e+004	 -5.8732793962816072e+002	 -2.6178820221808098e+002	
  3.0360000000000000e+004	 -6.0225264610929446e+002	 -2.9039669917190787e+002	
  3.0390000000000000e+004	 -6.0480732280578741e+002	 -2.9874546648686356e+002	
  3.0420000000000000e+004	 -5.8759686028272006e+002	 -2.7753957328926128e+002	
  3.0450000000000000e+004	 -5.8813467813349109e+002	 -2.7475665759823244e+002	
  3.0480000000000000e+004	 -5.8889660692163488e+002	 -2.8254885289343855e+002	
  3.0510000000000000e+004	 -6.1713252609297376e+002	 -3.5512759339910895e+002	
  3.0540000000000000e+004	 -6.4151402428449364e+002	 -3.5345783768069361e+002	
  3.0570000000000000e+004	 -6.3931789687072614e+002	 -3.5379178665527525e+002	
  3.0600000000000000e+004	 -5.9660545879876167e+002	 -2.8043380866776101e+002	
  3.0630000000000000e+004	 -6.1193352225897650e+002	 -2.8355068474376026e+002	
  3.0660000000000000e+004	 -5.9152146795526266e+002	 -2.5207945621821668e+002	
  3.0690000000000000e+004	 -5.9570738536328213e+002	 -2.5894751256680621e+002	
  3.0720000000000000e+004	 -5.9989330277130148e+002	 -2.6581556891539577e+002	
  3.0750000000000000e+004	 -6.0407922017932083e+002	 -2.7268362526398533e+002	
  3.0780000000000000e+004	 -6.0166999313947531e+002	 -2.7598113946457948e+002	
  3.0810000000000000e+004	 -6.0113339255621463e+002	 -2.9403127911313419e+002	
  3.0840000000000000e+004	 -6.0028612847738191e+002	 -3.2253149961085199e+002	
  3.0870000000000000e+004	 -6.0079154425085630e+002	 -3.3972130504464013e+002	
  3.0900000000000000e+004	 -6.3019275342762194e+002	 -3.3551351995634298e+002	
  3.0930000000000000e+004	 -6.3355187950194374e+002	 -3.2379312280317248e+002	
  3.0960000000000000e+004	 -6.2757949694499302e+002	 -3.2018178825589234e+002	
  3.0990000000000000e+004	 -6.2160711438804208e+002	 -3.1657045370861215e+002	
  3.1020000000000000e+004	 -6.1563473183109136e+002	 -3.1295911916133207e+002	
  3.1050000000000000e+004	 -6.0966234927414041e+002	 -3.0934778461405187e+002	
  3.1080000000000000e+004	 -6.0368996671718958e+002	 -3.0573645006677174e+002	
  3.1110000000000000e+004	 -5.8451331471070819e+002	 -2.8931692905843101e+002	
  3.1140000000000000e+004	 -5.9777970682695695e+002	 -3.1512023085998533e+002	
  3.1170000000000000e+004	 -5.9876572179188622e+002	 -2.9866754375761639e+002	
  3.1200000000000000e+004	 -5.9564633344856588e+002	 -2.7141712282263160e+002	
  3.1230000000000000e+004	 -5.9388943759497738e+002	 -2.6469356927526599e+002	
  3.1260000000000000e+004	 -5.9603385111509533e+002	 -2.6645238881751033e+002	
  3.1290000000000000e+004	 -5.8670461877217576e+002	 -2.8014439270270771e+002	
  3.1320000000000000e+004	 -5.7737538642925608e+002	 -2.9383639658790503e+002	
  3.1350000000000000e+004	 -5.6804615408633651e+002	 -3.0752840047310235e+002	
  3.1380000000000000e+004	 -5.5871692174341695e+002	 -3.2122040435829967e+002	
  3.1410000000000000e+004	 -5.7436631376692844e+002	 -3.0999964295538467e+002	
  3.1440000000000000e+004	 -5.6257360647561700e+002	 -2.8722416684283075e+002	
  3.1470000000000000e+004	 -5.6448328125810906e+002	 -2.9223343424704052e+002	
  3.1500000000000000e+004	 -5.6639295604060112e+002	 -2.9724270165125029e+002	
  3.1530000000000000e+004	 -5.6830263082309318e+002	 -3.0225196905545999e+002	
  3.1560000000000000e+004	 -5.7021230560558536e+002	 -3.0726123645966976e+002	
  3.1590000000000000e+004	 -5.8616264845225453e+002	 -2.9276775106327602e+002	
  3.1620000000000000e+004	 -5.8722037615705301e+002	 -3.0527979682019605e+002	
  3.1650000000000000e+004	 -5.8772234377596271e+002	 -2.7762863535971007e+002	
  3.1680000000000000e+004	 -5.9163056096451089e+002	 -2.7702751033679289e+002	
  3.1710000000000000e+004	 -6.1889839211502715e+002	 -2.3025206475889445e+002	
  3.1740000000000000e+004	 -6.2407945339807134e+002	 -2.1509069192114816e+002	
  3.1770000000000000e+004	 -6.2103628150110660e+002	 -2.2331534394462832e+002	
  3.1800000000000000e+004	 -6.1752492931230131e+002	 -2.3280532704864393e+002	
  3.1830000000000000e+004	 -6.1401357712349591e+002	 -2.4229531015265951e+002	
  3.1860000000000000e+004	 -6.1050222493469039e+002	 -2.5178529325667509e+002	
  3.1890000000000000e+004	 -6.0699087274588499e+002	 -2.6127527636069067e+002	
  3.1920000000000000e+004	 -6.0347952055707958e+002	 -2.7076525946470628e+002	
  3.1950000000000000e+004	 -5.9996816836827406e+002	 -2.8025524256872188e+002	
  3.1980000000000000e+004	 -5.9645681617946866e+002	 -2.8974522567273743e+002	
  3.2010000000000000e+004	 -5.9294546399066337e+002	 -2.9923520877675310e+002	
  3.2040000000000000e+004	 -5.9198910705171545e+002	 -3.0100520306247734e+002	
  3.2070000000000000e+004	 -5.9969796676801604e+002	 -3.0196254697720070e+002	
  3.2100000000000000e+004	 -5.9324403379606031e+002	 -2.9900150977959419e+002	
  3.2130000000000000e+004	 -5.9519813847993396e+002	 -2.9962487508362443e+002	
  3.2160000000000000e+004	 -5.9935734227612818e+002	 -3.0570280797189508e+002	
  3.2190000000000000e+004	 -6.0547063862117977e+002	 -3.0708314416342876e+002	
  3.2220000000000000e+004	 -6.0217196312692045e+002	 -3.0334286640973721e+002	
  3.2250000000000000e+004	 -6.1409379994825395e+002	 -3.0425568406716309e+002	
  3.2280000000000000e+004	 -6.1251617755293637e+002	 -3.1202561332560379e+002	
  3.2310000000000000e+004	 -5.8781198483635148e+002	 -3.0812951195647713e+002	
  3.2340000000000000e+004	 -6.1531287653572940e+002	 -3.1066753316088142e+002	
  3.2370000000000000e+004	 -6.0274564413948394e+002	 -3.0104973619510872e+002	
  3.2400000000000000e+004	 -6.1640645506158796e+002	 -2.9808870276871448e+002	
  3.2430000000000000e+004	 -6.1425514924337699e+002	 -2.9466013291697578e+002	
  3.2460000000000000e+004	 -5.7789803642064896e+002	 -2.9303490468565394e+002	
  3.2490000000000000e+004	 -5.8540968662422586e+002	 -2.9690875387196991e+002	
  3.2520000000000000e+004	 -5.8058717580646544e+002	 -2.9566198803504165e+002	
  3.2550000000000000e+004	 -5.8413939749745225e+002	 -2.9907146771370515e+002	
  3.2580000000000000e+004	 -5.9405077330472841e+002	 -3.1137996294992274e+002	
  3.2610000000000000e+004	 -6.1592242394555626e+002	 -3.0202933377867572e+002	
  3.2640000000000000e+004	 -5.3650328222131861e+002	 -2.6930209870653528e+002	
  3.2670000000000000e+004	 -5.4125408642399270e+002	 -2.7720562148819965e+002	
  3.2700000000000000e+004	 -5.8607301091500722e+002	 -3.0481227165743843e+002	
  3.2730000000000000e+004	 -5.8670048071944905e+002	 -3.0113880718987639e+002	
  3.2760000000000000e+004	 -5.7952944885404804e+002	 -3.1093470456704301e+002	
  3.2790000000000000e+004	 -5.7450972599273564e+002	 -2.9913510314970961e+002	
  3.2820000000000000e+004	 -5.6760760736570546e+002	 -3.1171392762837007e+002	
  3.2850000000000000e+004	 -5.6751797641857877e+002	 -3.2473802623900838e+002	
  3.2880000000000000e+004	 -5.9055489872186718e+002	 -3.0169538185668608e+002	
  3.2910000000000000e+004	 -5.8347350755015384e+002	 -3.1126865365644318e+002	
  3.2940000000000000e+004	 -5.9163056348441705e+002	 -3.0781782040585978e+002	
  3.2970000000000000e+004	 -5.9163056348441705e+002	 -3.0781782040585978e+002	
  3.3000000000000000e+004	 -5.9163056348441705e+002	 -3.0781782040585978e+002	
  3.3030000000000000e+004	 -5.9163056348441705e+002	 -3.0781782040585978e+002	
  3.3060000000000000e+004	 -5.9163056348441705e+002	 -3.0781782040585978e+002	
  3.3090000000000000e+004	 -5.9163056348441705e+002	 -3.0781782040585978e+002	
  3.3120000000000000e+004	 -5.9163056348441705e+002	 -3.0781782040585978e+002	
  3.3150000000000000e+004	 -5.9163056348441705e+002	 -3.0781782040585978e+002	
  3.3180000000000000e+004	 -5.9163056348441705e+002	 -3.0781782040585978e+002	
  3.3210000000000000e+004	 -5.9163056348441705e+002	 -3.0781782040585978e+002	
  3.3240000000000000e+004	 -5.9163056348441705e+002	 -3.0781782040585978e+002	
  3.3270000000000000e+004	 -5.9163056348441705e+002	 -3.0781782040585978e+002	
  3.3300000000000000e+004	 -6.1033318689938096e+002	 -3.0462100573821095e+002	
  3.3330000000000000e+004	 -6.1421929124824305e+002	 -2.9868981118981014e+002	
  3.3360000000000000e+004	 -6.4487543239428851e+002	 -2.9935772703937329e+002	
  3.3390000000000000e+004	 -6.5321175544285734e+002	 -2.9713138434163312e+002	
  3.3420000000000000e+004	 -6.6038278359822630e+002	 -2.8978445551440905e+002	
  3.3450000000000000e+004	 -6.3878006330491871e+002	 -2.9434844660647013e+002	
  3.3480000000000000e+004	 -6.3537382254202282e+002	 -2.9713138434163312e+002	
  3.3510000000000000e+004	 -6.3349142629976359e+002	 -2.9546161226558172e+002	
  3.3540000000000000e+004	 -6.2282452367106237e+002	 -2.8733547478563594e+002	
  3.3570000000000000e+004	 -6.2282452367106237e+002	 -2.8733547478563594e+002	
  3.3600000000000000e+004	 -6.2282452367106237e+002	 -2.8733547478563594e+002	
  3.3630000000000000e+004	 -6.2282452367106237e+002	 -2.8733547478563594e+002	
  3.3660000000000000e+004	 -6.2282452367106237e+002	 -2.8733547478563594e+002	
  3.3690000000000000e+004	 -6.2282452367106237e+002	 -2.8733547478563594e+002	
  3.3720000000000000e+004	 -6.2282452367106237e+002	 -2.8733547478563594e+002	
  3.3750000000000000e+004	 -6.2282452367106237e+002	 -2.8733547478563594e+002	
  3.3780000000000000e+004	 -6.2282452367106237e+002	 -2.8733547478563594e+002	
  3.3810000000000000e+004	 -6.2282452367106237e+002	 -2.8733547478563594e+002	
  3.3840000000000000e+004	 -6.2282452367106237e+002	 -2.8733547478563594e+002	
  3.3870000000000000e+004	 -6.2282452367106237e+002	 -2.8733547478563594e+002	
  3.3900000000000000e+004	 -6.1488077195460301e+002	 -2.8731831834242900e+002	
  3.3930000000000000e+004	 -5.7468086571031222e+002	 -2.8723149697224750e+002	
  3.3960000000000000e+004	 -5.3448095946602155e+002	 -2.8714467560206594e+002	
  3.3990000000000000e+004	 -5.7141722425120565e+002	 -2.8663418385238072e+002	
  3.4020000000000000e+004	 -5.8497046581410245e+002	 -2.8664529590614023e+002	
  3.4050000000000000e+004	 -6.1239964328324618e+002	 -2.9169910855571050e+002	
  3.4080000000000000e+004	 -6.1682439317860542e+002	 -2.9141247205531590e+002	
  3.4110000000000000e+004	 -5.9505472600297230e+002	 -2.9053028644601011e+002	
  3.4140000000000000e+004	 -5.6868326807865867e+002	 -2.8299411621206445e+002	
  3.4170000000000000e+004	 -5.6868326807865867e+002	 -2.8299411621206445e+002	
  3.4200000000000000e+004	 -5.6868326807865867e+002	 -2.8299411621206445e+002	
  3.4230000000000000e+004	 -5.6868326807865867e+002	 -2.8299411621206445e+002	
  3.4260000000000000e+004	 -5.6868326807865867e+002	 -2.8299411621206445e+002	
  3.4290000000000000e+004	 -5.6868326807865867e+002	 -2.8299411621206445e+002	
  3.4320000000000000e+004	 -5.6868326807865867e+002	 -2.8299411621206445e+002	
  3.4350000000000000e+004	 -5.6868326807865867e+002	 -2.8299411621206445e+002	
  3.4380000000000000e+004	 -5.6868326807865867e+002	 -2.8299411621206445e+002	
  3.4410000000000000e+004	 -5.6868326807865867e+002	 -2.8299411621206445e+002	
  3.4440000000000000e+004	 -5.6868326807865867e+002	 -2.8299411621206445e+002	
  3.4470000000000000e+004	 -5.6868326807865867e+002	 -2.8299411621206445e+002	
  3.4500000000000000e+004	 -5.6868326807865867e+002	 -2.8299411621206445e+002	
  3.4530000000000000e+004	 -5.6868326807865867e+002	 -2.8299411621206445e+002	
  3.4560000000000000e+004	 -5.6868326807865867e+002	 -2.8299411621206445e+002	
  3.4590000000000000e+004	 -5.6868326807865867e+002	 -2.8299411621206445e+002	
  3.4620000000000000e+004	 -5.6868326807865867e+002	 -2.8299411621206445e+002	
  3.4650000000000000e+004	 -5.6868326807865867e+002	 -2.8299411621206445e+002	
  3.4680000000000000e+004	 -5.5928913918900844e+002	 -2.8932011427394673e+002	
  3.4710000000000000e+004	 -6.0710205205181830e+002	 -2.9046350787673362e+002	
  3.4740000000000000e+004	 -5.8717556099468777e+002	 -2.7981043722955371e+002	
  3.4770000000000000e+004	 -6.2448283315895242e+002	 -2.8514252513797021e+002	
  3.4800000000000000e+004	 -6.2901850543624550e+002	 -2.9081969141371275e+002	
  3.4830000000000000e+004	 -6.3467465065869021e+002	 -2.9529464641671700e+002	
  3.4860000000000000e+004	 -6.4482165416924670e+002	 -2.8902748560828638e+002	
  3.4890000000000000e+004	 -6.1811853946638826e+002	 -2.9081969828517992e+002	
  3.4920000000000000e+004	 -6.1455095118695101e+002	 -2.9174363416304158e+002	
  3.4950000000000000e+004	 -6.0310419565754478e+002	 -2.8606647312166587e+002	
  3.4980000000000000e+004	 -6.0078621750708282e+002	 -2.8549818123905851e+002	
  3.5010000000000000e+004	 -6.0007191731710395e+002	 -2.8621130417850549e+002	
  3.5040000000000000e+004	 -5.9935761712712508e+002	 -2.8692442711795235e+002	
  3.5070000000000000e+004	 -5.9864331693714621e+002	 -2.8763755005739932e+002	
  3.5100000000000000e+004	 -5.9792901674716734e+002	 -2.8835067299684619e+002	
  3.5130000000000000e+004	 -5.9721471655718835e+002	 -2.8906379593629316e+002	
  3.5160000000000000e+004	 -5.9650041636720948e+002	 -2.8977691887574002e+002	
  3.5190000000000000e+004	 -6.0530032721466137e+002	 -3.2028534025841492e+002	
  3.5220000000000000e+004	 -6.0794464090803126e+002	 -3.0971020611238214e+002	
